14 DENEB_PART_FILE
1
-1
1
1.000000 0.000000 0.000000
0.000000 1.000000 0.000000
0.000000 0.000000 1.000000
-0.097097 0.000000 120.903984
0
0
0
24
-2
*
31
-122.237495 0.000000 66.674995
-105.860771 -61.118748 66.674995
-105.860771 -61.118748 120.903992
-122.237495 0.000000 120.903992
-61.118748 -105.860779 66.674995
-61.118748 -105.860779 120.903992
-11.944030 -119.037102 66.674995
-11.944030 -119.037102 120.903992
11.944030 -119.037102 66.674995
61.118755 -105.860771 66.674995
61.118755 -105.860771 120.903992
11.944030 -119.037102 120.903992
105.860771 -61.118755 66.674995
105.860771 -61.118755 120.903992
119.125999 -11.612272 66.674995
119.125999 -11.612272 120.903992
119.125999 11.612272 66.674995
105.860779 61.118748 66.674995
105.860779 61.118748 120.903992
119.125999 11.612279 120.903992
61.118736 105.860786 66.674995
61.118736 105.860786 120.903992
11.944036 119.037102 66.674995
11.944036 119.037102 120.903992
-11.944030 119.037102 66.674995
-61.118744 105.860779 66.674995
-61.118744 105.860779 120.903992
-11.944030 119.037102 120.903992
-105.860764 61.118767 66.674995
-105.860764 61.118767 120.903992
-47.339256 -109.552986 66.674995
0
47
0 1
1 2
2 3
3 0
1 4
4 5
5 2
4 6
6 7
7 5
8 9
9 10
10 11
11 8
9 12
12 13
13 10
12 14
14 15
15 13
16 17
17 18
18 19
19 16
17 20
20 21
21 18
20 22
22 23
23 21
24 25
25 26
26 27
27 24
25 28
28 29
29 26
28 0
3 29
7 11
15 19
23 27
22 24
16 14
8 6
6 30
30 4
15
4 1 2 3 4
4 5 6 7 -2
4 8 9 10 -6
4 11 12 13 14
4 15 16 17 -12
4 18 19 20 -16
4 21 22 23 24
4 25 26 27 -22
4 28 29 30 -26
4 31 32 33 34
4 35 36 37 -32
4 38 -4 39 -36
4 -34 -42 -29 43
15 -7 -10 40 -13 -17 -20 41 -23 -27 -30 42 -33 -37 -39 -3
16 44 -18 -15 -11 45 46 47 -5 -1 -38 -35 -31 -43 -28 -25 -21
0
0
0
-2
*
4
-11.944030 -119.037102 66.674995
-11.944030 -119.037102 120.903992
11.944030 -119.037102 120.903992
11.944030 -119.037102 66.674995
0
4
3 2
2 1
1 0
0 3
1
4 1 2 3 4
0
0
0
-2
*
20
-47.339256 159.336990 62.229996
-47.339252 109.552979 66.674995
-61.118755 105.860771 66.674995
-86.010757 148.974991 62.229996
-105.860771 61.118755 66.674995
-148.974991 86.010757 62.229996
-122.237495 0.000000 66.674995
-172.021500 0.000000 62.229996
-105.860779 -61.118748 66.674995
-148.974991 -86.010750 62.229996
-61.118736 -105.860786 66.674995
-86.010727 -148.975006 62.229996
-47.339256 -159.336990 62.229996
-47.339256 -109.552986 66.674995
-47.339256 -109.552979 11.112500
-47.339256 -159.336990 15.557508
-47.339256 -159.336990 26.670000
-47.339252 -145.557480 33.337498
-47.339256 -145.557465 44.450001
-47.339256 -159.336990 51.117500
0
28
10 11
11 12
12 13
13 10
8 9
9 11
10 8
6 7
7 9
8 6
4 5
5 7
6 4
2 3
3 5
4 2
0 3
2 1
1 0
17 16
16 15
15 14
14 17
13 18
18 17
14 13
12 19
19 18
9
4 1 2 3 4
4 5 6 -1 7
4 8 9 -5 10
4 11 12 -8 13
4 14 15 -11 16
4 17 -14 18 19
4 20 21 22 23
4 24 25 -23 26
4 -3 27 28 -24
0
0
0
-2
*
14
-122.237495 0.000000 11.112500
-172.021500 0.000000 15.557508
-148.974976 -86.010773 15.557508
-105.860764 -61.118767 11.112500
-86.010735 -148.974991 15.557508
-61.118744 -105.860779 11.112500
-47.339256 -109.552979 11.112500
-47.339256 -159.336990 15.557508
-47.339256 109.552979 11.112500
-47.339252 159.336990 15.557508
-86.010742 148.974991 15.557508
-61.118748 105.860779 11.112500
-148.974991 86.010750 15.557508
-105.860771 61.118748 11.112500
0
19
3 2
2 1
1 0
0 3
5 4
4 2
3 5
7 4
5 6
6 7
11 10
10 9
9 8
8 11
13 12
12 10
11 13
1 12
13 0
6
4 1 2 3 4
4 5 6 -1 7
4 8 -5 9 10
4 11 12 13 14
4 15 16 -11 17
4 -3 18 -15 19
0
0
0
-2
*
14
-172.021500 0.000000 26.670000
-148.974976 -86.010773 26.670000
-148.974976 -86.010773 15.557508
-172.021500 0.000000 15.557508
-86.010735 -148.974991 26.670000
-86.010735 -148.974991 15.557508
-47.339256 -159.336990 26.670000
-47.339256 -159.336990 15.557508
-47.339252 159.336990 26.670000
-86.010742 148.974991 26.670000
-86.010742 148.974991 15.557508
-47.339256 159.336990 15.557508
-148.974991 86.010750 26.670000
-148.974991 86.010750 15.557508
0
19
3 2
2 1
1 0
0 3
2 5
5 4
4 1
5 7
7 6
6 4
11 10
10 9
9 8
8 11
10 13
13 12
12 9
13 3
0 12
6
4 1 2 3 4
4 5 6 7 -2
4 8 9 10 -6
4 11 12 13 14
4 15 16 17 -12
4 18 -4 19 -16
0
0
0
-2
*
14
-148.974976 -86.010773 26.670000
-137.041580 -79.121025 33.337498
-79.120987 -137.041595 33.337498
-86.010735 -148.974991 26.670000
-47.339256 -159.336990 26.670000
-47.339256 -145.557465 33.337498
-47.339256 159.336990 26.670000
-47.339256 145.557480 33.337498
-79.120987 137.041595 33.337498
-86.010742 148.974991 26.670000
-137.041595 79.120987 33.337498
-148.974991 86.010750 26.670000
-158.241989 0.000000 33.337498
-172.021500 0.000000 26.670000
0
19
3 2
2 1
1 0
0 3
5 2
3 4
4 5
9 8
8 7
7 6
6 9
11 10
10 8
9 11
13 12
12 10
11 13
1 12
13 0
6
4 1 2 3 4
4 5 -1 6 7
4 8 9 10 11
4 12 13 -8 14
4 15 16 -12 17
4 -3 18 -15 19
0
0
0
-2
*
20
-158.241989 0.000000 44.450001
-137.041580 -79.121025 44.450001
-137.041580 -79.121025 33.337498
-158.241989 0.000000 33.337498
-79.120987 -137.041595 44.450001
-79.120987 -137.041595 33.337498
-47.339256 -145.557465 44.450001
-47.339252 -145.557480 33.337498
-47.339256 145.557480 44.450001
-79.120987 137.041595 44.450001
-79.120987 137.041595 33.337498
-47.339256 145.557480 33.337498
-137.041595 79.120987 44.450001
-137.041595 79.120987 33.337498
-47.339252 109.552979 66.674995
-47.339256 159.336990 62.229996
-47.339256 159.336990 51.117500
-47.339256 159.336990 26.670000
-47.339256 159.336990 15.557508
-47.339256 109.552979 11.112500
0
28
3 2
2 1
1 0
0 3
2 5
5 4
4 1
5 7
7 6
6 4
11 10
10 9
9 8
8 11
10 13
13 12
12 9
13 3
0 12
8 16
16 15
15 14
14 8
19 18
18 17
17 11
11 19
14 19
9
4 1 2 3 4
4 5 6 7 -2
4 8 9 10 -6
4 11 12 13 14
4 15 16 17 -12
4 18 -4 19 -16
4 20 21 22 23
4 24 25 26 27
4 -27 -14 -23 28
0
0
0
-2
*
14
-47.339256 145.557480 44.450001
-47.339256 159.336990 51.117500
-86.010757 148.974991 51.117500
-79.121002 137.041595 44.450001
-148.974991 86.010757 51.117500
-137.041595 79.121002 44.450001
-172.021500 0.000000 51.117500
-158.241989 0.000000 44.450001
-148.974991 -86.010750 51.117500
-137.041595 -79.120987 44.450001
-86.010727 -148.975006 51.117500
-79.120987 -137.041595 44.450001
-47.339252 -145.557480 44.450001
-47.339256 -159.336990 51.117500
0
19
10 11
11 12
12 13
13 10
8 9
9 11
10 8
6 7
7 9
8 6
4 5
5 7
6 4
2 3
3 5
4 2
0 3
2 1
1 0
6
4 1 2 3 4
4 5 6 -1 7
4 8 9 -5 10
4 11 12 -8 13
4 14 15 -11 16
4 17 -14 18 19
0
0
0
-2
*
14
-47.339256 -159.336990 51.117500
-86.010727 -148.975006 51.117500
-86.010727 -148.975006 62.229996
-47.339256 -159.336990 62.229996
-148.974991 -86.010750 51.117500
-148.974991 -86.010750 62.229996
-172.021500 0.000000 51.117500
-172.021500 0.000000 62.229996
-148.974991 86.010757 51.117500
-148.974991 86.010757 62.229996
-86.010757 148.974991 51.117500
-86.010757 148.974991 62.229996
-47.339256 159.336990 51.117500
-47.339256 159.336990 62.229996
0
19
3 2
2 1
1 0
0 3
2 5
5 4
4 1
5 7
7 6
6 4
7 9
9 8
8 6
9 11
11 10
10 8
11 13
13 12
12 10
6
4 1 2 3 4
4 5 6 7 -2
4 8 9 10 -6
4 11 12 13 -9
4 14 15 16 -12
4 17 18 19 -15
0
0
0
-2
*
14
47.339256 159.336990 62.229996
47.339256 159.336990 51.117500
86.010757 148.974991 62.229996
86.010757 148.974991 51.117500
148.974991 86.010757 62.229996
148.974991 86.010757 51.117500
172.021500 0.000000 62.229996
172.021500 0.000000 51.117500
148.974991 -86.010750 62.229996
148.974991 -86.010750 51.117500
47.339256 -159.336990 62.229996
86.010727 -148.975006 62.229996
86.010727 -148.975006 51.117500
47.339256 -159.336990 51.117500
0
19
13 12
12 11
11 10
10 13
12 9
9 8
8 11
9 7
7 6
6 8
7 5
5 4
4 6
5 3
3 2
2 4
3 1
1 0
0 2
6
4 1 2 3 4
4 5 6 7 -2
4 8 9 10 -6
4 11 12 13 -9
4 14 15 16 -12
4 17 18 19 -15
0
0
0
-2
*
14
47.339256 -159.336990 51.117500
47.339252 -145.557480 44.450001
79.120987 -137.041595 44.450001
86.010727 -148.975006 51.117500
137.041595 -79.120987 44.450001
148.974991 -86.010750 51.117500
158.241989 0.000000 44.450001
172.021500 0.000000 51.117500
137.041595 79.121002 44.450001
148.974991 86.010757 51.117500
79.121002 137.041595 44.450001
86.010757 148.974991 51.117500
47.339256 159.336990 51.117500
47.339256 145.557480 44.450001
0
19
0 1
1 2
2 3
3 0
2 4
4 5
5 3
4 6
6 7
7 5
6 8
8 9
9 7
8 10
10 11
11 9
12 11
10 13
13 12
6
4 1 2 3 4
4 -3 5 6 7
4 -6 8 9 10
4 -9 11 12 13
4 -12 14 15 16
4 17 -15 18 19
0
0
0
-2
*
20
47.339256 109.552979 11.112500
47.339256 159.336990 15.557508
47.339256 159.336990 26.670000
47.339256 159.336990 51.117500
47.339256 159.336990 62.229996
47.339252 109.552979 66.674995
137.041595 79.120987 33.337498
137.041595 79.120987 44.450001
47.339256 145.557480 33.337498
79.120987 137.041595 33.337498
79.120987 137.041595 44.450001
47.339256 145.557480 44.450001
47.339252 -145.557480 33.337498
47.339256 -145.557465 44.450001
79.120987 -137.041595 33.337498
79.120987 -137.041595 44.450001
158.241989 0.000000 33.337498
137.041580 -79.121025 33.337498
137.041580 -79.121025 44.450001
158.241989 0.000000 44.450001
0
28
19 18
18 17
17 16
16 19
18 15
15 14
14 17
15 13
13 12
12 14
11 10
10 9
9 8
8 11
10 7
7 6
6 9
7 19
16 6
5 4
4 3
3 11
11 5
8 2
2 1
1 0
0 8
0 5
9
4 1 2 3 4
4 5 6 7 -2
4 8 9 10 -6
4 11 12 13 14
4 15 16 17 -12
4 18 -4 19 -16
4 20 21 22 23
4 24 25 26 27
4 -23 -14 -27 28
0
0
0
-2
*
14
172.021500 0.000000 26.670000
158.241989 0.000000 33.337498
148.974991 86.010750 26.670000
137.041595 79.120987 33.337498
86.010742 148.974991 26.670000
79.120987 137.041595 33.337498
47.339256 145.557480 33.337498
47.339256 159.336990 26.670000
47.339256 -145.557465 33.337498
47.339256 -159.336990 26.670000
86.010735 -148.974991 26.670000
79.120987 -137.041595 33.337498
137.041580 -79.121025 33.337498
148.974976 -86.010773 26.670000
0
19
13 12
12 11
11 10
10 13
9 10
11 8
8 9
7 6
6 5
5 4
4 7
5 3
3 2
2 4
3 1
1 0
0 2
1 12
13 0
6
4 1 2 3 4
4 5 -3 6 7
4 8 9 10 11
4 -10 12 13 14
4 -13 15 16 17
4 -16 18 -1 19
0
0
0
-2
*
14
148.974991 86.010750 15.557508
148.974991 86.010750 26.670000
47.339256 159.336990 15.557508
86.010742 148.974991 15.557508
86.010742 148.974991 26.670000
47.339252 159.336990 26.670000
47.339256 -159.336990 15.557508
47.339256 -159.336990 26.670000
86.010735 -148.974991 15.557508
86.010735 -148.974991 26.670000
172.021500 0.000000 15.557508
148.974976 -86.010773 15.557508
148.974976 -86.010773 26.670000
172.021500 0.000000 26.670000
0
19
13 12
12 11
11 10
10 13
12 9
9 8
8 11
9 7
7 6
6 8
5 4
4 3
3 2
2 5
4 1
1 0
0 3
1 13
10 0
6
4 1 2 3 4
4 5 6 7 -2
4 8 9 10 -6
4 11 12 13 14
4 15 16 17 -12
4 18 -4 19 -16
0
0
0
-2
*
14
105.860771 61.118748 11.112500
148.974991 86.010750 15.557508
61.118748 105.860779 11.112500
86.010742 148.974991 15.557508
47.339252 159.336990 15.557508
47.339256 109.552979 11.112500
47.339256 -159.336990 15.557508
47.339256 -109.552979 11.112500
61.118744 -105.860779 11.112500
86.010735 -148.974991 15.557508
105.860764 -61.118767 11.112500
148.974976 -86.010773 15.557508
172.021500 0.000000 15.557508
122.237495 0.000000 11.112500
0
19
13 12
12 11
11 10
10 13
11 9
9 8
8 10
7 8
9 6
6 7
5 4
4 3
3 2
2 5
3 1
1 0
0 2
1 12
13 0
6
4 1 2 3 4
4 -3 5 6 7
4 8 -6 9 10
4 11 12 13 14
4 -13 15 16 17
4 -16 18 -1 19
0
0
0
-2
*
25
-47.339252 109.552979 66.674995
-47.339256 109.552979 11.112500
47.339256 109.552979 11.112500
-47.339256 -109.552979 11.112500
-47.339256 -109.552986 66.674995
47.339256 -159.336990 51.117500
47.339256 -145.557465 44.450001
47.339252 -145.557480 33.337498
47.339256 -159.336990 26.670000
47.339256 -159.336990 15.557508
47.339256 -109.552979 11.112500
47.339256 -109.552986 66.674995
47.339256 -159.336990 62.229996
86.010727 -148.975006 62.229996
61.118736 -105.860786 66.674995
148.974991 -86.010750 62.229996
105.860779 -61.118748 66.674995
172.021500 0.000000 62.229996
122.237495 0.000000 66.674995
148.974991 86.010757 62.229996
105.860771 61.118755 66.674995
86.010757 148.974991 62.229996
61.118755 105.860771 66.674995
47.339252 109.552979 66.674995
47.339256 159.336990 62.229996
0
35
11 12
12 13
13 14
14 11
13 15
15 16
16 14
15 17
17 18
18 16
17 19
19 20
20 18
19 21
21 22
22 20
23 22
21 24
24 23
10 9
9 8
8 7
7 10
7 6
6 11
11 10
6 5
5 12
11 4
4 3
3 10
23 2
2 1
1 0
0 23
11
4 1 2 3 4
4 -3 5 6 7
4 -6 8 9 10
4 -9 11 12 13
4 -12 14 15 16
4 17 -15 18 19
4 20 21 22 23
4 -23 24 25 26
4 27 28 -1 -25
4 29 30 31 -26
4 32 33 34 35
0
0
0
-2
*
4
119.125999 -11.612272 66.674995
119.125999 -11.612272 120.903992
119.125999 11.612279 120.903992
119.125999 11.612272 66.674995
0
4
3 2
2 1
1 0
0 3
1
4 1 2 3 4
0
0
0
-2
*
24
-36.004498 0.000000 -371.602020
-36.004498 0.000000 -400.938995
-31.180807 -18.002258 -371.602020
-31.180807 -18.002258 -400.938995
-18.002243 -31.180813 -371.602020
-18.002243 -31.180813 -400.938995
0.000000 -36.004498 -371.602020
0.000000 -36.004498 -400.938995
18.002243 -31.180813 -371.602020
18.002243 -31.180813 -400.938995
31.180807 -18.002249 -371.602020
31.180807 -18.002249 -400.938995
36.004498 0.000000 -371.602020
36.004498 0.000000 -400.938995
31.180807 18.002249 -371.602020
31.180807 18.002249 -400.938995
18.002249 31.180807 -371.602020
18.002249 31.180807 -400.938995
0.000000 36.004498 -371.602020
0.000000 36.004498 -400.938995
-18.002249 31.180807 -371.602020
-18.002249 31.180807 -400.938995
-31.180807 18.002243 -371.602020
-31.180807 18.002243 -400.938995
0
36
0 22
22 23
23 1
1 0
22 20
20 21
21 23
20 18
18 19
19 21
18 16
16 17
17 19
16 14
14 15
15 17
14 12
12 13
13 15
12 10
10 11
11 13
10 8
8 9
9 11
8 6
6 7
7 9
6 4
4 5
5 7
4 2
2 3
3 5
2 0
1 3
12
4 1 2 3 4
4 5 6 7 -2
4 8 9 10 -6
4 11 12 13 -9
4 14 15 16 -12
4 17 18 19 -15
4 20 21 22 -18
4 23 24 25 -21
4 26 27 28 -24
4 29 30 31 -27
4 32 33 34 -30
4 35 -4 36 -33
0
0
0
-2
*
24
43.114212 -24.892000 -416.941010
24.892000 -43.114212 -416.941010
0.000000 -49.784000 -416.941010
-24.892000 -43.114212 -416.941010
-43.114204 -24.892006 -416.941010
-49.784000 0.000000 -416.941010
-43.114212 24.892000 -416.941010
-24.892000 43.114212 -416.941010
0.000000 49.784000 -416.941010
24.892000 43.114212 -416.941010
43.114212 24.892000 -416.941010
49.784000 0.000000 -416.941010
31.180807 -18.002249 -400.938995
36.004498 0.000000 -400.938995
31.180807 18.002249 -400.938995
18.002249 31.180807 -400.938995
0.000000 36.004498 -400.938995
-18.002249 31.180807 -400.938995
-31.180807 18.002243 -400.938995
-36.004498 0.000000 -400.938995
-31.180807 -18.002258 -400.938995
-18.002243 -31.180813 -400.938995
0.000000 -36.004498 -400.938995
18.002243 -31.180813 -400.938995
0
36
0 1
1 2
2 3
3 4
4 5
5 6
6 7
7 8
8 9
9 10
10 11
11 0
12 0
11 13
13 12
10 14
14 13
9 15
15 14
8 16
16 15
7 17
17 16
6 18
18 17
5 19
19 18
4 20
20 19
3 21
21 20
2 22
22 21
1 23
23 22
12 23
13
4 13 -12 14 15
4 -14 -11 16 17
4 -16 -10 18 19
4 -18 -9 20 21
4 -20 -8 22 23
4 -22 -7 24 25
4 -24 -6 26 27
4 -26 -5 28 29
4 -28 -4 30 31
4 -30 -3 32 33
4 -32 -2 34 35
4 -34 -1 -13 36
12 1 2 3 4 5 6 7 8 9 10 11 12
0
0
0
-2
*
36
122.237495 0.000000 11.112500
105.860764 -61.118767 11.112500
61.118744 -105.860779 11.112500
0.000000 -122.237495 11.112500
-61.118736 -105.860786 11.112500
-105.860779 -61.118748 11.112500
-122.237495 0.000000 11.112500
-105.860771 61.118755 11.112500
-61.118755 105.860771 11.112500
0.000000 122.237495 11.112500
61.118748 105.860779 11.112500
105.860771 61.118748 11.112500
-122.237495 0.000000 0.000000
-69.786507 0.000000 -353.822021
-105.860764 -61.118767 0.000000
-60.436878 -34.893265 -353.822021
-61.118744 -105.860779 0.000000
-34.893242 -60.436897 -353.822021
0.000000 -122.237495 0.000000
0.000000 -69.786507 -353.822021
61.118736 -105.860786 0.000000
34.893242 -60.436897 -353.822021
105.860779 -61.118748 0.000000
60.436882 -34.893250 -353.822021
122.237495 0.000000 0.000000
69.786507 0.000000 -353.822021
105.860771 61.118755 0.000000
60.436882 34.893250 -353.822021
61.118755 105.860771 0.000000
34.893250 60.436882 -353.822021
0.000000 122.237495 0.000000
0.000000 69.786507 -353.822021
-61.118748 105.860779 0.000000
-34.893250 60.436882 -353.822021
-105.860771 61.118748 0.000000
-60.436882 34.893250 -353.822021
0
48
12 34
34 35
35 13
13 12
34 32
32 33
33 35
32 30
30 31
31 33
30 28
28 29
29 31
28 26
26 27
27 29
26 24
24 25
25 27
24 22
22 23
23 25
22 20
20 21
21 23
20 18
18 19
19 21
18 16
16 17
17 19
16 14
14 15
15 17
14 12
13 15
11 10
10 9
9 8
8 7
7 6
6 5
5 4
4 3
3 2
2 1
1 0
0 11
14
4 1 2 3 4
4 5 6 7 -2
4 8 9 10 -6
4 11 12 13 -9
4 14 15 16 -12
4 17 18 19 -15
4 20 21 22 -18
4 23 24 25 -21
4 26 27 28 -24
4 29 30 31 -27
4 32 33 34 -30
4 35 -4 36 -33
12 -10 -13 -16 -19 -22 -25 -28 -31 -34 -36 -3 -7
12 37 38 39 40 41 42 43 44 45 46 47 48
0
0
0
-2
*
24
122.237495 0.000000 0.000000
122.237495 0.000000 11.112500
105.860764 -61.118767 0.000000
105.860764 -61.118767 11.112500
61.118744 -105.860779 0.000000
61.118744 -105.860779 11.112500
0.000000 -122.237495 0.000000
0.000000 -122.237495 11.112500
-61.118736 -105.860786 0.000000
-61.118736 -105.860786 11.112500
-105.860779 -61.118748 0.000000
-105.860779 -61.118748 11.112500
-122.237495 0.000000 0.000000
-122.237495 0.000000 11.112500
-105.860771 61.118755 0.000000
-105.860771 61.118755 11.112500
-61.118755 105.860771 0.000000
-61.118755 105.860771 11.112500
0.000000 122.237495 0.000000
0.000000 122.237495 11.112500
61.118748 105.860779 0.000000
61.118748 105.860779 11.112500
105.860771 61.118748 0.000000
105.860771 61.118748 11.112500
0
36
0 22
22 23
23 1
1 0
22 20
20 21
21 23
20 18
18 19
19 21
18 16
16 17
17 19
16 14
14 15
15 17
14 12
12 13
13 15
12 10
10 11
11 13
10 8
8 9
9 11
8 6
6 7
7 9
6 4
4 5
5 7
4 2
2 3
3 5
2 0
1 3
12
4 1 2 3 4
4 5 6 7 -2
4 8 9 10 -6
4 11 12 13 -9
4 14 15 16 -12
4 17 18 19 -15
4 20 21 22 -18
4 23 24 25 -21
4 26 27 28 -24
4 29 30 31 -27
4 32 33 34 -30
4 35 -4 36 -33
0
0
0
-2
*
24
-43.114212 24.892000 -425.830994
-43.114212 24.892000 -416.941010
-24.892000 43.114212 -425.830994
-24.892000 43.114212 -416.941010
0.000000 49.784000 -425.830994
0.000000 49.784000 -416.941010
24.892000 43.114212 -425.830994
24.892000 43.114212 -416.941010
43.114212 24.892000 -425.830994
43.114212 24.892000 -416.941010
49.784000 0.000000 -425.830994
49.784000 0.000000 -416.941010
43.114212 -24.892000 -425.830994
43.114212 -24.892000 -416.941010
24.892000 -43.114212 -425.830994
24.892000 -43.114212 -416.941010
0.000000 -49.784000 -425.830994
0.000000 -49.784000 -416.941010
-24.892000 -43.114212 -425.830994
-24.892000 -43.114212 -416.941010
-43.114204 -24.892006 -425.830994
-43.114204 -24.892006 -416.941010
-49.784000 0.000000 -425.830994
-49.784000 0.000000 -416.941010
0
36
23 1
1 0
0 22
22 23
1 3
3 2
2 0
3 5
5 4
4 2
5 7
7 6
6 4
7 9
9 8
8 6
9 11
11 10
10 8
11 13
13 12
12 10
13 15
15 14
14 12
15 17
17 16
16 14
17 19
19 18
18 16
19 21
21 20
20 18
21 23
22 20
12
4 1 2 3 4
4 5 6 7 -2
4 8 9 10 -6
4 11 12 13 -9
4 14 15 16 -12
4 17 18 19 -15
4 20 21 22 -18
4 23 24 25 -21
4 26 27 28 -24
4 29 30 31 -27
4 32 33 34 -30
4 35 -4 36 -33
0
0
0
-2
*
24
-49.784000 0.000000 -425.830994
-40.005001 0.000000 -434.721008
-43.114204 -24.892006 -425.830994
-34.645340 -20.002506 -434.721008
-24.892000 -43.114212 -425.830994
-20.002493 -34.645348 -434.721008
0.000000 -49.784000 -425.830994
0.000000 -40.005001 -434.721008
24.892000 -43.114212 -425.830994
20.002501 -34.645348 -434.721008
43.114212 -24.892000 -425.830994
34.645348 -20.002501 -434.721008
49.784000 0.000000 -425.830994
40.005001 0.000000 -434.721008
43.114212 24.892000 -425.830994
34.645348 20.002501 -434.721008
24.892000 43.114212 -425.830994
20.002506 34.645348 -434.721008
0.000000 49.784000 -425.830994
0.000000 40.005001 -434.721008
-24.892000 43.114212 -425.830994
-20.002501 34.645348 -434.721008
-43.114212 24.892000 -425.830994
-34.645348 20.002501 -434.721008
0
36
0 22
22 23
23 1
1 0
22 20
20 21
21 23
20 18
18 19
19 21
18 16
16 17
17 19
16 14
14 15
15 17
14 12
12 13
13 15
12 10
10 11
11 13
10 8
8 9
9 11
8 6
6 7
7 9
6 4
4 5
5 7
4 2
2 3
3 5
2 0
1 3
13
4 1 2 3 4
4 5 6 7 -2
4 8 9 10 -6
4 11 12 13 -9
4 14 15 16 -12
4 17 18 19 -15
4 20 21 22 -18
4 23 24 25 -21
4 26 27 28 -24
4 29 30 31 -27
4 32 33 34 -30
4 35 -4 36 -33
12 -7 -10 -13 -16 -19 -22 -25 -28 -31 -34 -36 -3
0
0
0
-2
*
24
-54.662655 31.559502 -371.602020
-54.662655 31.559502 -353.822021
-31.559502 54.662655 -371.602020
-31.559502 54.662655 -353.822021
0.000000 63.119003 -371.602020
0.000000 63.119003 -353.822021
31.559507 54.662655 -371.602020
31.559507 54.662655 -353.822021
54.662655 31.559507 -371.602020
54.662655 31.559507 -353.822021
63.119003 0.000000 -371.602020
63.119003 0.000000 -353.822021
54.662655 -31.559502 -371.602020
54.662655 -31.559502 -353.822021
31.559494 -54.662663 -371.602020
31.559494 -54.662663 -353.822021
0.000000 -63.119003 -371.602020
0.000000 -63.119003 -353.822021
-31.559494 -54.662663 -371.602020
-31.559494 -54.662663 -353.822021
-54.662651 -31.559513 -371.602020
-54.662651 -31.559513 -353.822021
-63.119003 0.000000 -371.602020
-63.119003 0.000000 -353.822021
0
36
23 1
1 0
0 22
22 23
1 3
3 2
2 0
3 5
5 4
4 2
5 7
7 6
6 4
7 9
9 8
8 6
9 11
11 10
10 8
11 13
13 12
12 10
13 15
15 14
14 12
15 17
17 16
16 14
17 19
19 18
18 16
19 21
21 20
20 18
21 23
22 20
13
4 1 2 3 4
4 5 6 7 -2
4 8 9 10 -6
4 11 12 13 -9
4 14 15 16 -12
4 17 18 19 -15
4 20 21 22 -18
4 23 24 25 -21
4 26 27 28 -24
4 29 30 31 -27
4 32 33 34 -30
4 35 -4 36 -33
12 -28 -31 -34 -36 -3 -7 -10 -13 -16 -19 -22 -25
0
0
0
0
0
3
1
1
2
0
