14 DENEB_PART_FILE
1
-1
1
1.000000 0.000000 0.000000
0.000000 1.000000 0.000000
0.000000 0.000000 1.000000
-0.013871 0.000000 17.271997
0
0
0
24
-2
*
31
-6.762751 -15.650427 9.525000
-15.122967 8.731253 17.271999
-15.122967 8.731253 9.525000
-1.706290 17.005301 17.271999
-8.731249 15.122969 17.271999
-8.731249 15.122969 9.525000
-1.706290 17.005301 9.525000
1.706291 17.005301 17.271999
1.706291 17.005301 9.525000
8.731248 15.122970 17.271999
8.731248 15.122970 9.525000
17.018000 1.658897 17.271999
15.122969 8.731250 17.271999
15.122969 8.731250 9.525000
17.018000 1.658896 9.525000
17.018000 -1.658896 17.271999
17.018000 -1.658896 9.525000
15.122968 -8.731251 17.271999
15.122968 -8.731251 9.525000
1.706290 -17.005301 17.271999
8.731251 -15.122968 17.271999
8.731251 -15.122968 9.525000
1.706290 -17.005301 9.525000
-1.706290 -17.005301 17.271999
-1.706290 -17.005301 9.525000
-8.731250 -15.122969 17.271999
-8.731250 -15.122969 9.525000
-17.462500 0.000000 17.271999
-15.122968 -8.731250 17.271999
-15.122968 -8.731250 9.525000
-17.462500 0.000000 9.525000
0
47
0 26
24 0
22 24
14 16
8 6
7 3
15 11
23 19
27 1
2 30
1 4
2 1
5 2
3 6
4 3
5 4
6 5
7 9
8 7
10 8
9 12
10 9
13 10
11 14
12 11
13 12
14 13
15 17
16 15
18 16
17 20
18 17
21 18
19 22
20 19
21 20
22 21
23 25
24 23
26 24
25 28
26 25
29 26
27 30
28 27
29 28
30 29
15
4 -14 -6 -19 5
4 10 -44 9 -12
4 13 12 11 -16
4 17 16 15 14
4 20 19 18 -22
4 23 22 21 -26
4 27 26 25 24
4 30 29 28 -32
4 33 32 31 -36
4 37 36 35 34
4 40 39 38 -42
4 43 42 41 -46
4 47 46 45 44
16 4 -30 -33 -37 3 2 1 -43 -47 -10 -13 -17 -5 -20 -23 -27
15 -41 -38 8 -35 -31 -28 7 -25 -21 -18 6 -15 -11 -9 -45
0
0
0
-2
*
4
1.706290 -17.005301 9.525000
1.706290 -17.005301 17.271999
-1.706290 -17.005301 17.271999
-1.706290 -17.005301 9.525000
0
4
3 0
2 3
1 2
0 1
1
4 4 3 2 1
0
0
0
-2
*
20
-6.762751 -22.762426 7.302500
-6.762751 -20.793924 6.350000
-6.762750 -20.793926 4.762500
-6.762751 -22.762426 3.810000
-6.762751 -22.762426 2.222501
-6.762751 -15.650426 1.587500
-6.762751 -15.650427 9.525000
-6.762751 -22.762426 8.889999
-12.287247 -21.282143 8.889999
-8.731248 -15.122970 9.525000
-21.282141 -12.287250 8.889999
-15.122969 -8.731250 9.525000
-24.574499 0.000000 8.889999
-17.462500 0.000000 9.525000
-21.282141 12.287251 8.889999
-15.122968 8.731251 9.525000
-12.287251 21.282141 8.889999
-8.731251 15.122968 9.525000
-6.762750 15.650426 9.525000
-6.762751 22.762426 8.889999
0
28
0 1
7 0
5 6
1 2
6 1
5 2
4 5
3 4
2 3
18 19
17 18
19 16
15 17
16 14
17 16
13 15
14 12
15 14
11 13
12 10
13 12
9 11
10 8
11 10
6 9
7 6
8 7
9 8
9
4 -26 2 1 -5
4 5 4 -6 3
4 9 8 7 6
4 12 -15 11 10
4 15 14 -18 13
4 18 17 -21 16
4 21 20 -24 19
4 24 23 -28 22
4 28 27 26 25
0
0
0
-2
*
14
-15.122968 8.731250 1.587500
-21.282141 12.287250 2.222501
-8.731250 15.122969 1.587500
-12.287249 21.282141 2.222501
-6.762750 22.762426 2.222501
-6.762751 15.650426 1.587500
-6.762751 -22.762426 2.222501
-6.762751 -15.650426 1.587500
-8.731249 -15.122969 1.587500
-12.287248 -21.282141 2.222501
-15.122967 -8.731253 1.587500
-21.282139 -12.287253 2.222501
-24.574499 0.000000 2.222501
-17.462500 0.000000 1.587500
0
19
0 13
12 1
2 0
1 3
0 1
5 2
4 5
3 4
2 3
7 6
8 7
6 9
10 8
9 11
8 9
13 10
12 13
11 12
10 11
6
4 -17 2 -5 1
4 5 4 -9 3
4 9 8 7 6
4 12 -15 11 10
4 15 14 -19 13
4 19 18 17 16
0
0
0
-2
*
14
-21.282141 12.287250 2.222501
-21.282141 12.287250 3.810000
-6.762751 22.762426 2.222501
-12.287249 21.282141 2.222501
-12.287249 21.282141 3.810000
-6.762750 22.762426 3.810000
-6.762751 -22.762426 2.222501
-6.762751 -22.762426 3.810000
-12.287248 -21.282141 2.222501
-12.287248 -21.282141 3.810000
-24.574499 0.000000 2.222501
-21.282139 -12.287253 2.222501
-21.282139 -12.287253 3.810000
-24.574499 0.000000 3.810000
0
19
13 1
0 10
1 4
0 1
3 0
5 2
4 5
3 4
2 3
7 9
6 7
8 6
9 12
8 9
11 8
13 10
12 13
11 12
10 11
6
4 2 -16 1 -4
4 5 4 3 -8
4 9 8 7 6
4 12 11 10 -14
4 15 14 13 -18
4 19 18 17 16
0
0
0
-2
*
14
-24.574499 0.000000 3.810000
-22.605999 0.000000 4.762500
-21.282141 12.287250 3.810000
-19.577370 11.302999 4.762500
-12.287249 21.282141 3.810000
-11.302999 19.577370 4.762500
-6.762751 20.793926 4.762500
-6.762751 22.762426 3.810000
-6.762751 -20.793924 4.762500
-6.762751 -22.762426 3.810000
-12.287248 -21.282141 3.810000
-11.302998 -19.577370 4.762500
-19.577368 -11.303003 4.762500
-21.282139 -12.287253 3.810000
0
19
0 13
12 1
2 0
1 3
0 1
4 2
3 5
2 3
7 4
6 7
5 6
4 5
9 8
10 9
8 11
13 10
12 13
11 12
10 11
6
4 -17 2 -5 1
4 5 4 -8 3
4 8 7 -12 6
4 12 11 10 9
4 15 -19 14 13
4 19 18 17 16
0
0
0
-2
*
20
-6.762751 15.650426 1.587500
-6.762751 22.762426 2.222501
-6.762751 22.762426 3.810000
-6.762751 22.762426 7.302500
-6.762751 22.762426 8.889999
-6.762750 15.650426 9.525000
-19.577370 11.302999 4.762500
-19.577370 11.302999 6.350000
-6.762751 20.793926 4.762500
-11.302999 19.577370 4.762500
-11.302999 19.577370 6.350000
-6.762751 20.793926 6.350000
-6.762750 -20.793926 4.762500
-6.762751 -20.793924 6.350000
-11.302998 -19.577370 4.762500
-11.302998 -19.577370 6.350000
-22.605999 0.000000 4.762500
-19.577368 -11.303003 4.762500
-19.577368 -11.303003 6.350000
-22.605999 0.000000 6.350000
0
28
5 0
8 0
2 8
1 2
0 1
5 11
4 5
3 4
11 3
19 7
6 16
7 10
6 7
9 6
11 8
10 11
9 10
8 9
13 15
12 13
14 12
15 18
14 15
17 14
19 16
18 19
17 18
16 17
9
4 -2 -15 -6 1
4 5 4 3 2
4 9 8 7 6
4 11 -25 10 -13
4 14 13 12 -17
4 18 17 16 15
4 21 20 19 -23
4 24 23 22 -27
4 28 27 26 25
0
0
0
-2
*
14
-6.762751 -22.762426 7.302500
-6.762750 -20.793926 6.350000
-11.302998 -19.577372 6.350000
-12.287247 -21.282143 7.302500
-19.577370 -11.302999 6.350000
-21.282141 -12.287250 7.302500
-22.605999 0.000000 6.350000
-24.574499 0.000000 7.302500
-19.577370 11.303000 6.350000
-21.282141 12.287251 7.302500
-11.303000 19.577370 6.350000
-12.287251 21.282141 7.302500
-6.762751 22.762426 7.302500
-6.762751 20.793926 6.350000
0
19
12 13
11 12
13 10
9 11
10 8
11 10
7 9
8 6
9 8
5 7
6 4
7 6
3 5
4 2
5 4
0 3
1 0
2 1
3 2
6
4 3 -6 2 1
4 6 5 -9 4
4 9 8 -12 7
4 12 11 -15 10
4 15 14 -19 13
4 19 18 17 16
0
0
0
-2
*
14
-6.762751 22.762426 8.889999
-6.762751 22.762426 7.302500
-12.287251 21.282141 8.889999
-12.287251 21.282141 7.302500
-21.282141 12.287251 8.889999
-21.282141 12.287251 7.302500
-24.574499 0.000000 8.889999
-24.574499 0.000000 7.302500
-21.282141 -12.287250 8.889999
-21.282141 -12.287250 7.302500
-6.762751 -22.762426 8.889999
-12.287247 -21.282143 8.889999
-12.287247 -21.282143 7.302500
-6.762751 -22.762426 7.302500
0
19
1 3
0 1
2 0
3 5
2 3
4 2
5 7
4 5
6 4
7 9
6 7
8 6
9 12
8 9
11 8
13 10
12 13
11 12
10 11
6
4 3 2 1 -5
4 6 5 4 -8
4 9 8 7 -11
4 12 11 10 -14
4 15 14 13 -18
4 19 18 17 16
0
0
0
-2
*
14
6.762751 -22.762426 7.302500
12.287247 -21.282143 7.302500
12.287247 -21.282143 8.889999
6.762751 -22.762426 8.889999
21.282141 -12.287250 7.302500
21.282141 -12.287250 8.889999
24.574499 0.000000 7.302500
24.574499 0.000000 8.889999
21.282141 12.287251 7.302500
21.282141 12.287251 8.889999
12.287251 21.282141 7.302500
12.287251 21.282141 8.889999
6.762751 22.762426 7.302500
6.762751 22.762426 8.889999
0
19
13 11
12 13
10 12
11 9
10 11
8 10
9 7
8 9
6 8
7 5
6 7
4 6
5 2
4 5
1 4
3 0
2 3
1 2
0 1
6
4 3 2 1 -5
4 6 5 4 -8
4 9 8 7 -11
4 12 11 10 -14
4 15 14 13 -18
4 19 18 17 16
0
0
0
-2
*
14
6.762751 20.793926 6.350000
6.762751 22.762426 7.302500
12.287251 21.282141 7.302500
11.303000 19.577370 6.350000
21.282141 12.287251 7.302500
19.577370 11.303000 6.350000
24.574499 0.000000 7.302500
22.605999 0.000000 6.350000
21.282141 -12.287250 7.302500
19.577370 -11.302999 6.350000
12.287247 -21.282143 7.302500
11.302998 -19.577372 6.350000
6.762750 -20.793926 6.350000
6.762751 -22.762426 7.302500
0
19
0 1
3 0
1 2
2 4
3 2
5 3
4 6
5 4
7 5
6 8
7 6
9 7
8 10
9 8
11 9
10 13
11 10
12 11
13 12
6
4 3 -5 2 1
4 -8 6 5 4
4 -11 9 8 7
4 -14 12 11 10
4 -17 15 14 13
4 19 18 17 16
0
0
0
-2
*
20
22.605999 0.000000 6.350000
19.577368 -11.303003 6.350000
19.577368 -11.303003 4.762500
22.605999 0.000000 4.762500
11.302998 -19.577370 6.350000
11.302998 -19.577370 4.762500
6.762751 -20.793924 6.350000
6.762750 -20.793926 4.762500
6.762751 20.793926 6.350000
11.302999 19.577370 6.350000
11.302999 19.577370 4.762500
6.762751 20.793926 4.762500
19.577370 11.302999 6.350000
19.577370 11.302999 4.762500
6.762750 15.650426 9.525000
6.762751 22.762426 8.889999
6.762751 22.762426 7.302500
6.762751 22.762426 3.810000
6.762751 22.762426 2.222501
6.762751 15.650426 1.587500
0
28
19 14
19 11
18 19
17 18
11 17
8 14
16 8
15 16
14 15
3 13
12 0
13 10
12 13
9 12
11 8
10 11
9 10
8 9
7 5
6 7
4 6
5 2
4 5
1 4
3 0
2 3
1 2
0 1
9
4 -6 -15 -2 1
4 5 4 3 2
4 9 8 7 6
4 11 -25 10 -13
4 14 13 12 -17
4 18 17 16 15
4 21 20 19 -23
4 24 23 22 -27
4 28 27 26 25
0
0
0
-2
*
14
21.282139 -12.287253 3.810000
19.577368 -11.303003 4.762500
11.302998 -19.577370 4.762500
12.287248 -21.282141 3.810000
6.762751 -22.762426 3.810000
6.762751 -20.793924 4.762500
6.762751 22.762426 3.810000
6.762751 20.793926 4.762500
11.302999 19.577370 4.762500
12.287249 21.282141 3.810000
19.577370 11.302999 4.762500
21.282141 12.287250 3.810000
22.605999 0.000000 4.762500
24.574499 0.000000 3.810000
0
19
0 13
12 1
13 11
12 13
10 12
11 9
10 11
8 10
9 6
8 9
7 8
6 7
5 4
2 5
4 3
3 0
2 3
1 2
0 1
6
4 -4 2 -19 1
4 -7 5 4 3
4 -10 8 7 6
4 12 11 10 9
4 15 -17 14 13
4 19 18 17 16
0
0
0
-2
*
14
24.574499 0.000000 3.810000
21.282139 -12.287253 3.810000
21.282139 -12.287253 2.222501
24.574499 0.000000 2.222501
12.287248 -21.282141 3.810000
12.287248 -21.282141 2.222501
6.762751 -22.762426 3.810000
6.762751 -22.762426 2.222501
6.762750 22.762426 3.810000
12.287249 21.282141 3.810000
12.287249 21.282141 2.222501
6.762751 22.762426 2.222501
21.282141 12.287250 3.810000
21.282141 12.287250 2.222501
0
19
3 13
12 0
13 10
12 13
9 12
11 8
10 11
9 10
8 9
7 5
6 7
4 6
5 2
4 5
1 4
3 0
2 3
1 2
0 1
6
4 2 -16 1 -4
4 5 4 3 -8
4 9 8 7 6
4 12 11 10 -14
4 15 14 13 -18
4 19 18 17 16
0
0
0
-2
*
14
17.462500 0.000000 1.587500
24.574499 0.000000 2.222501
21.282139 -12.287253 2.222501
15.122967 -8.731253 1.587500
12.287248 -21.282141 2.222501
8.731249 -15.122969 1.587500
6.762751 -15.650426 1.587500
6.762751 -22.762426 2.222501
6.762751 15.650426 1.587500
6.762750 22.762426 2.222501
12.287249 21.282141 2.222501
8.731250 15.122969 1.587500
21.282141 12.287250 2.222501
15.122968 8.731250 1.587500
0
19
0 13
12 1
13 11
12 13
10 12
11 8
10 11
9 10
8 9
7 6
4 7
6 5
5 3
4 5
2 4
3 0
2 3
1 2
0 1
6
4 -4 2 -19 1
4 -7 5 4 3
4 9 8 7 6
4 12 -14 11 10
4 -17 15 14 13
4 19 18 17 16
0
0
0
-2
*
25
6.762751 22.762426 8.889999
6.762750 15.650426 9.525000
8.731251 15.122968 9.525000
12.287251 21.282141 8.889999
15.122968 8.731251 9.525000
21.282141 12.287251 8.889999
17.462500 0.000000 9.525000
24.574499 0.000000 8.889999
15.122969 -8.731250 9.525000
21.282141 -12.287250 8.889999
8.731248 -15.122970 9.525000
12.287247 -21.282143 8.889999
6.762751 -22.762426 8.889999
6.762751 -15.650427 9.525000
6.762751 -15.650426 1.587500
6.762751 -22.762426 2.222501
6.762751 -22.762426 3.810000
6.762750 -20.793926 4.762500
6.762751 -20.793924 6.350000
6.762751 -22.762426 7.302500
-6.762751 -15.650427 9.525000
-6.762751 -15.650426 1.587500
6.762751 15.650426 1.587500
-6.762751 15.650426 1.587500
-6.762750 15.650426 9.525000
0
35
24 1
23 24
22 23
1 22
21 14
20 21
13 20
19 12
18 19
13 14
18 13
17 18
17 14
16 17
15 16
14 15
0 1
3 0
1 2
2 4
3 2
5 3
4 6
5 4
7 5
6 8
7 6
9 7
8 10
9 8
11 9
10 13
11 10
12 11
13 12
11
4 4 3 2 1
4 7 6 5 -10
4 9 8 -35 -11
4 -13 12 11 10
4 16 15 14 13
4 19 -21 18 17
4 -24 22 21 20
4 -27 25 24 23
4 -30 28 27 26
4 -33 31 30 29
4 35 34 33 32
0
0
0
-2
*
4
17.018000 1.658896 9.525000
17.018000 1.658897 17.271999
17.018000 -1.658896 17.271999
17.018000 -1.658896 9.525000
0
4
3 0
2 3
1 2
0 1
1
4 4 3 2 1
0
0
0
-2
*
24
-4.454401 2.571749 -57.277000
-4.454401 2.571749 -53.086002
-2.571750 4.454401 -57.277000
-2.571750 4.454401 -53.086002
0.000000 5.143500 -57.277000
0.000000 5.143500 -53.086002
2.571750 4.454401 -57.277000
2.571750 4.454401 -53.086002
4.454401 2.571750 -57.277000
4.454401 2.571750 -53.086002
5.143500 0.000000 -57.277000
5.143500 0.000000 -53.086002
4.454401 -2.571750 -57.277000
4.454401 -2.571750 -53.086002
2.571749 -4.454402 -57.277000
2.571749 -4.454402 -53.086002
0.000000 -5.143500 -57.277000
0.000000 -5.143500 -53.086002
-2.571749 -4.454402 -57.277000
-2.571749 -4.454402 -53.086002
-4.454401 -2.571751 -57.277000
-4.454401 -2.571751 -53.086002
-5.143500 0.000000 -57.277000
-5.143500 0.000000 -53.086002
0
36
22 20
21 23
20 18
21 20
19 21
18 16
19 18
17 19
16 14
17 16
15 17
14 12
15 14
13 15
12 10
13 12
11 13
10 8
11 10
9 11
8 6
9 8
7 9
6 4
7 6
5 7
4 2
5 4
3 5
2 0
3 2
1 3
22 23
0 22
1 0
23 1
12
4 2 -33 1 -4
4 5 4 3 -7
4 8 7 6 -10
4 11 10 9 -13
4 14 13 12 -16
4 17 16 15 -19
4 20 19 18 -22
4 23 22 21 -25
4 26 25 24 -28
4 29 28 27 -31
4 32 31 30 -35
4 36 35 34 33
0
0
0
-2
*
24
2.571749 -4.454402 -57.277000
0.000000 -5.143500 -57.277000
-2.571749 -4.454402 -57.277000
-4.454401 -2.571751 -57.277000
-5.143500 0.000000 -57.277000
-4.454401 2.571749 -57.277000
-2.571750 4.454401 -57.277000
0.000000 5.143500 -57.277000
2.571750 4.454401 -57.277000
4.454401 2.571750 -57.277000
5.143500 0.000000 -57.277000
4.454401 -2.571750 -57.277000
7.112000 0.000000 -59.563000
6.159173 3.556000 -59.563000
3.556000 6.159173 -59.563000
0.000000 7.112000 -59.563000
-3.556000 6.159173 -59.563000
-6.159173 3.556000 -59.563000
-7.112000 0.000000 -59.563000
-6.159172 -3.556001 -59.563000
-3.556000 -6.159173 -59.563000
0.000000 -7.112000 -59.563000
3.556000 -6.159173 -59.563000
6.159173 -3.556000 -59.563000
0
36
11 0
0 1
22 0
1 2
21 1
2 3
20 2
3 4
19 3
4 5
18 4
5 6
17 5
6 7
16 6
7 8
15 7
8 9
14 8
9 10
13 9
10 11
12 10
11 23
12 23
13 12
14 13
15 14
16 15
17 16
18 17
19 18
20 19
21 20
22 21
23 22
13
4 -3 -36 -24 1
4 -5 -35 3 2
4 -7 -34 5 4
4 -9 -33 7 6
4 -11 -32 9 8
4 -13 -31 11 10
4 -15 -30 13 12
4 -17 -29 15 14
4 -19 -28 17 16
4 -21 -27 19 18
4 -23 -26 21 20
4 24 -25 23 22
12 36 35 34 33 32 31 30 29 28 27 26 25
0
0
0
-2
*
36
-8.633841 4.984750 -50.546001
-15.122968 8.731250 0.000000
-4.984750 8.633841 -50.546001
-8.731250 15.122969 0.000000
0.000000 9.969501 -50.546001
0.000000 17.462500 0.000000
4.984750 8.633841 -50.546001
8.731251 15.122968 0.000000
8.633841 4.984750 -50.546001
15.122968 8.731251 0.000000
9.969501 0.000000 -50.546001
17.462500 0.000000 0.000000
8.633841 -4.984750 -50.546001
15.122969 -8.731250 0.000000
4.984749 -8.633842 -50.546001
8.731248 -15.122970 0.000000
0.000000 -9.969501 -50.546001
0.000000 -17.462500 0.000000
-4.984749 -8.633842 -50.546001
-8.731249 -15.122969 0.000000
-8.633840 -4.984752 -50.546001
-15.122967 -8.731253 0.000000
-9.969501 0.000000 -50.546001
-17.462500 0.000000 0.000000
15.122968 8.731250 1.587500
8.731250 15.122969 1.587500
0.000000 17.462500 1.587500
-8.731251 15.122968 1.587500
-15.122968 8.731251 1.587500
-17.462500 0.000000 1.587500
-15.122969 -8.731250 1.587500
-8.731248 -15.122970 1.587500
0.000000 -17.462500 1.587500
8.731249 -15.122969 1.587500
15.122967 -8.731253 1.587500
17.462500 0.000000 1.587500
0
48
35 24
34 35
33 34
32 33
31 32
30 31
29 30
28 29
27 28
26 27
25 26
24 25
22 20
21 23
20 18
21 20
19 21
18 16
19 18
17 19
16 14
17 16
15 17
14 12
15 14
13 15
12 10
13 12
11 13
10 8
11 10
9 11
8 6
9 8
7 9
6 4
7 6
5 7
4 2
5 4
3 5
2 0
3 2
1 3
22 23
0 22
1 0
23 1
14
4 14 -45 13 -16
4 17 16 15 -19
4 20 19 18 -22
4 23 22 21 -25
4 26 25 24 -28
4 29 28 27 -31
4 32 31 30 -34
4 35 34 33 -37
4 38 37 36 -40
4 41 40 39 -43
4 44 43 42 -47
4 48 47 46 45
12 12 11 10 9 8 7 6 5 4 3 2 1
12 -39 -36 -33 -30 -27 -24 -21 -18 -15 -13 -46 -42
0
0
0
-2
*
24
15.122968 8.731250 1.587500
15.122968 8.731250 0.000000
8.731250 15.122969 1.587500
8.731250 15.122969 0.000000
0.000000 17.462500 1.587500
0.000000 17.462500 0.000000
-8.731251 15.122968 1.587500
-8.731251 15.122968 0.000000
-15.122968 8.731251 1.587500
-15.122968 8.731251 0.000000
-17.462500 0.000000 1.587500
-17.462500 0.000000 0.000000
-15.122969 -8.731250 1.587500
-15.122969 -8.731250 0.000000
-8.731248 -15.122970 1.587500
-8.731248 -15.122970 0.000000
0.000000 -17.462500 1.587500
0.000000 -17.462500 0.000000
8.731249 -15.122969 1.587500
8.731249 -15.122969 0.000000
15.122967 -8.731253 1.587500
15.122967 -8.731253 0.000000
17.462500 0.000000 1.587500
17.462500 0.000000 0.000000
0
36
22 20
21 23
20 18
21 20
19 21
18 16
19 18
17 19
16 14
17 16
15 17
14 12
15 14
13 15
12 10
13 12
11 13
10 8
11 10
9 11
8 6
9 8
7 9
6 4
7 6
5 7
4 2
5 4
3 5
2 0
3 2
1 3
22 23
0 22
1 0
23 1
12
4 2 -33 1 -4
4 5 4 3 -7
4 8 7 6 -10
4 11 10 9 -13
4 14 13 12 -16
4 17 16 15 -19
4 20 19 18 -22
4 23 22 21 -25
4 26 25 24 -28
4 29 28 27 -31
4 32 31 30 -35
4 36 35 34 33
0
0
0
-2
*
24
-7.112000 0.000000 -59.563000
-7.112000 0.000000 -60.833000
-6.159172 -3.556001 -59.563000
-6.159172 -3.556001 -60.833000
-3.556000 -6.159173 -59.563000
-3.556000 -6.159173 -60.833000
0.000000 -7.112000 -59.563000
0.000000 -7.112000 -60.833000
3.556000 -6.159173 -59.563000
3.556000 -6.159173 -60.833000
6.159173 -3.556000 -59.563000
6.159173 -3.556000 -60.833000
7.112000 0.000000 -59.563000
7.112000 0.000000 -60.833000
6.159173 3.556000 -59.563000
6.159173 3.556000 -60.833000
3.556000 6.159173 -59.563000
3.556000 6.159173 -60.833000
0.000000 7.112000 -59.563000
0.000000 7.112000 -60.833000
-3.556000 6.159173 -59.563000
-3.556000 6.159173 -60.833000
-6.159173 3.556000 -59.563000
-6.159173 3.556000 -60.833000
0
36
1 3
2 0
3 5
2 3
4 2
5 7
4 5
6 4
7 9
6 7
8 6
9 11
8 9
10 8
11 13
10 11
12 10
13 15
12 13
14 12
15 17
14 15
16 14
17 19
16 17
18 16
19 21
18 19
20 18
21 23
20 21
22 20
1 0
23 1
22 23
0 22
12
4 2 -33 1 -4
4 5 4 3 -7
4 8 7 6 -10
4 11 10 9 -13
4 14 13 12 -16
4 17 16 15 -19
4 20 19 18 -22
4 23 22 21 -25
4 26 25 24 -28
4 29 28 27 -31
4 32 31 30 -35
4 36 35 34 33
0
0
0
-2
*
24
-4.949335 2.857500 -62.103001
-6.159173 3.556000 -60.833000
-2.857500 4.949335 -62.103001
-3.556000 6.159173 -60.833000
0.000000 5.715000 -62.103001
0.000000 7.112000 -60.833000
2.857501 4.949335 -62.103001
3.556000 6.159173 -60.833000
4.949335 2.857500 -62.103001
6.159173 3.556000 -60.833000
5.715000 0.000000 -62.103001
7.112000 0.000000 -60.833000
4.949335 -2.857500 -62.103001
6.159173 -3.556000 -60.833000
2.857500 -4.949335 -62.103001
3.556000 -6.159173 -60.833000
0.000000 -5.715000 -62.103001
0.000000 -7.112000 -60.833000
-2.857499 -4.949335 -62.103001
-3.556000 -6.159173 -60.833000
-4.949334 -2.857501 -62.103001
-6.159172 -3.556001 -60.833000
-5.715000 0.000000 -62.103001
-7.112000 0.000000 -60.833000
0
36
22 20
21 23
20 18
21 20
19 21
18 16
19 18
17 19
16 14
17 16
15 17
14 12
15 14
13 15
12 10
13 12
11 13
10 8
11 10
9 11
8 6
9 8
7 9
6 4
7 6
5 7
4 2
5 4
3 5
2 0
3 2
1 3
22 23
0 22
1 0
23 1
13
4 2 -33 1 -4
4 5 4 3 -7
4 8 7 6 -10
4 11 10 9 -13
4 14 13 12 -16
4 17 16 15 -19
4 20 19 18 -22
4 23 22 21 -25
4 26 25 24 -28
4 29 28 27 -31
4 32 31 30 -35
4 36 35 34 33
12 -30 -27 -24 -21 -18 -15 -12 -9 -6 -3 -1 -34
0
0
0
-2
*
24
-9.017000 0.000000 -50.546001
-9.017000 0.000000 -53.086002
-7.808950 -4.508502 -50.546001
-7.808950 -4.508502 -53.086002
-4.508499 -7.808952 -50.546001
-4.508499 -7.808952 -53.086002
0.000000 -9.017000 -50.546001
0.000000 -9.017000 -53.086002
4.508499 -7.808952 -50.546001
4.508499 -7.808952 -53.086002
7.808951 -4.508500 -50.546001
7.808951 -4.508500 -53.086002
9.017000 0.000000 -50.546001
9.017000 0.000000 -53.086002
7.808951 4.508501 -50.546001
7.808951 4.508501 -53.086002
4.508501 7.808951 -50.546001
4.508501 7.808951 -53.086002
0.000000 9.017000 -50.546001
0.000000 9.017000 -53.086002
-4.508500 7.808951 -50.546001
-4.508500 7.808951 -53.086002
-7.808951 4.508500 -50.546001
-7.808951 4.508500 -53.086002
0
36
1 3
2 0
3 5
2 3
4 2
5 7
4 5
6 4
7 9
6 7
8 6
9 11
8 9
10 8
11 13
10 11
12 10
13 15
12 13
14 12
15 17
14 15
16 14
17 19
16 17
18 16
19 21
18 19
20 18
21 23
20 21
22 20
1 0
23 1
22 23
0 22
13
4 2 -33 1 -4
4 5 4 3 -7
4 8 7 6 -10
4 11 10 9 -13
4 14 13 12 -16
4 17 16 15 -19
4 20 19 18 -22
4 23 22 21 -25
4 26 25 24 -28
4 29 28 27 -31
4 32 31 30 -35
4 36 35 34 33
12 -9 -6 -3 -1 -34 -30 -27 -24 -21 -18 -15 -12
0
0
0
0
0
3
1
1
2
0
