14 DENEB_PART_FILE
1
-1
1
1.000000 0.000000 0.000000
0.000000 1.000000 0.000000
0.000000 0.000000 1.000000
-0.138710 0.000000 172.719971
0
0
0
24
-2
*
31
-174.625000 0.000000 95.250000
-151.229675 -87.312500 95.250000
-151.229675 -87.312500 172.720001
-174.625000 0.000000 172.720001
-87.312500 -151.229691 95.250000
-87.312500 -151.229691 172.720001
-17.062901 -170.053009 95.250000
-17.062901 -170.053009 172.720001
17.062901 -170.053009 95.250000
87.312508 -151.229675 95.250000
87.312508 -151.229675 172.720001
17.062901 -170.053009 172.720001
151.229675 -87.312508 95.250000
151.229675 -87.312508 172.720001
170.179993 -16.588959 95.250000
170.179993 -16.588959 172.720001
170.179993 16.588959 95.250000
151.229691 87.312500 95.250000
151.229691 87.312500 172.720001
170.179993 16.588970 172.720001
87.312477 151.229691 95.250000
87.312477 151.229691 172.720001
17.062910 170.053009 95.250000
17.062910 170.053009 172.720001
-17.062901 170.053009 95.250000
-87.312485 151.229691 95.250000
-87.312485 151.229691 172.720001
-17.062901 170.053009 172.720001
-151.229675 87.312531 95.250000
-151.229675 87.312531 172.720001
-67.627510 -156.504272 95.250000
0
47
0 1
1 2
2 3
3 0
1 4
4 5
5 2
4 6
6 7
7 5
8 9
9 10
10 11
11 8
9 12
12 13
13 10
12 14
14 15
15 13
16 17
17 18
18 19
19 16
17 20
20 21
21 18
20 22
22 23
23 21
24 25
25 26
26 27
27 24
25 28
28 29
29 26
28 0
3 29
7 11
15 19
23 27
22 24
16 14
8 6
6 30
30 4
15
4 1 2 3 4
4 5 6 7 -2
4 8 9 10 -6
4 11 12 13 14
4 15 16 17 -12
4 18 19 20 -16
4 21 22 23 24
4 25 26 27 -22
4 28 29 30 -26
4 31 32 33 34
4 35 36 37 -32
4 38 -4 39 -36
4 -34 -42 -29 43
15 -7 -10 40 -13 -17 -20 41 -23 -27 -30 42 -33 -37 -39 -3
16 44 -18 -15 -11 45 46 47 -5 -1 -38 -35 -31 -43 -28 -25 -21
0
0
0
-2
*
4
-17.062901 -170.053009 95.250000
-17.062901 -170.053009 172.720001
17.062901 -170.053009 172.720001
17.062901 -170.053009 95.250000
0
4
3 2
2 1
1 0
0 3
1
4 1 2 3 4
0
0
0
-2
*
20
-67.627510 227.624268 88.899994
-67.627502 156.504257 95.250000
-87.312508 151.229675 95.250000
-122.872513 212.821411 88.899994
-151.229675 87.312508 95.250000
-212.821411 122.872513 88.899994
-174.625000 0.000000 95.250000
-245.744995 0.000000 88.899994
-151.229691 -87.312500 95.250000
-212.821411 -122.872498 88.899994
-87.312477 -151.229691 95.250000
-122.872467 -212.821426 88.899994
-67.627510 -227.624268 88.899994
-67.627510 -156.504272 95.250000
-67.627510 -156.504257 15.875000
-67.627510 -227.624268 22.225010
-67.627510 -227.624268 38.099998
-67.627502 -207.939270 47.625000
-67.627510 -207.939240 63.500000
-67.627510 -227.624268 73.024994
0
28
10 11
11 12
12 13
13 10
8 9
9 11
10 8
6 7
7 9
8 6
4 5
5 7
6 4
2 3
3 5
4 2
0 3
2 1
1 0
17 16
16 15
15 14
14 17
13 18
18 17
14 13
12 19
19 18
9
4 1 2 3 4
4 5 6 -1 7
4 8 9 -5 10
4 11 12 -8 13
4 14 15 -11 16
4 17 -14 18 19
4 20 21 22 23
4 24 25 -23 26
4 -3 27 28 -24
0
0
0
-2
*
14
-174.625000 0.000000 15.875000
-245.744995 0.000000 22.225010
-212.821381 -122.872536 22.225010
-151.229675 -87.312531 15.875000
-122.872475 -212.821411 22.225010
-87.312485 -151.229691 15.875000
-67.627510 -156.504257 15.875000
-67.627510 -227.624268 22.225010
-67.627510 156.504257 15.875000
-67.627502 227.624268 22.225010
-122.872482 212.821411 22.225010
-87.312500 151.229691 15.875000
-212.821411 122.872498 22.225010
-151.229675 87.312500 15.875000
0
19
3 2
2 1
1 0
0 3
5 4
4 2
3 5
7 4
5 6
6 7
11 10
10 9
9 8
8 11
13 12
12 10
11 13
1 12
13 0
6
4 1 2 3 4
4 5 6 -1 7
4 8 -5 9 10
4 11 12 13 14
4 15 16 -11 17
4 -3 18 -15 19
0
0
0
-2
*
14
-245.744995 0.000000 38.099998
-212.821381 -122.872536 38.099998
-212.821381 -122.872536 22.225010
-245.744995 0.000000 22.225010
-122.872475 -212.821411 38.099998
-122.872475 -212.821411 22.225010
-67.627510 -227.624268 38.099998
-67.627510 -227.624268 22.225010
-67.627502 227.624268 38.099998
-122.872482 212.821411 38.099998
-122.872482 212.821411 22.225010
-67.627510 227.624268 22.225010
-212.821411 122.872498 38.099998
-212.821411 122.872498 22.225010
0
19
3 2
2 1
1 0
0 3
2 5
5 4
4 1
5 7
7 6
6 4
11 10
10 9
9 8
8 11
10 13
13 12
12 9
13 3
0 12
6
4 1 2 3 4
4 5 6 7 -2
4 8 9 10 -6
4 11 12 13 14
4 15 16 17 -12
4 18 -4 19 -16
0
0
0
-2
*
14
-212.821381 -122.872536 38.099998
-195.773682 -113.030029 47.625000
-113.029976 -195.773697 47.625000
-122.872475 -212.821411 38.099998
-67.627510 -227.624268 38.099998
-67.627510 -207.939240 47.625000
-67.627510 227.624268 38.099998
-67.627510 207.939270 47.625000
-113.029984 195.773697 47.625000
-122.872482 212.821411 38.099998
-195.773697 113.029984 47.625000
-212.821411 122.872498 38.099998
-226.059998 0.000000 47.625000
-245.744995 0.000000 38.099998
0
19
3 2
2 1
1 0
0 3
5 2
3 4
4 5
9 8
8 7
7 6
6 9
11 10
10 8
9 11
13 12
12 10
11 13
1 12
13 0
6
4 1 2 3 4
4 5 -1 6 7
4 8 9 10 11
4 12 13 -8 14
4 15 16 -12 17
4 -3 18 -15 19
0
0
0
-2
*
20
-226.059998 0.000000 63.500000
-195.773682 -113.030029 63.500000
-195.773682 -113.030029 47.625000
-226.059998 0.000000 47.625000
-113.029976 -195.773697 63.500000
-113.029976 -195.773697 47.625000
-67.627510 -207.939240 63.500000
-67.627502 -207.939270 47.625000
-67.627510 207.939270 63.500000
-113.029984 195.773697 63.500000
-113.029984 195.773697 47.625000
-67.627510 207.939270 47.625000
-195.773697 113.029984 63.500000
-195.773697 113.029984 47.625000
-67.627502 156.504257 95.250000
-67.627510 227.624268 88.899994
-67.627510 227.624268 73.024994
-67.627510 227.624268 38.099998
-67.627510 227.624268 22.225010
-67.627510 156.504257 15.875000
0
28
3 2
2 1
1 0
0 3
2 5
5 4
4 1
5 7
7 6
6 4
11 10
10 9
9 8
8 11
10 13
13 12
12 9
13 3
0 12
8 16
16 15
15 14
14 8
19 18
18 17
17 11
11 19
14 19
9
4 1 2 3 4
4 5 6 7 -2
4 8 9 10 -6
4 11 12 13 14
4 15 16 17 -12
4 18 -4 19 -16
4 20 21 22 23
4 24 25 26 27
4 -27 -14 -23 28
0
0
0
-2
*
14
-67.627510 207.939270 63.500000
-67.627510 227.624268 73.024994
-122.872513 212.821411 73.024994
-113.030006 195.773697 63.500000
-212.821411 122.872513 73.024994
-195.773697 113.030006 63.500000
-245.744995 0.000000 73.024994
-226.059998 0.000000 63.500000
-212.821411 -122.872498 73.024994
-195.773697 -113.029984 63.500000
-122.872467 -212.821426 73.024994
-113.029976 -195.773712 63.500000
-67.627502 -207.939270 63.500000
-67.627510 -227.624268 73.024994
0
19
10 11
11 12
12 13
13 10
8 9
9 11
10 8
6 7
7 9
8 6
4 5
5 7
6 4
2 3
3 5
4 2
0 3
2 1
1 0
6
4 1 2 3 4
4 5 6 -1 7
4 8 9 -5 10
4 11 12 -8 13
4 14 15 -11 16
4 17 -14 18 19
0
0
0
-2
*
14
-67.627510 -227.624268 73.024994
-122.872467 -212.821426 73.024994
-122.872467 -212.821426 88.899994
-67.627510 -227.624268 88.899994
-212.821411 -122.872498 73.024994
-212.821411 -122.872498 88.899994
-245.744995 0.000000 73.024994
-245.744995 0.000000 88.899994
-212.821411 122.872513 73.024994
-212.821411 122.872513 88.899994
-122.872513 212.821411 73.024994
-122.872513 212.821411 88.899994
-67.627510 227.624268 73.024994
-67.627510 227.624268 88.899994
0
19
3 2
2 1
1 0
0 3
2 5
5 4
4 1
5 7
7 6
6 4
7 9
9 8
8 6
9 11
11 10
10 8
11 13
13 12
12 10
6
4 1 2 3 4
4 5 6 7 -2
4 8 9 10 -6
4 11 12 13 -9
4 14 15 16 -12
4 17 18 19 -15
0
0
0
-2
*
14
67.627510 227.624268 88.899994
67.627510 227.624268 73.024994
122.872513 212.821411 88.899994
122.872513 212.821411 73.024994
212.821411 122.872513 88.899994
212.821411 122.872513 73.024994
245.744995 0.000000 88.899994
245.744995 0.000000 73.024994
212.821411 -122.872498 88.899994
212.821411 -122.872498 73.024994
67.627510 -227.624268 88.899994
122.872467 -212.821426 88.899994
122.872467 -212.821426 73.024994
67.627510 -227.624268 73.024994
0
19
13 12
12 11
11 10
10 13
12 9
9 8
8 11
9 7
7 6
6 8
7 5
5 4
4 6
5 3
3 2
2 4
3 1
1 0
0 2
6
4 1 2 3 4
4 5 6 7 -2
4 8 9 10 -6
4 11 12 13 -9
4 14 15 16 -12
4 17 18 19 -15
0
0
0
-2
*
14
67.627510 -227.624268 73.024994
67.627502 -207.939270 63.500000
113.029976 -195.773712 63.500000
122.872467 -212.821426 73.024994
195.773697 -113.029984 63.500000
212.821411 -122.872498 73.024994
226.059998 0.000000 63.500000
245.744995 0.000000 73.024994
195.773697 113.030006 63.500000
212.821411 122.872513 73.024994
113.030006 195.773697 63.500000
122.872513 212.821411 73.024994
67.627510 227.624268 73.024994
67.627510 207.939270 63.500000
0
19
0 1
1 2
2 3
3 0
2 4
4 5
5 3
4 6
6 7
7 5
6 8
8 9
9 7
8 10
10 11
11 9
12 11
10 13
13 12
6
4 1 2 3 4
4 -3 5 6 7
4 -6 8 9 10
4 -9 11 12 13
4 -12 14 15 16
4 17 -15 18 19
0
0
0
-2
*
20
67.627510 156.504257 15.875000
67.627510 227.624268 22.225010
67.627510 227.624268 38.099998
67.627510 227.624268 73.024994
67.627510 227.624268 88.899994
67.627502 156.504257 95.250000
195.773697 113.029984 47.625000
195.773697 113.029984 63.500000
67.627510 207.939270 47.625000
113.029984 195.773697 47.625000
113.029984 195.773697 63.500000
67.627510 207.939270 63.500000
67.627502 -207.939270 47.625000
67.627510 -207.939240 63.500000
113.029976 -195.773697 47.625000
113.029976 -195.773697 63.500000
226.059998 0.000000 47.625000
195.773682 -113.030029 47.625000
195.773682 -113.030029 63.500000
226.059998 0.000000 63.500000
0
28
19 18
18 17
17 16
16 19
18 15
15 14
14 17
15 13
13 12
12 14
11 10
10 9
9 8
8 11
10 7
7 6
6 9
7 19
16 6
5 4
4 3
3 11
11 5
8 2
2 1
1 0
0 8
0 5
9
4 1 2 3 4
4 5 6 7 -2
4 8 9 10 -6
4 11 12 13 14
4 15 16 17 -12
4 18 -4 19 -16
4 20 21 22 23
4 24 25 26 27
4 -23 -14 -27 28
0
0
0
-2
*
14
245.744995 0.000000 38.099998
226.059998 0.000000 47.625000
212.821411 122.872498 38.099998
195.773697 113.029984 47.625000
122.872482 212.821411 38.099998
113.029984 195.773697 47.625000
67.627510 207.939270 47.625000
67.627510 227.624268 38.099998
67.627510 -207.939240 47.625000
67.627510 -227.624268 38.099998
122.872475 -212.821411 38.099998
113.029976 -195.773697 47.625000
195.773682 -113.030029 47.625000
212.821381 -122.872536 38.099998
0
19
13 12
12 11
11 10
10 13
9 10
11 8
8 9
7 6
6 5
5 4
4 7
5 3
3 2
2 4
3 1
1 0
0 2
1 12
13 0
6
4 1 2 3 4
4 5 -3 6 7
4 8 9 10 11
4 -10 12 13 14
4 -13 15 16 17
4 -16 18 -1 19
0
0
0
-2
*
14
212.821411 122.872498 22.225010
212.821411 122.872498 38.099998
67.627510 227.624268 22.225010
122.872482 212.821411 22.225010
122.872482 212.821411 38.099998
67.627502 227.624268 38.099998
67.627510 -227.624268 22.225010
67.627510 -227.624268 38.099998
122.872475 -212.821411 22.225010
122.872475 -212.821411 38.099998
245.744995 0.000000 22.225010
212.821381 -122.872536 22.225010
212.821381 -122.872536 38.099998
245.744995 0.000000 38.099998
0
19
13 12
12 11
11 10
10 13
12 9
9 8
8 11
9 7
7 6
6 8
5 4
4 3
3 2
2 5
4 1
1 0
0 3
1 13
10 0
6
4 1 2 3 4
4 5 6 7 -2
4 8 9 10 -6
4 11 12 13 14
4 15 16 17 -12
4 18 -4 19 -16
0
0
0
-2
*
14
151.229675 87.312500 15.875000
212.821411 122.872498 22.225010
87.312500 151.229691 15.875000
122.872482 212.821411 22.225010
67.627502 227.624268 22.225010
67.627510 156.504257 15.875000
67.627510 -227.624268 22.225010
67.627510 -156.504257 15.875000
87.312485 -151.229691 15.875000
122.872475 -212.821411 22.225010
151.229675 -87.312531 15.875000
212.821381 -122.872536 22.225010
245.744995 0.000000 22.225010
174.625000 0.000000 15.875000
0
19
13 12
12 11
11 10
10 13
11 9
9 8
8 10
7 8
9 6
6 7
5 4
4 3
3 2
2 5
3 1
1 0
0 2
1 12
13 0
6
4 1 2 3 4
4 -3 5 6 7
4 8 -6 9 10
4 11 12 13 14
4 -13 15 16 17
4 -16 18 -1 19
0
0
0
-2
*
25
-67.627502 156.504257 95.250000
-67.627510 156.504257 15.875000
67.627510 156.504257 15.875000
-67.627510 -156.504257 15.875000
-67.627510 -156.504272 95.250000
67.627510 -227.624268 73.024994
67.627510 -207.939240 63.500000
67.627502 -207.939270 47.625000
67.627510 -227.624268 38.099998
67.627510 -227.624268 22.225010
67.627510 -156.504257 15.875000
67.627510 -156.504272 95.250000
67.627510 -227.624268 88.899994
122.872467 -212.821426 88.899994
87.312477 -151.229691 95.250000
212.821411 -122.872498 88.899994
151.229691 -87.312500 95.250000
245.744995 0.000000 88.899994
174.625000 0.000000 95.250000
212.821411 122.872513 88.899994
151.229675 87.312508 95.250000
122.872513 212.821411 88.899994
87.312508 151.229675 95.250000
67.627502 156.504257 95.250000
67.627510 227.624268 88.899994
0
35
11 12
12 13
13 14
14 11
13 15
15 16
16 14
15 17
17 18
18 16
17 19
19 20
20 18
19 21
21 22
22 20
23 22
21 24
24 23
10 9
9 8
8 7
7 10
7 6
6 11
11 10
6 5
5 12
11 4
4 3
3 10
23 2
2 1
1 0
0 23
11
4 1 2 3 4
4 -3 5 6 7
4 -6 8 9 10
4 -9 11 12 13
4 -12 14 15 16
4 17 -15 18 19
4 20 21 22 23
4 -23 24 25 26
4 27 28 -1 -25
4 29 30 31 -26
4 32 33 34 35
0
0
0
-2
*
4
170.179993 -16.588959 95.250000
170.179993 -16.588959 172.720001
170.179993 16.588970 172.720001
170.179993 16.588959 95.250000
0
4
3 2
2 1
1 0
0 3
1
4 1 2 3 4
0
0
0
-2
*
24
-51.434998 0.000000 -530.860046
-51.434998 0.000000 -572.770020
-44.544010 -25.717510 -530.860046
-44.544010 -25.717510 -572.770020
-25.717489 -44.544022 -530.860046
-25.717489 -44.544022 -572.770020
0.000000 -51.434998 -530.860046
0.000000 -51.434998 -572.770020
25.717489 -44.544022 -530.860046
25.717489 -44.544022 -572.770020
44.544010 -25.717499 -530.860046
44.544010 -25.717499 -572.770020
51.434998 0.000000 -530.860046
51.434998 0.000000 -572.770020
44.544010 25.717499 -530.860046
44.544010 25.717499 -572.770020
25.717499 44.544010 -530.860046
25.717499 44.544010 -572.770020
0.000000 51.434998 -530.860046
0.000000 51.434998 -572.770020
-25.717499 44.544010 -530.860046
-25.717499 44.544010 -572.770020
-44.544010 25.717489 -530.860046
-44.544010 25.717489 -572.770020
0
36
0 22
22 23
23 1
1 0
22 20
20 21
21 23
20 18
18 19
19 21
18 16
16 17
17 19
16 14
14 15
15 17
14 12
12 13
13 15
12 10
10 11
11 13
10 8
8 9
9 11
8 6
6 7
7 9
6 4
4 5
5 7
4 2
2 3
3 5
2 0
1 3
12
4 1 2 3 4
4 5 6 7 -2
4 8 9 10 -6
4 11 12 13 -9
4 14 15 16 -12
4 17 18 19 -15
4 20 21 22 -18
4 23 24 25 -21
4 26 27 28 -24
4 29 30 31 -27
4 32 33 34 -30
4 35 -4 36 -33
0
0
0
-2
*
24
61.591728 -35.560001 -595.630005
35.560001 -61.591728 -595.630005
0.000000 -71.120003 -595.630005
-35.560001 -61.591728 -595.630005
-61.591721 -35.560009 -595.630005
-71.120003 0.000000 -595.630005
-61.591728 35.560001 -595.630005
-35.560001 61.591728 -595.630005
0.000000 71.120003 -595.630005
35.560001 61.591728 -595.630005
61.591728 35.560001 -595.630005
71.120003 0.000000 -595.630005
44.544010 -25.717499 -572.770020
51.434998 0.000000 -572.770020
44.544010 25.717499 -572.770020
25.717499 44.544010 -572.770020
0.000000 51.434998 -572.770020
-25.717499 44.544010 -572.770020
-44.544010 25.717489 -572.770020
-51.434998 0.000000 -572.770020
-44.544010 -25.717510 -572.770020
-25.717489 -44.544022 -572.770020
0.000000 -51.434998 -572.770020
25.717489 -44.544022 -572.770020
0
36
0 1
1 2
2 3
3 4
4 5
5 6
6 7
7 8
8 9
9 10
10 11
11 0
12 0
11 13
13 12
10 14
14 13
9 15
15 14
8 16
16 15
7 17
17 16
6 18
18 17
5 19
19 18
4 20
20 19
3 21
21 20
2 22
22 21
1 23
23 22
12 23
13
4 13 -12 14 15
4 -14 -11 16 17
4 -16 -10 18 19
4 -18 -9 20 21
4 -20 -8 22 23
4 -22 -7 24 25
4 -24 -6 26 27
4 -26 -5 28 29
4 -28 -4 30 31
4 -30 -3 32 33
4 -32 -2 34 35
4 -34 -1 -13 36
12 1 2 3 4 5 6 7 8 9 10 11 12
0
0
0
-2
*
36
174.625000 0.000000 15.875000
151.229675 -87.312531 15.875000
87.312485 -151.229691 15.875000
0.000000 -174.625000 15.875000
-87.312477 -151.229691 15.875000
-151.229691 -87.312500 15.875000
-174.625000 0.000000 15.875000
-151.229675 87.312508 15.875000
-87.312508 151.229675 15.875000
0.000000 174.625000 15.875000
87.312500 151.229691 15.875000
151.229675 87.312500 15.875000
-174.625000 0.000000 0.000000
-99.695007 0.000000 -505.460022
-151.229675 -87.312531 0.000000
-86.338394 -49.847523 -505.460022
-87.312485 -151.229691 0.000000
-49.847488 -86.338425 -505.460022
0.000000 -174.625000 0.000000
0.000000 -99.695007 -505.460022
87.312477 -151.229691 0.000000
49.847488 -86.338425 -505.460022
151.229691 -87.312500 0.000000
86.338409 -49.847496 -505.460022
174.625000 0.000000 0.000000
99.695007 0.000000 -505.460022
151.229675 87.312508 0.000000
86.338409 49.847496 -505.460022
87.312508 151.229675 0.000000
49.847496 86.338409 -505.460022
0.000000 174.625000 0.000000
0.000000 99.695007 -505.460022
-87.312500 151.229691 0.000000
-49.847496 86.338409 -505.460022
-151.229675 87.312500 0.000000
-86.338409 49.847496 -505.460022
0
48
12 34
34 35
35 13
13 12
34 32
32 33
33 35
32 30
30 31
31 33
30 28
28 29
29 31
28 26
26 27
27 29
26 24
24 25
25 27
24 22
22 23
23 25
22 20
20 21
21 23
20 18
18 19
19 21
18 16
16 17
17 19
16 14
14 15
15 17
14 12
13 15
11 10
10 9
9 8
8 7
7 6
6 5
5 4
4 3
3 2
2 1
1 0
0 11
14
4 1 2 3 4
4 5 6 7 -2
4 8 9 10 -6
4 11 12 13 -9
4 14 15 16 -12
4 17 18 19 -15
4 20 21 22 -18
4 23 24 25 -21
4 26 27 28 -24
4 29 30 31 -27
4 32 33 34 -30
4 35 -4 36 -33
12 -10 -13 -16 -19 -22 -25 -28 -31 -34 -36 -3 -7
12 37 38 39 40 41 42 43 44 45 46 47 48
0
0
0
-2
*
24
174.625000 0.000000 0.000000
174.625000 0.000000 15.875000
151.229675 -87.312531 0.000000
151.229675 -87.312531 15.875000
87.312485 -151.229691 0.000000
87.312485 -151.229691 15.875000
0.000000 -174.625000 0.000000
0.000000 -174.625000 15.875000
-87.312477 -151.229691 0.000000
-87.312477 -151.229691 15.875000
-151.229691 -87.312500 0.000000
-151.229691 -87.312500 15.875000
-174.625000 0.000000 0.000000
-174.625000 0.000000 15.875000
-151.229675 87.312508 0.000000
-151.229675 87.312508 15.875000
-87.312508 151.229675 0.000000
-87.312508 151.229675 15.875000
0.000000 174.625000 0.000000
0.000000 174.625000 15.875000
87.312500 151.229691 0.000000
87.312500 151.229691 15.875000
151.229675 87.312500 0.000000
151.229675 87.312500 15.875000
0
36
0 22
22 23
23 1
1 0
22 20
20 21
21 23
20 18
18 19
19 21
18 16
16 17
17 19
16 14
14 15
15 17
14 12
12 13
13 15
12 10
10 11
11 13
10 8
8 9
9 11
8 6
6 7
7 9
6 4
4 5
5 7
4 2
2 3
3 5
2 0
1 3
12
4 1 2 3 4
4 5 6 7 -2
4 8 9 10 -6
4 11 12 13 -9
4 14 15 16 -12
4 17 18 19 -15
4 20 21 22 -18
4 23 24 25 -21
4 26 27 28 -24
4 29 30 31 -27
4 32 33 34 -30
4 35 -4 36 -33
0
0
0
-2
*
24
-61.591728 35.560001 -608.330017
-61.591728 35.560001 -595.630005
-35.560001 61.591728 -608.330017
-35.560001 61.591728 -595.630005
0.000000 71.120003 -608.330017
0.000000 71.120003 -595.630005
35.560001 61.591728 -608.330017
35.560001 61.591728 -595.630005
61.591728 35.560001 -608.330017
61.591728 35.560001 -595.630005
71.120003 0.000000 -608.330017
71.120003 0.000000 -595.630005
61.591728 -35.560001 -608.330017
61.591728 -35.560001 -595.630005
35.560001 -61.591728 -608.330017
35.560001 -61.591728 -595.630005
0.000000 -71.120003 -608.330017
0.000000 -71.120003 -595.630005
-35.560001 -61.591728 -608.330017
-35.560001 -61.591728 -595.630005
-61.591721 -35.560009 -608.330017
-61.591721 -35.560009 -595.630005
-71.120003 0.000000 -608.330017
-71.120003 0.000000 -595.630005
0
36
23 1
1 0
0 22
22 23
1 3
3 2
2 0
3 5
5 4
4 2
5 7
7 6
6 4
7 9
9 8
8 6
9 11
11 10
10 8
11 13
13 12
12 10
13 15
15 14
14 12
15 17
17 16
16 14
17 19
19 18
18 16
19 21
21 20
20 18
21 23
22 20
12
4 1 2 3 4
4 5 6 7 -2
4 8 9 10 -6
4 11 12 13 -9
4 14 15 16 -12
4 17 18 19 -15
4 20 21 22 -18
4 23 24 25 -21
4 26 27 28 -24
4 29 30 31 -27
4 32 33 34 -30
4 35 -4 36 -33
0
0
0
-2
*
24
-71.120003 0.000000 -608.330017
-57.150002 0.000000 -621.030029
-61.591721 -35.560009 -608.330017
-49.493340 -28.575010 -621.030029
-35.560001 -61.591728 -608.330017
-28.574989 -49.493351 -621.030029
0.000000 -71.120003 -608.330017
0.000000 -57.150002 -621.030029
35.560001 -61.591728 -608.330017
28.575001 -49.493351 -621.030029
61.591728 -35.560001 -608.330017
49.493351 -28.575001 -621.030029
71.120003 0.000000 -608.330017
57.150002 0.000000 -621.030029
61.591728 35.560001 -608.330017
49.493351 28.575001 -621.030029
35.560001 61.591728 -608.330017
28.575010 49.493351 -621.030029
0.000000 71.120003 -608.330017
0.000000 57.150002 -621.030029
-35.560001 61.591728 -608.330017
-28.575001 49.493351 -621.030029
-61.591728 35.560001 -608.330017
-49.493351 28.575001 -621.030029
0
36
0 22
22 23
23 1
1 0
22 20
20 21
21 23
20 18
18 19
19 21
18 16
16 17
17 19
16 14
14 15
15 17
14 12
12 13
13 15
12 10
10 11
11 13
10 8
8 9
9 11
8 6
6 7
7 9
6 4
4 5
5 7
4 2
2 3
3 5
2 0
1 3
13
4 1 2 3 4
4 5 6 7 -2
4 8 9 10 -6
4 11 12 13 -9
4 14 15 16 -12
4 17 18 19 -15
4 20 21 22 -18
4 23 24 25 -21
4 26 27 28 -24
4 29 30 31 -27
4 32 33 34 -30
4 35 -4 36 -33
12 -7 -10 -13 -16 -19 -22 -25 -28 -31 -34 -36 -3
0
0
0
-2
*
24
-78.089508 45.084999 -530.860046
-78.089508 45.084999 -505.460022
-45.084999 78.089508 -530.860046
-45.084999 78.089508 -505.460022
0.000000 90.169998 -530.860046
0.000000 90.169998 -505.460022
45.085011 78.089508 -530.860046
45.085011 78.089508 -505.460022
78.089508 45.085011 -530.860046
78.089508 45.085011 -505.460022
90.169998 0.000000 -530.860046
90.169998 0.000000 -505.460022
78.089508 -45.084999 -530.860046
78.089508 -45.084999 -505.460022
45.084991 -78.089516 -530.860046
45.084991 -78.089516 -505.460022
0.000000 -90.169998 -530.860046
0.000000 -90.169998 -505.460022
-45.084991 -78.089516 -530.860046
-45.084991 -78.089516 -505.460022
-78.089500 -45.085022 -530.860046
-78.089500 -45.085022 -505.460022
-90.169998 0.000000 -530.860046
-90.169998 0.000000 -505.460022
0
36
23 1
1 0
0 22
22 23
1 3
3 2
2 0
3 5
5 4
4 2
5 7
7 6
6 4
7 9
9 8
8 6
9 11
11 10
10 8
11 13
13 12
12 10
13 15
15 14
14 12
15 17
17 16
16 14
17 19
19 18
18 16
19 21
21 20
20 18
21 23
22 20
13
4 1 2 3 4
4 5 6 7 -2
4 8 9 10 -6
4 11 12 13 -9
4 14 15 16 -12
4 17 18 19 -15
4 20 21 22 -18
4 23 24 25 -21
4 26 27 28 -24
4 29 30 31 -27
4 32 33 34 -30
4 35 -4 36 -33
12 -28 -31 -34 -36 -3 -7 -10 -13 -16 -19 -22 -25
0
0
0
0
0
3
1
1
2
0
