14 DENEB_PART_FILE
1
-1
1
1.000000 0.000000 0.000000
0.000000 1.000000 0.000000
0.000000 0.000000 1.000000
-0.006936 0.000000 8.635999
0
0
0
24
-2
*
31
-8.731250 0.000000 4.762500
-7.561484 -4.365625 4.762500
-7.561484 -4.365625 8.636000
-8.731250 0.000000 8.636000
-4.365625 -7.561484 4.762500
-4.365625 -7.561484 8.636000
-0.853145 -8.502650 4.762500
-0.853145 -8.502650 8.636000
0.853145 -8.502650 4.762500
4.365625 -7.561484 4.762500
4.365625 -7.561484 8.636000
0.853145 -8.502650 8.636000
7.561484 -4.365625 4.762500
7.561484 -4.365625 8.636000
8.509000 -0.829448 4.762500
8.509000 -0.829448 8.636000
8.509000 0.829448 4.762500
7.561484 4.365625 4.762500
7.561484 4.365625 8.636000
8.509000 0.829449 8.636000
4.365624 7.561485 4.762500
4.365624 7.561485 8.636000
0.853145 8.502650 4.762500
0.853145 8.502650 8.636000
-0.853145 8.502650 4.762500
-4.365624 7.561484 4.762500
-4.365624 7.561484 8.636000
-0.853145 8.502650 8.636000
-7.561483 4.365626 4.762500
-7.561483 4.365626 8.636000
-3.381376 -7.825213 4.762500
0
47
0 1
1 2
2 3
3 0
1 4
4 5
5 2
4 6
6 7
7 5
8 9
9 10
10 11
11 8
9 12
12 13
13 10
12 14
14 15
15 13
16 17
17 18
18 19
19 16
17 20
20 21
21 18
20 22
22 23
23 21
24 25
25 26
26 27
27 24
25 28
28 29
29 26
28 0
3 29
7 11
15 19
23 27
22 24
16 14
8 6
6 30
30 4
15
4 1 2 3 4
4 5 6 7 -2
4 8 9 10 -6
4 11 12 13 14
4 15 16 17 -12
4 18 19 20 -16
4 21 22 23 24
4 25 26 27 -22
4 28 29 30 -26
4 31 32 33 34
4 35 36 37 -32
4 38 -4 39 -36
4 -34 -42 -29 43
15 -7 -10 40 -13 -17 -20 41 -23 -27 -30 42 -33 -37 -39 -3
16 44 -18 -15 -11 45 46 47 -5 -1 -38 -35 -31 -43 -28 -25 -21
0
0
0
-2
*
4
-0.853145 -8.502650 4.762500
-0.853145 -8.502650 8.636000
0.853145 -8.502650 8.636000
0.853145 -8.502650 4.762500
0
4
3 2
2 1
1 0
0 3
1
4 1 2 3 4
0
0
0
-2
*
20
-3.381376 11.381213 4.445000
-3.381375 7.825213 4.762500
-4.365625 7.561484 4.762500
-6.143626 10.641070 4.445000
-7.561484 4.365625 4.762500
-10.641070 6.143626 4.445000
-8.731250 0.000000 4.762500
-12.287250 0.000000 4.445000
-7.561484 -4.365625 4.762500
-10.641070 -6.143625 4.445000
-4.365624 -7.561485 4.762500
-6.143623 -10.641071 4.445000
-3.381376 -11.381213 4.445000
-3.381376 -7.825213 4.762500
-3.381376 -7.825213 0.793750
-3.381376 -11.381213 1.111251
-3.381376 -11.381213 1.905000
-3.381375 -10.396963 2.381250
-3.381376 -10.396962 3.175000
-3.381376 -11.381213 3.651250
0
28
10 11
11 12
12 13
13 10
8 9
9 11
10 8
6 7
7 9
8 6
4 5
5 7
6 4
2 3
3 5
4 2
0 3
2 1
1 0
17 16
16 15
15 14
14 17
13 18
18 17
14 13
12 19
19 18
9
4 1 2 3 4
4 5 6 -1 7
4 8 9 -5 10
4 11 12 -8 13
4 14 15 -11 16
4 17 -14 18 19
4 20 21 22 23
4 24 25 -23 26
4 -3 27 28 -24
0
0
0
-2
*
14
-8.731250 0.000000 0.793750
-12.287250 0.000000 1.111251
-10.641069 -6.143627 1.111251
-7.561483 -4.365626 0.793750
-6.143624 -10.641070 1.111251
-4.365624 -7.561484 0.793750
-3.381376 -7.825213 0.793750
-3.381376 -11.381213 1.111251
-3.381376 7.825213 0.793750
-3.381375 11.381213 1.111251
-6.143624 10.641070 1.111251
-4.365625 7.561484 0.793750
-10.641070 6.143625 1.111251
-7.561484 4.365625 0.793750
0
19
3 2
2 1
1 0
0 3
5 4
4 2
3 5
7 4
5 6
6 7
11 10
10 9
9 8
8 11
13 12
12 10
11 13
1 12
13 0
6
4 1 2 3 4
4 5 6 -1 7
4 8 -5 9 10
4 11 12 13 14
4 15 16 -11 17
4 -3 18 -15 19
0
0
0
-2
*
14
-12.287250 0.000000 1.905000
-10.641069 -6.143627 1.905000
-10.641069 -6.143627 1.111251
-12.287250 0.000000 1.111251
-6.143624 -10.641070 1.905000
-6.143624 -10.641070 1.111251
-3.381376 -11.381213 1.905000
-3.381376 -11.381213 1.111251
-3.381375 11.381213 1.905000
-6.143624 10.641070 1.905000
-6.143624 10.641070 1.111251
-3.381376 11.381213 1.111251
-10.641070 6.143625 1.905000
-10.641070 6.143625 1.111251
0
19
3 2
2 1
1 0
0 3
2 5
5 4
4 1
5 7
7 6
6 4
11 10
10 9
9 8
8 11
10 13
13 12
12 9
13 3
0 12
6
4 1 2 3 4
4 5 6 7 -2
4 8 9 10 -6
4 11 12 13 14
4 15 16 17 -12
4 18 -4 19 -16
0
0
0
-2
*
14
-10.641069 -6.143627 1.905000
-9.788684 -5.651502 2.381250
-5.651499 -9.788685 2.381250
-6.143624 -10.641070 1.905000
-3.381376 -11.381213 1.905000
-3.381376 -10.396962 2.381250
-3.381376 11.381213 1.905000
-3.381376 10.396963 2.381250
-5.651499 9.788685 2.381250
-6.143624 10.641070 1.905000
-9.788685 5.651499 2.381250
-10.641070 6.143625 1.905000
-11.302999 0.000000 2.381250
-12.287250 0.000000 1.905000
0
19
3 2
2 1
1 0
0 3
5 2
3 4
4 5
9 8
8 7
7 6
6 9
11 10
10 8
9 11
13 12
12 10
11 13
1 12
13 0
6
4 1 2 3 4
4 5 -1 6 7
4 8 9 10 11
4 12 13 -8 14
4 15 16 -12 17
4 -3 18 -15 19
0
0
0
-2
*
20
-11.302999 0.000000 3.175000
-9.788684 -5.651502 3.175000
-9.788684 -5.651502 2.381250
-11.302999 0.000000 2.381250
-5.651499 -9.788685 3.175000
-5.651499 -9.788685 2.381250
-3.381376 -10.396962 3.175000
-3.381375 -10.396963 2.381250
-3.381376 10.396963 3.175000
-5.651499 9.788685 3.175000
-5.651499 9.788685 2.381250
-3.381376 10.396963 2.381250
-9.788685 5.651499 3.175000
-9.788685 5.651499 2.381250
-3.381375 7.825213 4.762500
-3.381376 11.381213 4.445000
-3.381376 11.381213 3.651250
-3.381376 11.381213 1.905000
-3.381376 11.381213 1.111251
-3.381376 7.825213 0.793750
0
28
3 2
2 1
1 0
0 3
2 5
5 4
4 1
5 7
7 6
6 4
11 10
10 9
9 8
8 11
10 13
13 12
12 9
13 3
0 12
8 16
16 15
15 14
14 8
19 18
18 17
17 11
11 19
14 19
9
4 1 2 3 4
4 5 6 7 -2
4 8 9 10 -6
4 11 12 13 14
4 15 16 17 -12
4 18 -4 19 -16
4 20 21 22 23
4 24 25 26 27
4 -27 -14 -23 28
0
0
0
-2
*
14
-3.381376 10.396963 3.175000
-3.381376 11.381213 3.651250
-6.143626 10.641070 3.651250
-5.651500 9.788685 3.175000
-10.641070 6.143626 3.651250
-9.788685 5.651500 3.175000
-12.287250 0.000000 3.651250
-11.302999 0.000000 3.175000
-10.641070 -6.143625 3.651250
-9.788685 -5.651499 3.175000
-6.143623 -10.641071 3.651250
-5.651499 -9.788686 3.175000
-3.381375 -10.396963 3.175000
-3.381376 -11.381213 3.651250
0
19
10 11
11 12
12 13
13 10
8 9
9 11
10 8
6 7
7 9
8 6
4 5
5 7
6 4
2 3
3 5
4 2
0 3
2 1
1 0
6
4 1 2 3 4
4 5 6 -1 7
4 8 9 -5 10
4 11 12 -8 13
4 14 15 -11 16
4 17 -14 18 19
0
0
0
-2
*
14
-3.381376 -11.381213 3.651250
-6.143623 -10.641071 3.651250
-6.143623 -10.641071 4.445000
-3.381376 -11.381213 4.445000
-10.641070 -6.143625 3.651250
-10.641070 -6.143625 4.445000
-12.287250 0.000000 3.651250
-12.287250 0.000000 4.445000
-10.641070 6.143626 3.651250
-10.641070 6.143626 4.445000
-6.143626 10.641070 3.651250
-6.143626 10.641070 4.445000
-3.381376 11.381213 3.651250
-3.381376 11.381213 4.445000
0
19
3 2
2 1
1 0
0 3
2 5
5 4
4 1
5 7
7 6
6 4
7 9
9 8
8 6
9 11
11 10
10 8
11 13
13 12
12 10
6
4 1 2 3 4
4 5 6 7 -2
4 8 9 10 -6
4 11 12 13 -9
4 14 15 16 -12
4 17 18 19 -15
0
0
0
-2
*
14
3.381376 11.381213 4.445000
3.381376 11.381213 3.651250
6.143626 10.641070 4.445000
6.143626 10.641070 3.651250
10.641070 6.143626 4.445000
10.641070 6.143626 3.651250
12.287250 0.000000 4.445000
12.287250 0.000000 3.651250
10.641070 -6.143625 4.445000
10.641070 -6.143625 3.651250
3.381376 -11.381213 4.445000
6.143623 -10.641071 4.445000
6.143623 -10.641071 3.651250
3.381376 -11.381213 3.651250
0
19
13 12
12 11
11 10
10 13
12 9
9 8
8 11
9 7
7 6
6 8
7 5
5 4
4 6
5 3
3 2
2 4
3 1
1 0
0 2
6
4 1 2 3 4
4 5 6 7 -2
4 8 9 10 -6
4 11 12 13 -9
4 14 15 16 -12
4 17 18 19 -15
0
0
0
-2
*
14
3.381376 -11.381213 3.651250
3.381375 -10.396963 3.175000
5.651499 -9.788686 3.175000
6.143623 -10.641071 3.651250
9.788685 -5.651499 3.175000
10.641070 -6.143625 3.651250
11.302999 0.000000 3.175000
12.287250 0.000000 3.651250
9.788685 5.651500 3.175000
10.641070 6.143626 3.651250
5.651500 9.788685 3.175000
6.143626 10.641070 3.651250
3.381376 11.381213 3.651250
3.381376 10.396963 3.175000
0
19
0 1
1 2
2 3
3 0
2 4
4 5
5 3
4 6
6 7
7 5
6 8
8 9
9 7
8 10
10 11
11 9
12 11
10 13
13 12
6
4 1 2 3 4
4 -3 5 6 7
4 -6 8 9 10
4 -9 11 12 13
4 -12 14 15 16
4 17 -15 18 19
0
0
0
-2
*
20
3.381376 7.825213 0.793750
3.381376 11.381213 1.111251
3.381376 11.381213 1.905000
3.381376 11.381213 3.651250
3.381376 11.381213 4.445000
3.381375 7.825213 4.762500
9.788685 5.651499 2.381250
9.788685 5.651499 3.175000
3.381376 10.396963 2.381250
5.651499 9.788685 2.381250
5.651499 9.788685 3.175000
3.381376 10.396963 3.175000
3.381375 -10.396963 2.381250
3.381376 -10.396962 3.175000
5.651499 -9.788685 2.381250
5.651499 -9.788685 3.175000
11.302999 0.000000 2.381250
9.788684 -5.651502 2.381250
9.788684 -5.651502 3.175000
11.302999 0.000000 3.175000
0
28
19 18
18 17
17 16
16 19
18 15
15 14
14 17
15 13
13 12
12 14
11 10
10 9
9 8
8 11
10 7
7 6
6 9
7 19
16 6
5 4
4 3
3 11
11 5
8 2
2 1
1 0
0 8
0 5
9
4 1 2 3 4
4 5 6 7 -2
4 8 9 10 -6
4 11 12 13 14
4 15 16 17 -12
4 18 -4 19 -16
4 20 21 22 23
4 24 25 26 27
4 -23 -14 -27 28
0
0
0
-2
*
14
12.287250 0.000000 1.905000
11.302999 0.000000 2.381250
10.641070 6.143625 1.905000
9.788685 5.651499 2.381250
6.143624 10.641070 1.905000
5.651499 9.788685 2.381250
3.381376 10.396963 2.381250
3.381376 11.381213 1.905000
3.381376 -10.396962 2.381250
3.381376 -11.381213 1.905000
6.143624 -10.641070 1.905000
5.651499 -9.788685 2.381250
9.788684 -5.651502 2.381250
10.641069 -6.143627 1.905000
0
19
13 12
12 11
11 10
10 13
9 10
11 8
8 9
7 6
6 5
5 4
4 7
5 3
3 2
2 4
3 1
1 0
0 2
1 12
13 0
6
4 1 2 3 4
4 5 -3 6 7
4 8 9 10 11
4 -10 12 13 14
4 -13 15 16 17
4 -16 18 -1 19
0
0
0
-2
*
14
10.641070 6.143625 1.111251
10.641070 6.143625 1.905000
3.381376 11.381213 1.111251
6.143624 10.641070 1.111251
6.143624 10.641070 1.905000
3.381375 11.381213 1.905000
3.381376 -11.381213 1.111251
3.381376 -11.381213 1.905000
6.143624 -10.641070 1.111251
6.143624 -10.641070 1.905000
12.287250 0.000000 1.111251
10.641069 -6.143627 1.111251
10.641069 -6.143627 1.905000
12.287250 0.000000 1.905000
0
19
13 12
12 11
11 10
10 13
12 9
9 8
8 11
9 7
7 6
6 8
5 4
4 3
3 2
2 5
4 1
1 0
0 3
1 13
10 0
6
4 1 2 3 4
4 5 6 7 -2
4 8 9 10 -6
4 11 12 13 14
4 15 16 17 -12
4 18 -4 19 -16
0
0
0
-2
*
14
7.561484 4.365625 0.793750
10.641070 6.143625 1.111251
4.365625 7.561484 0.793750
6.143624 10.641070 1.111251
3.381375 11.381213 1.111251
3.381376 7.825213 0.793750
3.381376 -11.381213 1.111251
3.381376 -7.825213 0.793750
4.365624 -7.561484 0.793750
6.143624 -10.641070 1.111251
7.561483 -4.365626 0.793750
10.641069 -6.143627 1.111251
12.287250 0.000000 1.111251
8.731250 0.000000 0.793750
0
19
13 12
12 11
11 10
10 13
11 9
9 8
8 10
7 8
9 6
6 7
5 4
4 3
3 2
2 5
3 1
1 0
0 2
1 12
13 0
6
4 1 2 3 4
4 -3 5 6 7
4 8 -6 9 10
4 11 12 13 14
4 -13 15 16 17
4 -16 18 -1 19
0
0
0
-2
*
25
-3.381375 7.825213 4.762500
-3.381376 7.825213 0.793750
3.381376 7.825213 0.793750
-3.381376 -7.825213 0.793750
-3.381376 -7.825213 4.762500
3.381376 -11.381213 3.651250
3.381376 -10.396962 3.175000
3.381375 -10.396963 2.381250
3.381376 -11.381213 1.905000
3.381376 -11.381213 1.111251
3.381376 -7.825213 0.793750
3.381376 -7.825213 4.762500
3.381376 -11.381213 4.445000
6.143623 -10.641071 4.445000
4.365624 -7.561485 4.762500
10.641070 -6.143625 4.445000
7.561484 -4.365625 4.762500
12.287250 0.000000 4.445000
8.731250 0.000000 4.762500
10.641070 6.143626 4.445000
7.561484 4.365625 4.762500
6.143626 10.641070 4.445000
4.365625 7.561484 4.762500
3.381375 7.825213 4.762500
3.381376 11.381213 4.445000
0
35
11 12
12 13
13 14
14 11
13 15
15 16
16 14
15 17
17 18
18 16
17 19
19 20
20 18
19 21
21 22
22 20
23 22
21 24
24 23
10 9
9 8
8 7
7 10
7 6
6 11
11 10
6 5
5 12
11 4
4 3
3 10
23 2
2 1
1 0
0 23
11
4 1 2 3 4
4 -3 5 6 7
4 -6 8 9 10
4 -9 11 12 13
4 -12 14 15 16
4 17 -15 18 19
4 20 21 22 23
4 -23 24 25 26
4 27 28 -1 -25
4 29 30 31 -26
4 32 33 34 35
0
0
0
-2
*
4
8.509000 -0.829448 4.762500
8.509000 -0.829448 8.636000
8.509000 0.829449 8.636000
8.509000 0.829448 4.762500
0
4
3 2
2 1
1 0
0 3
1
4 1 2 3 4
0
0
0
-2
*
24
-2.571750 0.000000 -26.543001
-2.571750 0.000000 -28.638500
-2.227201 -1.285876 -26.543001
-2.227201 -1.285876 -28.638500
-1.285874 -2.227201 -26.543001
-1.285874 -2.227201 -28.638500
0.000000 -2.571750 -26.543001
0.000000 -2.571750 -28.638500
1.285874 -2.227201 -26.543001
1.285874 -2.227201 -28.638500
2.227201 -1.285875 -26.543001
2.227201 -1.285875 -28.638500
2.571750 0.000000 -26.543001
2.571750 0.000000 -28.638500
2.227201 1.285875 -26.543001
2.227201 1.285875 -28.638500
1.285875 2.227201 -26.543001
1.285875 2.227201 -28.638500
0.000000 2.571750 -26.543001
0.000000 2.571750 -28.638500
-1.285875 2.227201 -26.543001
-1.285875 2.227201 -28.638500
-2.227201 1.285874 -26.543001
-2.227201 1.285874 -28.638500
0
36
0 22
22 23
23 1
1 0
22 20
20 21
21 23
20 18
18 19
19 21
18 16
16 17
17 19
16 14
14 15
15 17
14 12
12 13
13 15
12 10
10 11
11 13
10 8
8 9
9 11
8 6
6 7
7 9
6 4
4 5
5 7
4 2
2 3
3 5
2 0
1 3
12
4 1 2 3 4
4 5 6 7 -2
4 8 9 10 -6
4 11 12 13 -9
4 14 15 16 -12
4 17 18 19 -15
4 20 21 22 -18
4 23 24 25 -21
4 26 27 28 -24
4 29 30 31 -27
4 32 33 34 -30
4 35 -4 36 -33
0
0
0
-2
*
24
3.079587 -1.778000 -29.781500
1.778000 -3.079587 -29.781500
0.000000 -3.556000 -29.781500
-1.778000 -3.079587 -29.781500
-3.079586 -1.778000 -29.781500
-3.556000 0.000000 -29.781500
-3.079587 1.778000 -29.781500
-1.778000 3.079587 -29.781500
0.000000 3.556000 -29.781500
1.778000 3.079587 -29.781500
3.079587 1.778000 -29.781500
3.556000 0.000000 -29.781500
2.227201 -1.285875 -28.638500
2.571750 0.000000 -28.638500
2.227201 1.285875 -28.638500
1.285875 2.227201 -28.638500
0.000000 2.571750 -28.638500
-1.285875 2.227201 -28.638500
-2.227201 1.285874 -28.638500
-2.571750 0.000000 -28.638500
-2.227201 -1.285876 -28.638500
-1.285874 -2.227201 -28.638500
0.000000 -2.571750 -28.638500
1.285874 -2.227201 -28.638500
0
36
0 1
1 2
2 3
3 4
4 5
5 6
6 7
7 8
8 9
9 10
10 11
11 0
12 0
11 13
13 12
10 14
14 13
9 15
15 14
8 16
16 15
7 17
17 16
6 18
18 17
5 19
19 18
4 20
20 19
3 21
21 20
2 22
22 21
1 23
23 22
12 23
13
4 13 -12 14 15
4 -14 -11 16 17
4 -16 -10 18 19
4 -18 -9 20 21
4 -20 -8 22 23
4 -22 -7 24 25
4 -24 -6 26 27
4 -26 -5 28 29
4 -28 -4 30 31
4 -30 -3 32 33
4 -32 -2 34 35
4 -34 -1 -13 36
12 1 2 3 4 5 6 7 8 9 10 11 12
0
0
0
-2
*
36
8.731250 0.000000 0.793750
7.561483 -4.365626 0.793750
4.365624 -7.561484 0.793750
0.000000 -8.731250 0.793750
-4.365624 -7.561485 0.793750
-7.561484 -4.365625 0.793750
-8.731250 0.000000 0.793750
-7.561484 4.365625 0.793750
-4.365625 7.561484 0.793750
0.000000 8.731250 0.793750
4.365625 7.561484 0.793750
7.561484 4.365625 0.793750
-8.731250 0.000000 0.000000
-4.984750 0.000000 -25.273001
-7.561483 -4.365626 0.000000
-4.316920 -2.492376 -25.273001
-4.365624 -7.561484 0.000000
-2.492374 -4.316921 -25.273001
0.000000 -8.731250 0.000000
0.000000 -4.984750 -25.273001
4.365624 -7.561485 0.000000
2.492374 -4.316921 -25.273001
7.561484 -4.365625 0.000000
4.316920 -2.492375 -25.273001
8.731250 0.000000 0.000000
4.984750 0.000000 -25.273001
7.561484 4.365625 0.000000
4.316920 2.492375 -25.273001
4.365625 7.561484 0.000000
2.492375 4.316920 -25.273001
0.000000 8.731250 0.000000
0.000000 4.984750 -25.273001
-4.365625 7.561484 0.000000
-2.492375 4.316920 -25.273001
-7.561484 4.365625 0.000000
-4.316920 2.492375 -25.273001
0
48
12 34
34 35
35 13
13 12
34 32
32 33
33 35
32 30
30 31
31 33
30 28
28 29
29 31
28 26
26 27
27 29
26 24
24 25
25 27
24 22
22 23
23 25
22 20
20 21
21 23
20 18
18 19
19 21
18 16
16 17
17 19
16 14
14 15
15 17
14 12
13 15
11 10
10 9
9 8
8 7
7 6
6 5
5 4
4 3
3 2
2 1
1 0
0 11
14
4 1 2 3 4
4 5 6 7 -2
4 8 9 10 -6
4 11 12 13 -9
4 14 15 16 -12
4 17 18 19 -15
4 20 21 22 -18
4 23 24 25 -21
4 26 27 28 -24
4 29 30 31 -27
4 32 33 34 -30
4 35 -4 36 -33
12 -10 -13 -16 -19 -22 -25 -28 -31 -34 -36 -3 -7
12 37 38 39 40 41 42 43 44 45 46 47 48
0
0
0
-2
*
24
8.731250 0.000000 0.000000
8.731250 0.000000 0.793750
7.561483 -4.365626 0.000000
7.561483 -4.365626 0.793750
4.365624 -7.561484 0.000000
4.365624 -7.561484 0.793750
0.000000 -8.731250 0.000000
0.000000 -8.731250 0.793750
-4.365624 -7.561485 0.000000
-4.365624 -7.561485 0.793750
-7.561484 -4.365625 0.000000
-7.561484 -4.365625 0.793750
-8.731250 0.000000 0.000000
-8.731250 0.000000 0.793750
-7.561484 4.365625 0.000000
-7.561484 4.365625 0.793750
-4.365625 7.561484 0.000000
-4.365625 7.561484 0.793750
0.000000 8.731250 0.000000
0.000000 8.731250 0.793750
4.365625 7.561484 0.000000
4.365625 7.561484 0.793750
7.561484 4.365625 0.000000
7.561484 4.365625 0.793750
0
36
0 22
22 23
23 1
1 0
22 20
20 21
21 23
20 18
18 19
19 21
18 16
16 17
17 19
16 14
14 15
15 17
14 12
12 13
13 15
12 10
10 11
11 13
10 8
8 9
9 11
8 6
6 7
7 9
6 4
4 5
5 7
4 2
2 3
3 5
2 0
1 3
12
4 1 2 3 4
4 5 6 7 -2
4 8 9 10 -6
4 11 12 13 -9
4 14 15 16 -12
4 17 18 19 -15
4 20 21 22 -18
4 23 24 25 -21
4 26 27 28 -24
4 29 30 31 -27
4 32 33 34 -30
4 35 -4 36 -33
0
0
0
-2
*
24
-3.079587 1.778000 -30.416500
-3.079587 1.778000 -29.781500
-1.778000 3.079587 -30.416500
-1.778000 3.079587 -29.781500
0.000000 3.556000 -30.416500
0.000000 3.556000 -29.781500
1.778000 3.079587 -30.416500
1.778000 3.079587 -29.781500
3.079587 1.778000 -30.416500
3.079587 1.778000 -29.781500
3.556000 0.000000 -30.416500
3.556000 0.000000 -29.781500
3.079587 -1.778000 -30.416500
3.079587 -1.778000 -29.781500
1.778000 -3.079587 -30.416500
1.778000 -3.079587 -29.781500
0.000000 -3.556000 -30.416500
0.000000 -3.556000 -29.781500
-1.778000 -3.079587 -30.416500
-1.778000 -3.079587 -29.781500
-3.079586 -1.778000 -30.416500
-3.079586 -1.778000 -29.781500
-3.556000 0.000000 -30.416500
-3.556000 0.000000 -29.781500
0
36
23 1
1 0
0 22
22 23
1 3
3 2
2 0
3 5
5 4
4 2
5 7
7 6
6 4
7 9
9 8
8 6
9 11
11 10
10 8
11 13
13 12
12 10
13 15
15 14
14 12
15 17
17 16
16 14
17 19
19 18
18 16
19 21
21 20
20 18
21 23
22 20
12
4 1 2 3 4
4 5 6 7 -2
4 8 9 10 -6
4 11 12 13 -9
4 14 15 16 -12
4 17 18 19 -15
4 20 21 22 -18
4 23 24 25 -21
4 26 27 28 -24
4 29 30 31 -27
4 32 33 34 -30
4 35 -4 36 -33
0
0
0
-2
*
24
-3.556000 0.000000 -30.416500
-2.857500 0.000000 -31.051500
-3.079586 -1.778000 -30.416500
-2.474667 -1.428751 -31.051500
-1.778000 -3.079587 -30.416500
-1.428749 -2.474668 -31.051500
0.000000 -3.556000 -30.416500
0.000000 -2.857500 -31.051500
1.778000 -3.079587 -30.416500
1.428750 -2.474668 -31.051500
3.079587 -1.778000 -30.416500
2.474668 -1.428750 -31.051500
3.556000 0.000000 -30.416500
2.857500 0.000000 -31.051500
3.079587 1.778000 -30.416500
2.474668 1.428750 -31.051500
1.778000 3.079587 -30.416500
1.428751 2.474668 -31.051500
0.000000 3.556000 -30.416500
0.000000 2.857500 -31.051500
-1.778000 3.079587 -30.416500
-1.428750 2.474668 -31.051500
-3.079587 1.778000 -30.416500
-2.474668 1.428750 -31.051500
0
36
0 22
22 23
23 1
1 0
22 20
20 21
21 23
20 18
18 19
19 21
18 16
16 17
17 19
16 14
14 15
15 17
14 12
12 13
13 15
12 10
10 11
11 13
10 8
8 9
9 11
8 6
6 7
7 9
6 4
4 5
5 7
4 2
2 3
3 5
2 0
1 3
13
4 1 2 3 4
4 5 6 7 -2
4 8 9 10 -6
4 11 12 13 -9
4 14 15 16 -12
4 17 18 19 -15
4 20 21 22 -18
4 23 24 25 -21
4 26 27 28 -24
4 29 30 31 -27
4 32 33 34 -30
4 35 -4 36 -33
12 -7 -10 -13 -16 -19 -22 -25 -28 -31 -34 -36 -3
0
0
0
-2
*
24
-3.904475 2.254250 -26.543001
-3.904475 2.254250 -25.273001
-2.254250 3.904475 -26.543001
-2.254250 3.904475 -25.273001
0.000000 4.508500 -26.543001
0.000000 4.508500 -25.273001
2.254251 3.904475 -26.543001
2.254251 3.904475 -25.273001
3.904475 2.254251 -26.543001
3.904475 2.254251 -25.273001
4.508500 0.000000 -26.543001
4.508500 0.000000 -25.273001
3.904475 -2.254250 -26.543001
3.904475 -2.254250 -25.273001
2.254250 -3.904476 -26.543001
2.254250 -3.904476 -25.273001
0.000000 -4.508500 -26.543001
0.000000 -4.508500 -25.273001
-2.254250 -3.904476 -26.543001
-2.254250 -3.904476 -25.273001
-3.904475 -2.254251 -26.543001
-3.904475 -2.254251 -25.273001
-4.508500 0.000000 -26.543001
-4.508500 0.000000 -25.273001
0
36
23 1
1 0
0 22
22 23
1 3
3 2
2 0
3 5
5 4
4 2
5 7
7 6
6 4
7 9
9 8
8 6
9 11
11 10
10 8
11 13
13 12
12 10
13 15
15 14
14 12
15 17
17 16
16 14
17 19
19 18
18 16
19 21
21 20
20 18
21 23
22 20
13
4 1 2 3 4
4 5 6 7 -2
4 8 9 10 -6
4 11 12 13 -9
4 14 15 16 -12
4 17 18 19 -15
4 20 21 22 -18
4 23 24 25 -21
4 26 27 28 -24
4 29 30 31 -27
4 32 33 34 -30
4 35 -4 36 -33
12 -28 -31 -34 -36 -3 -7 -10 -13 -16 -19 -22 -25
0
0
0
0
0
3
1
1
2
0
