14 DENEB_PART_FILE
1
-1
1
1.000000 0.000000 0.000000
0.000000 1.000000 0.000000
0.000000 0.000000 1.000000
-0.027742 0.000000 34.543995
0
0
0
24
-2
*
31
-34.924999 0.000000 19.049999
-30.245935 -17.462500 19.049999
-30.245935 -17.462500 34.543999
-34.924999 0.000000 34.543999
-17.462500 -30.245937 19.049999
-17.462500 -30.245937 34.543999
-3.412580 -34.010601 19.049999
-3.412580 -34.010601 34.543999
3.412580 -34.010601 19.049999
17.462502 -30.245935 19.049999
17.462502 -30.245935 34.543999
3.412580 -34.010601 34.543999
30.245935 -17.462502 19.049999
30.245935 -17.462502 34.543999
34.035999 -3.317792 19.049999
34.035999 -3.317792 34.543999
34.035999 3.317792 19.049999
30.245937 17.462500 19.049999
30.245937 17.462500 34.543999
34.035999 3.317794 34.543999
17.462496 30.245939 19.049999
17.462496 30.245939 34.543999
3.412582 34.010601 19.049999
3.412582 34.010601 34.543999
-3.412580 34.010601 19.049999
-17.462498 30.245937 19.049999
-17.462498 30.245937 34.543999
-3.412580 34.010601 34.543999
-30.245934 17.462505 19.049999
-30.245934 17.462505 34.543999
-13.525502 -31.300854 19.049999
0
47
0 1
1 2
2 3
3 0
1 4
4 5
5 2
4 6
6 7
7 5
8 9
9 10
10 11
11 8
9 12
12 13
13 10
12 14
14 15
15 13
16 17
17 18
18 19
19 16
17 20
20 21
21 18
20 22
22 23
23 21
24 25
25 26
26 27
27 24
25 28
28 29
29 26
28 0
3 29
7 11
15 19
23 27
22 24
16 14
8 6
6 30
30 4
15
4 1 2 3 4
4 5 6 7 -2
4 8 9 10 -6
4 11 12 13 14
4 15 16 17 -12
4 18 19 20 -16
4 21 22 23 24
4 25 26 27 -22
4 28 29 30 -26
4 31 32 33 34
4 35 36 37 -32
4 38 -4 39 -36
4 -34 -42 -29 43
15 -7 -10 40 -13 -17 -20 41 -23 -27 -30 42 -33 -37 -39 -3
16 44 -18 -15 -11 45 46 47 -5 -1 -38 -35 -31 -43 -28 -25 -21
0
0
0
-2
*
4
-3.412580 -34.010601 19.049999
-3.412580 -34.010601 34.543999
3.412580 -34.010601 34.543999
3.412580 -34.010601 19.049999
0
4
3 2
2 1
1 0
0 3
1
4 1 2 3 4
0
0
0
-2
*
20
-13.525502 45.524853 17.779999
-13.525500 31.300852 19.049999
-17.462502 30.245935 19.049999
-24.574503 42.564281 17.779999
-30.245935 17.462502 19.049999
-42.564281 24.574503 17.779999
-34.924999 0.000000 19.049999
-49.148998 0.000000 17.779999
-30.245937 -17.462500 19.049999
-42.564281 -24.574499 17.779999
-17.462496 -30.245939 19.049999
-24.574493 -42.564285 17.779999
-13.525502 -45.524853 17.779999
-13.525502 -31.300854 19.049999
-13.525502 -31.300852 3.175000
-13.525502 -45.524853 4.445002
-13.525502 -45.524853 7.620000
-13.525500 -41.587852 9.525000
-13.525502 -41.587849 12.700000
-13.525502 -45.524853 14.605000
0
28
10 11
11 12
12 13
13 10
8 9
9 11
10 8
6 7
7 9
8 6
4 5
5 7
6 4
2 3
3 5
4 2
0 3
2 1
1 0
17 16
16 15
15 14
14 17
13 18
18 17
14 13
12 19
19 18
9
4 1 2 3 4
4 5 6 -1 7
4 8 9 -5 10
4 11 12 -8 13
4 14 15 -11 16
4 17 -14 18 19
4 20 21 22 23
4 24 25 -23 26
4 -3 27 28 -24
0
0
0
-2
*
14
-34.924999 0.000000 3.175000
-49.148998 0.000000 4.445002
-42.564278 -24.574507 4.445002
-30.245934 -17.462505 3.175000
-24.574495 -42.564281 4.445002
-17.462498 -30.245937 3.175000
-13.525502 -31.300852 3.175000
-13.525502 -45.524853 4.445002
-13.525502 31.300852 3.175000
-13.525500 45.524853 4.445002
-24.574497 42.564281 4.445002
-17.462500 30.245937 3.175000
-42.564281 24.574499 4.445002
-30.245935 17.462500 3.175000
0
19
3 2
2 1
1 0
0 3
5 4
4 2
3 5
7 4
5 6
6 7
11 10
10 9
9 8
8 11
13 12
12 10
11 13
1 12
13 0
6
4 1 2 3 4
4 5 6 -1 7
4 8 -5 9 10
4 11 12 13 14
4 15 16 -11 17
4 -3 18 -15 19
0
0
0
-2
*
14
-49.148998 0.000000 7.620000
-42.564278 -24.574507 7.620000
-42.564278 -24.574507 4.445002
-49.148998 0.000000 4.445002
-24.574495 -42.564281 7.620000
-24.574495 -42.564281 4.445002
-13.525502 -45.524853 7.620000
-13.525502 -45.524853 4.445002
-13.525500 45.524853 7.620000
-24.574497 42.564281 7.620000
-24.574497 42.564281 4.445002
-13.525502 45.524853 4.445002
-42.564281 24.574499 7.620000
-42.564281 24.574499 4.445002
0
19
3 2
2 1
1 0
0 3
2 5
5 4
4 1
5 7
7 6
6 4
11 10
10 9
9 8
8 11
10 13
13 12
12 9
13 3
0 12
6
4 1 2 3 4
4 5 6 7 -2
4 8 9 10 -6
4 11 12 13 14
4 15 16 17 -12
4 18 -4 19 -16
0
0
0
-2
*
14
-42.564278 -24.574507 7.620000
-39.154736 -22.606007 9.525000
-22.605995 -39.154739 9.525000
-24.574495 -42.564281 7.620000
-13.525502 -45.524853 7.620000
-13.525502 -41.587849 9.525000
-13.525502 45.524853 7.620000
-13.525502 41.587852 9.525000
-22.605997 39.154739 9.525000
-24.574497 42.564281 7.620000
-39.154739 22.605997 9.525000
-42.564281 24.574499 7.620000
-45.211998 0.000000 9.525000
-49.148998 0.000000 7.620000
0
19
3 2
2 1
1 0
0 3
5 2
3 4
4 5
9 8
8 7
7 6
6 9
11 10
10 8
9 11
13 12
12 10
11 13
1 12
13 0
6
4 1 2 3 4
4 5 -1 6 7
4 8 9 10 11
4 12 13 -8 14
4 15 16 -12 17
4 -3 18 -15 19
0
0
0
-2
*
20
-45.211998 0.000000 12.700000
-39.154736 -22.606007 12.700000
-39.154736 -22.606007 9.525000
-45.211998 0.000000 9.525000
-22.605995 -39.154739 12.700000
-22.605995 -39.154739 9.525000
-13.525502 -41.587849 12.700000
-13.525500 -41.587852 9.525000
-13.525502 41.587852 12.700000
-22.605997 39.154739 12.700000
-22.605997 39.154739 9.525000
-13.525502 41.587852 9.525000
-39.154739 22.605997 12.700000
-39.154739 22.605997 9.525000
-13.525500 31.300852 19.049999
-13.525502 45.524853 17.779999
-13.525502 45.524853 14.605000
-13.525502 45.524853 7.620000
-13.525502 45.524853 4.445002
-13.525502 31.300852 3.175000
0
28
3 2
2 1
1 0
0 3
2 5
5 4
4 1
5 7
7 6
6 4
11 10
10 9
9 8
8 11
10 13
13 12
12 9
13 3
0 12
8 16
16 15
15 14
14 8
19 18
18 17
17 11
11 19
14 19
9
4 1 2 3 4
4 5 6 7 -2
4 8 9 10 -6
4 11 12 13 14
4 15 16 17 -12
4 18 -4 19 -16
4 20 21 22 23
4 24 25 26 27
4 -27 -14 -23 28
0
0
0
-2
*
14
-13.525502 41.587852 12.700000
-13.525502 45.524853 14.605000
-24.574503 42.564281 14.605000
-22.606001 39.154739 12.700000
-42.564281 24.574503 14.605000
-39.154739 22.606001 12.700000
-49.148998 0.000000 14.605000
-45.211998 0.000000 12.700000
-42.564281 -24.574499 14.605000
-39.154739 -22.605997 12.700000
-24.574493 -42.564285 14.605000
-22.605995 -39.154743 12.700000
-13.525500 -41.587852 12.700000
-13.525502 -45.524853 14.605000
0
19
10 11
11 12
12 13
13 10
8 9
9 11
10 8
6 7
7 9
8 6
4 5
5 7
6 4
2 3
3 5
4 2
0 3
2 1
1 0
6
4 1 2 3 4
4 5 6 -1 7
4 8 9 -5 10
4 11 12 -8 13
4 14 15 -11 16
4 17 -14 18 19
0
0
0
-2
*
14
-13.525502 -45.524853 14.605000
-24.574493 -42.564285 14.605000
-24.574493 -42.564285 17.779999
-13.525502 -45.524853 17.779999
-42.564281 -24.574499 14.605000
-42.564281 -24.574499 17.779999
-49.148998 0.000000 14.605000
-49.148998 0.000000 17.779999
-42.564281 24.574503 14.605000
-42.564281 24.574503 17.779999
-24.574503 42.564281 14.605000
-24.574503 42.564281 17.779999
-13.525502 45.524853 14.605000
-13.525502 45.524853 17.779999
0
19
3 2
2 1
1 0
0 3
2 5
5 4
4 1
5 7
7 6
6 4
7 9
9 8
8 6
9 11
11 10
10 8
11 13
13 12
12 10
6
4 1 2 3 4
4 5 6 7 -2
4 8 9 10 -6
4 11 12 13 -9
4 14 15 16 -12
4 17 18 19 -15
0
0
0
-2
*
14
13.525502 45.524853 17.779999
13.525502 45.524853 14.605000
24.574503 42.564281 17.779999
24.574503 42.564281 14.605000
42.564281 24.574503 17.779999
42.564281 24.574503 14.605000
49.148998 0.000000 17.779999
49.148998 0.000000 14.605000
42.564281 -24.574499 17.779999
42.564281 -24.574499 14.605000
13.525502 -45.524853 17.779999
24.574493 -42.564285 17.779999
24.574493 -42.564285 14.605000
13.525502 -45.524853 14.605000
0
19
13 12
12 11
11 10
10 13
12 9
9 8
8 11
9 7
7 6
6 8
7 5
5 4
4 6
5 3
3 2
2 4
3 1
1 0
0 2
6
4 1 2 3 4
4 5 6 7 -2
4 8 9 10 -6
4 11 12 13 -9
4 14 15 16 -12
4 17 18 19 -15
0
0
0
-2
*
14
13.525502 -45.524853 14.605000
13.525500 -41.587852 12.700000
22.605995 -39.154743 12.700000
24.574493 -42.564285 14.605000
39.154739 -22.605997 12.700000
42.564281 -24.574499 14.605000
45.211998 0.000000 12.700000
49.148998 0.000000 14.605000
39.154739 22.606001 12.700000
42.564281 24.574503 14.605000
22.606001 39.154739 12.700000
24.574503 42.564281 14.605000
13.525502 45.524853 14.605000
13.525502 41.587852 12.700000
0
19
0 1
1 2
2 3
3 0
2 4
4 5
5 3
4 6
6 7
7 5
6 8
8 9
9 7
8 10
10 11
11 9
12 11
10 13
13 12
6
4 1 2 3 4
4 -3 5 6 7
4 -6 8 9 10
4 -9 11 12 13
4 -12 14 15 16
4 17 -15 18 19
0
0
0
-2
*
20
13.525502 31.300852 3.175000
13.525502 45.524853 4.445002
13.525502 45.524853 7.620000
13.525502 45.524853 14.605000
13.525502 45.524853 17.779999
13.525500 31.300852 19.049999
39.154739 22.605997 9.525000
39.154739 22.605997 12.700000
13.525502 41.587852 9.525000
22.605997 39.154739 9.525000
22.605997 39.154739 12.700000
13.525502 41.587852 12.700000
13.525500 -41.587852 9.525000
13.525502 -41.587849 12.700000
22.605995 -39.154739 9.525000
22.605995 -39.154739 12.700000
45.211998 0.000000 9.525000
39.154736 -22.606007 9.525000
39.154736 -22.606007 12.700000
45.211998 0.000000 12.700000
0
28
19 18
18 17
17 16
16 19
18 15
15 14
14 17
15 13
13 12
12 14
11 10
10 9
9 8
8 11
10 7
7 6
6 9
7 19
16 6
5 4
4 3
3 11
11 5
8 2
2 1
1 0
0 8
0 5
9
4 1 2 3 4
4 5 6 7 -2
4 8 9 10 -6
4 11 12 13 14
4 15 16 17 -12
4 18 -4 19 -16
4 20 21 22 23
4 24 25 26 27
4 -23 -14 -27 28
0
0
0
-2
*
14
49.148998 0.000000 7.620000
45.211998 0.000000 9.525000
42.564281 24.574499 7.620000
39.154739 22.605997 9.525000
24.574497 42.564281 7.620000
22.605997 39.154739 9.525000
13.525502 41.587852 9.525000
13.525502 45.524853 7.620000
13.525502 -41.587849 9.525000
13.525502 -45.524853 7.620000
24.574495 -42.564281 7.620000
22.605995 -39.154739 9.525000
39.154736 -22.606007 9.525000
42.564278 -24.574507 7.620000
0
19
13 12
12 11
11 10
10 13
9 10
11 8
8 9
7 6
6 5
5 4
4 7
5 3
3 2
2 4
3 1
1 0
0 2
1 12
13 0
6
4 1 2 3 4
4 5 -3 6 7
4 8 9 10 11
4 -10 12 13 14
4 -13 15 16 17
4 -16 18 -1 19
0
0
0
-2
*
14
42.564281 24.574499 4.445002
42.564281 24.574499 7.620000
13.525502 45.524853 4.445002
24.574497 42.564281 4.445002
24.574497 42.564281 7.620000
13.525500 45.524853 7.620000
13.525502 -45.524853 4.445002
13.525502 -45.524853 7.620000
24.574495 -42.564281 4.445002
24.574495 -42.564281 7.620000
49.148998 0.000000 4.445002
42.564278 -24.574507 4.445002
42.564278 -24.574507 7.620000
49.148998 0.000000 7.620000
0
19
13 12
12 11
11 10
10 13
12 9
9 8
8 11
9 7
7 6
6 8
5 4
4 3
3 2
2 5
4 1
1 0
0 3
1 13
10 0
6
4 1 2 3 4
4 5 6 7 -2
4 8 9 10 -6
4 11 12 13 14
4 15 16 17 -12
4 18 -4 19 -16
0
0
0
-2
*
14
30.245935 17.462500 3.175000
42.564281 24.574499 4.445002
17.462500 30.245937 3.175000
24.574497 42.564281 4.445002
13.525500 45.524853 4.445002
13.525502 31.300852 3.175000
13.525502 -45.524853 4.445002
13.525502 -31.300852 3.175000
17.462498 -30.245937 3.175000
24.574495 -42.564281 4.445002
30.245934 -17.462505 3.175000
42.564278 -24.574507 4.445002
49.148998 0.000000 4.445002
34.924999 0.000000 3.175000
0
19
13 12
12 11
11 10
10 13
11 9
9 8
8 10
7 8
9 6
6 7
5 4
4 3
3 2
2 5
3 1
1 0
0 2
1 12
13 0
6
4 1 2 3 4
4 -3 5 6 7
4 8 -6 9 10
4 11 12 13 14
4 -13 15 16 17
4 -16 18 -1 19
0
0
0
-2
*
25
-13.525500 31.300852 19.049999
-13.525502 31.300852 3.175000
13.525502 31.300852 3.175000
-13.525502 -31.300852 3.175000
-13.525502 -31.300854 19.049999
13.525502 -45.524853 14.605000
13.525502 -41.587849 12.700000
13.525500 -41.587852 9.525000
13.525502 -45.524853 7.620000
13.525502 -45.524853 4.445002
13.525502 -31.300852 3.175000
13.525502 -31.300854 19.049999
13.525502 -45.524853 17.779999
24.574493 -42.564285 17.779999
17.462496 -30.245939 19.049999
42.564281 -24.574499 17.779999
30.245937 -17.462500 19.049999
49.148998 0.000000 17.779999
34.924999 0.000000 19.049999
42.564281 24.574503 17.779999
30.245935 17.462502 19.049999
24.574503 42.564281 17.779999
17.462502 30.245935 19.049999
13.525500 31.300852 19.049999
13.525502 45.524853 17.779999
0
35
11 12
12 13
13 14
14 11
13 15
15 16
16 14
15 17
17 18
18 16
17 19
19 20
20 18
19 21
21 22
22 20
23 22
21 24
24 23
10 9
9 8
8 7
7 10
7 6
6 11
11 10
6 5
5 12
11 4
4 3
3 10
23 2
2 1
1 0
0 23
11
4 1 2 3 4
4 -3 5 6 7
4 -6 8 9 10
4 -9 11 12 13
4 -12 14 15 16
4 17 -15 18 19
4 20 21 22 23
4 -23 24 25 26
4 27 28 -1 -25
4 29 30 31 -26
4 32 33 34 35
0
0
0
-2
*
4
34.035999 -3.317792 19.049999
34.035999 -3.317792 34.543999
34.035999 3.317794 34.543999
34.035999 3.317792 19.049999
0
4
3 2
2 1
1 0
0 3
1
4 1 2 3 4
0
0
0
-2
*
24
-10.287000 0.000000 -106.172005
-10.287000 0.000000 -114.554001
-8.908802 -5.143502 -106.172005
-8.908802 -5.143502 -114.554001
-5.143498 -8.908804 -106.172005
-5.143498 -8.908804 -114.554001
0.000000 -10.287000 -106.172005
0.000000 -10.287000 -114.554001
5.143498 -8.908804 -106.172005
5.143498 -8.908804 -114.554001
8.908802 -5.143500 -106.172005
8.908802 -5.143500 -114.554001
10.287000 0.000000 -106.172005
10.287000 0.000000 -114.554001
8.908802 5.143500 -106.172005
8.908802 5.143500 -114.554001
5.143500 8.908802 -106.172005
5.143500 8.908802 -114.554001
0.000000 10.287000 -106.172005
0.000000 10.287000 -114.554001
-5.143500 8.908802 -106.172005
-5.143500 8.908802 -114.554001
-8.908802 5.143498 -106.172005
-8.908802 5.143498 -114.554001
0
36
0 22
22 23
23 1
1 0
22 20
20 21
21 23
20 18
18 19
19 21
18 16
16 17
17 19
16 14
14 15
15 17
14 12
12 13
13 15
12 10
10 11
11 13
10 8
8 9
9 11
8 6
6 7
7 9
6 4
4 5
5 7
4 2
2 3
3 5
2 0
1 3
12
4 1 2 3 4
4 5 6 7 -2
4 8 9 10 -6
4 11 12 13 -9
4 14 15 16 -12
4 17 18 19 -15
4 20 21 22 -18
4 23 24 25 -21
4 26 27 28 -24
4 29 30 31 -27
4 32 33 34 -30
4 35 -4 36 -33
0
0
0
-2
*
24
12.318346 -7.112000 -119.125999
7.112000 -12.318346 -119.125999
0.000000 -14.224000 -119.125999
-7.112000 -12.318346 -119.125999
-12.318344 -7.112002 -119.125999
-14.224000 0.000000 -119.125999
-12.318346 7.112000 -119.125999
-7.112000 12.318346 -119.125999
0.000000 14.224000 -119.125999
7.112000 12.318346 -119.125999
12.318346 7.112000 -119.125999
14.224000 0.000000 -119.125999
8.908802 -5.143500 -114.554001
10.287000 0.000000 -114.554001
8.908802 5.143500 -114.554001
5.143500 8.908802 -114.554001
0.000000 10.287000 -114.554001
-5.143500 8.908802 -114.554001
-8.908802 5.143498 -114.554001
-10.287000 0.000000 -114.554001
-8.908802 -5.143502 -114.554001
-5.143498 -8.908804 -114.554001
0.000000 -10.287000 -114.554001
5.143498 -8.908804 -114.554001
0
36
0 1
1 2
2 3
3 4
4 5
5 6
6 7
7 8
8 9
9 10
10 11
11 0
12 0
11 13
13 12
10 14
14 13
9 15
15 14
8 16
16 15
7 17
17 16
6 18
18 17
5 19
19 18
4 20
20 19
3 21
21 20
2 22
22 21
1 23
23 22
12 23
13
4 13 -12 14 15
4 -14 -11 16 17
4 -16 -10 18 19
4 -18 -9 20 21
4 -20 -8 22 23
4 -22 -7 24 25
4 -24 -6 26 27
4 -26 -5 28 29
4 -28 -4 30 31
4 -30 -3 32 33
4 -32 -2 34 35
4 -34 -1 -13 36
12 1 2 3 4 5 6 7 8 9 10 11 12
0
0
0
-2
*
36
34.924999 0.000000 3.175000
30.245934 -17.462505 3.175000
17.462498 -30.245937 3.175000
0.000000 -34.924999 3.175000
-17.462496 -30.245939 3.175000
-30.245937 -17.462500 3.175000
-34.924999 0.000000 3.175000
-30.245935 17.462502 3.175000
-17.462502 30.245935 3.175000
0.000000 34.924999 3.175000
17.462500 30.245937 3.175000
30.245935 17.462500 3.175000
-34.924999 0.000000 0.000000
-19.939001 0.000000 -101.092003
-30.245934 -17.462505 0.000000
-17.267679 -9.969504 -101.092003
-17.462498 -30.245937 0.000000
-9.969498 -17.267685 -101.092003
0.000000 -34.924999 0.000000
0.000000 -19.939001 -101.092003
17.462496 -30.245939 0.000000
9.969498 -17.267685 -101.092003
30.245937 -17.462500 0.000000
17.267681 -9.969500 -101.092003
34.924999 0.000000 0.000000
19.939001 0.000000 -101.092003
30.245935 17.462502 0.000000
17.267681 9.969500 -101.092003
17.462502 30.245935 0.000000
9.969500 17.267681 -101.092003
0.000000 34.924999 0.000000
0.000000 19.939001 -101.092003
-17.462500 30.245937 0.000000
-9.969500 17.267681 -101.092003
-30.245935 17.462500 0.000000
-17.267681 9.969500 -101.092003
0
48
12 34
34 35
35 13
13 12
34 32
32 33
33 35
32 30
30 31
31 33
30 28
28 29
29 31
28 26
26 27
27 29
26 24
24 25
25 27
24 22
22 23
23 25
22 20
20 21
21 23
20 18
18 19
19 21
18 16
16 17
17 19
16 14
14 15
15 17
14 12
13 15
11 10
10 9
9 8
8 7
7 6
6 5
5 4
4 3
3 2
2 1
1 0
0 11
14
4 1 2 3 4
4 5 6 7 -2
4 8 9 10 -6
4 11 12 13 -9
4 14 15 16 -12
4 17 18 19 -15
4 20 21 22 -18
4 23 24 25 -21
4 26 27 28 -24
4 29 30 31 -27
4 32 33 34 -30
4 35 -4 36 -33
12 -10 -13 -16 -19 -22 -25 -28 -31 -34 -36 -3 -7
12 37 38 39 40 41 42 43 44 45 46 47 48
0
0
0
-2
*
24
34.924999 0.000000 0.000000
34.924999 0.000000 3.175000
30.245934 -17.462505 0.000000
30.245934 -17.462505 3.175000
17.462498 -30.245937 0.000000
17.462498 -30.245937 3.175000
0.000000 -34.924999 0.000000
0.000000 -34.924999 3.175000
-17.462496 -30.245939 0.000000
-17.462496 -30.245939 3.175000
-30.245937 -17.462500 0.000000
-30.245937 -17.462500 3.175000
-34.924999 0.000000 0.000000
-34.924999 0.000000 3.175000
-30.245935 17.462502 0.000000
-30.245935 17.462502 3.175000
-17.462502 30.245935 0.000000
-17.462502 30.245935 3.175000
0.000000 34.924999 0.000000
0.000000 34.924999 3.175000
17.462500 30.245937 0.000000
17.462500 30.245937 3.175000
30.245935 17.462500 0.000000
30.245935 17.462500 3.175000
0
36
0 22
22 23
23 1
1 0
22 20
20 21
21 23
20 18
18 19
19 21
18 16
16 17
17 19
16 14
14 15
15 17
14 12
12 13
13 15
12 10
10 11
11 13
10 8
8 9
9 11
8 6
6 7
7 9
6 4
4 5
5 7
4 2
2 3
3 5
2 0
1 3
12
4 1 2 3 4
4 5 6 7 -2
4 8 9 10 -6
4 11 12 13 -9
4 14 15 16 -12
4 17 18 19 -15
4 20 21 22 -18
4 23 24 25 -21
4 26 27 28 -24
4 29 30 31 -27
4 32 33 34 -30
4 35 -4 36 -33
0
0
0
-2
*
24
-12.318346 7.112000 -121.666000
-12.318346 7.112000 -119.125999
-7.112000 12.318346 -121.666000
-7.112000 12.318346 -119.125999
0.000000 14.224000 -121.666000
0.000000 14.224000 -119.125999
7.112000 12.318346 -121.666000
7.112000 12.318346 -119.125999
12.318346 7.112000 -121.666000
12.318346 7.112000 -119.125999
14.224000 0.000000 -121.666000
14.224000 0.000000 -119.125999
12.318346 -7.112000 -121.666000
12.318346 -7.112000 -119.125999
7.112000 -12.318346 -121.666000
7.112000 -12.318346 -119.125999
0.000000 -14.224000 -121.666000
0.000000 -14.224000 -119.125999
-7.112000 -12.318346 -121.666000
-7.112000 -12.318346 -119.125999
-12.318344 -7.112002 -121.666000
-12.318344 -7.112002 -119.125999
-14.224000 0.000000 -121.666000
-14.224000 0.000000 -119.125999
0
36
23 1
1 0
0 22
22 23
1 3
3 2
2 0
3 5
5 4
4 2
5 7
7 6
6 4
7 9
9 8
8 6
9 11
11 10
10 8
11 13
13 12
12 10
13 15
15 14
14 12
15 17
17 16
16 14
17 19
19 18
18 16
19 21
21 20
20 18
21 23
22 20
12
4 1 2 3 4
4 5 6 7 -2
4 8 9 10 -6
4 11 12 13 -9
4 14 15 16 -12
4 17 18 19 -15
4 20 21 22 -18
4 23 24 25 -21
4 26 27 28 -24
4 29 30 31 -27
4 32 33 34 -30
4 35 -4 36 -33
0
0
0
-2
*
24
-14.224000 0.000000 -121.666000
-11.430000 0.000000 -124.206001
-12.318344 -7.112002 -121.666000
-9.898668 -5.715002 -124.206001
-7.112000 -12.318346 -121.666000
-5.714998 -9.898670 -124.206001
0.000000 -14.224000 -121.666000
0.000000 -11.430000 -124.206001
7.112000 -12.318346 -121.666000
5.715000 -9.898670 -124.206001
12.318346 -7.112000 -121.666000
9.898670 -5.715000 -124.206001
14.224000 0.000000 -121.666000
11.430000 0.000000 -124.206001
12.318346 7.112000 -121.666000
9.898670 5.715000 -124.206001
7.112000 12.318346 -121.666000
5.715002 9.898670 -124.206001
0.000000 14.224000 -121.666000
0.000000 11.430000 -124.206001
-7.112000 12.318346 -121.666000
-5.715000 9.898670 -124.206001
-12.318346 7.112000 -121.666000
-9.898670 5.715000 -124.206001
0
36
0 22
22 23
23 1
1 0
22 20
20 21
21 23
20 18
18 19
19 21
18 16
16 17
17 19
16 14
14 15
15 17
14 12
12 13
13 15
12 10
10 11
11 13
10 8
8 9
9 11
8 6
6 7
7 9
6 4
4 5
5 7
4 2
2 3
3 5
2 0
1 3
13
4 1 2 3 4
4 5 6 7 -2
4 8 9 10 -6
4 11 12 13 -9
4 14 15 16 -12
4 17 18 19 -15
4 20 21 22 -18
4 23 24 25 -21
4 26 27 28 -24
4 29 30 31 -27
4 32 33 34 -30
4 35 -4 36 -33
12 -7 -10 -13 -16 -19 -22 -25 -28 -31 -34 -36 -3
0
0
0
-2
*
24
-15.617902 9.017000 -106.172005
-15.617902 9.017000 -101.092003
-9.017000 15.617902 -106.172005
-9.017000 15.617902 -101.092003
0.000000 18.034000 -106.172005
0.000000 18.034000 -101.092003
9.017002 15.617902 -106.172005
9.017002 15.617902 -101.092003
15.617902 9.017002 -106.172005
15.617902 9.017002 -101.092003
18.034000 0.000000 -106.172005
18.034000 0.000000 -101.092003
15.617902 -9.017000 -106.172005
15.617902 -9.017000 -101.092003
9.016998 -15.617904 -106.172005
9.016998 -15.617904 -101.092003
0.000000 -18.034000 -106.172005
0.000000 -18.034000 -101.092003
-9.016998 -15.617904 -106.172005
-9.016998 -15.617904 -101.092003
-15.617900 -9.017004 -106.172005
-15.617900 -9.017004 -101.092003
-18.034000 0.000000 -106.172005
-18.034000 0.000000 -101.092003
0
36
23 1
1 0
0 22
22 23
1 3
3 2
2 0
3 5
5 4
4 2
5 7
7 6
6 4
7 9
9 8
8 6
9 11
11 10
10 8
11 13
13 12
12 10
13 15
15 14
14 12
15 17
17 16
16 14
17 19
19 18
18 16
19 21
21 20
20 18
21 23
22 20
13
4 1 2 3 4
4 5 6 7 -2
4 8 9 10 -6
4 11 12 13 -9
4 14 15 16 -12
4 17 18 19 -15
4 20 21 22 -18
4 23 24 25 -21
4 26 27 28 -24
4 29 30 31 -27
4 32 33 34 -30
4 35 -4 36 -33
12 -28 -31 -34 -36 -3 -7 -10 -13 -16 -19 -22 -25
0
0
0
0
0
3
1
1
2
0
