14 DENEB_PART_FILE
1
-1
1
1.000000 0.000000 0.000000
0.000000 1.000000 0.000000
0.000000 0.000000 1.000000
-0.041613 0.000000 51.815994
0
0
0
24
-2
*
31
-52.387497 0.000000 28.574999
-45.368904 -26.193748 28.574999
-45.368904 -26.193748 51.815998
-52.387497 0.000000 51.815998
-26.193748 -45.368904 28.574999
-26.193748 -45.368904 51.815998
-5.118870 -51.015900 28.574999
-5.118870 -51.015900 51.815998
5.118870 -51.015900 28.574999
26.193752 -45.368904 28.574999
26.193752 -45.368904 51.815998
5.118870 -51.015900 51.815998
45.368904 -26.193752 28.574999
45.368904 -26.193752 51.815998
51.054001 -4.976688 28.574999
51.054001 -4.976688 51.815998
51.054001 4.976688 28.574999
45.368904 26.193748 28.574999
45.368904 26.193748 51.815998
51.054001 4.976691 51.815998
26.193745 45.368908 28.574999
26.193745 45.368908 51.815998
5.118873 51.015900 28.574999
5.118873 51.015900 51.815998
-5.118870 51.015900 28.574999
-26.193747 45.368904 28.574999
-26.193747 45.368904 51.815998
-5.118870 51.015900 51.815998
-45.368900 26.193758 28.574999
-45.368900 26.193758 51.815998
-20.288254 -46.951279 28.574999
0
47
0 1
1 2
2 3
3 0
1 4
4 5
5 2
4 6
6 7
7 5
8 9
9 10
10 11
11 8
9 12
12 13
13 10
12 14
14 15
15 13
16 17
17 18
18 19
19 16
17 20
20 21
21 18
20 22
22 23
23 21
24 25
25 26
26 27
27 24
25 28
28 29
29 26
28 0
3 29
7 11
15 19
23 27
22 24
16 14
8 6
6 30
30 4
15
4 1 2 3 4
4 5 6 7 -2
4 8 9 10 -6
4 11 12 13 14
4 15 16 17 -12
4 18 19 20 -16
4 21 22 23 24
4 25 26 27 -22
4 28 29 30 -26
4 31 32 33 34
4 35 36 37 -32
4 38 -4 39 -36
4 -34 -42 -29 43
15 -7 -10 40 -13 -17 -20 41 -23 -27 -30 42 -33 -37 -39 -3
16 44 -18 -15 -11 45 46 47 -5 -1 -38 -35 -31 -43 -28 -25 -21
0
0
0
-2
*
4
-5.118870 -51.015900 28.574999
-5.118870 -51.015900 51.815998
5.118870 -51.015900 51.815998
5.118870 -51.015900 28.574999
0
4
3 2
2 1
1 0
0 3
1
4 1 2 3 4
0
0
0
-2
*
20
-20.288254 68.287277 26.669998
-20.288250 46.951279 28.574999
-26.193752 45.368904 28.574999
-36.861755 63.846420 26.669998
-45.368904 26.193752 28.574999
-63.846420 36.861755 26.669998
-52.387497 0.000000 28.574999
-73.723495 0.000000 26.669998
-45.368904 -26.193748 28.574999
-63.846420 -36.861748 26.669998
-26.193745 -45.368908 28.574999
-36.861740 -63.846428 26.669998
-20.288254 -68.287277 26.669998
-20.288254 -46.951279 28.574999
-20.288254 -46.951279 4.762500
-20.288254 -68.287277 6.667503
-20.288254 -68.287277 11.430000
-20.288250 -62.381779 14.287499
-20.288254 -62.381775 19.049999
-20.288254 -68.287277 21.907499
0
28
10 11
11 12
12 13
13 10
8 9
9 11
10 8
6 7
7 9
8 6
4 5
5 7
6 4
2 3
3 5
4 2
0 3
2 1
1 0
17 16
16 15
15 14
14 17
13 18
18 17
14 13
12 19
19 18
9
4 1 2 3 4
4 5 6 -1 7
4 8 9 -5 10
4 11 12 -8 13
4 14 15 -11 16
4 17 -14 18 19
4 20 21 22 23
4 24 25 -23 26
4 -3 27 28 -24
0
0
0
-2
*
14
-52.387497 0.000000 4.762500
-73.723495 0.000000 6.667503
-63.846416 -36.861759 6.667503
-45.368900 -26.193758 4.762500
-36.861744 -63.846420 6.667503
-26.193747 -45.368904 4.762500
-20.288254 -46.951279 4.762500
-20.288254 -68.287277 6.667503
-20.288254 46.951279 4.762500
-20.288250 68.287277 6.667503
-36.861748 63.846420 6.667503
-26.193748 45.368904 4.762500
-63.846420 36.861748 6.667503
-45.368904 26.193748 4.762500
0
19
3 2
2 1
1 0
0 3
5 4
4 2
3 5
7 4
5 6
6 7
11 10
10 9
9 8
8 11
13 12
12 10
11 13
1 12
13 0
6
4 1 2 3 4
4 5 6 -1 7
4 8 -5 9 10
4 11 12 13 14
4 15 16 -11 17
4 -3 18 -15 19
0
0
0
-2
*
14
-73.723495 0.000000 11.430000
-63.846416 -36.861759 11.430000
-63.846416 -36.861759 6.667503
-73.723495 0.000000 6.667503
-36.861744 -63.846420 11.430000
-36.861744 -63.846420 6.667503
-20.288254 -68.287277 11.430000
-20.288254 -68.287277 6.667503
-20.288250 68.287277 11.430000
-36.861748 63.846420 11.430000
-36.861748 63.846420 6.667503
-20.288254 68.287277 6.667503
-63.846420 36.861748 11.430000
-63.846420 36.861748 6.667503
0
19
3 2
2 1
1 0
0 3
2 5
5 4
4 1
5 7
7 6
6 4
11 10
10 9
9 8
8 11
10 13
13 12
12 9
13 3
0 12
6
4 1 2 3 4
4 5 6 7 -2
4 8 9 10 -6
4 11 12 13 14
4 15 16 17 -12
4 18 -4 19 -16
0
0
0
-2
*
14
-63.846416 -36.861759 11.430000
-58.732101 -33.909012 14.287499
-33.908993 -58.732109 14.287499
-36.861744 -63.846420 11.430000
-20.288254 -68.287277 11.430000
-20.288254 -62.381775 14.287499
-20.288254 68.287277 11.430000
-20.288254 62.381779 14.287499
-33.908997 58.732109 14.287499
-36.861748 63.846420 11.430000
-58.732109 33.908997 14.287499
-63.846420 36.861748 11.430000
-67.817993 0.000000 14.287499
-73.723495 0.000000 11.430000
0
19
3 2
2 1
1 0
0 3
5 2
3 4
4 5
9 8
8 7
7 6
6 9
11 10
10 8
9 11
13 12
12 10
11 13
1 12
13 0
6
4 1 2 3 4
4 5 -1 6 7
4 8 9 10 11
4 12 13 -8 14
4 15 16 -12 17
4 -3 18 -15 19
0
0
0
-2
*
20
-67.817993 0.000000 19.049999
-58.732101 -33.909012 19.049999
-58.732101 -33.909012 14.287499
-67.817993 0.000000 14.287499
-33.908993 -58.732109 19.049999
-33.908993 -58.732109 14.287499
-20.288254 -62.381775 19.049999
-20.288250 -62.381779 14.287499
-20.288254 62.381779 19.049999
-33.908997 58.732109 19.049999
-33.908997 58.732109 14.287499
-20.288254 62.381779 14.287499
-58.732109 33.908997 19.049999
-58.732109 33.908997 14.287499
-20.288250 46.951279 28.574999
-20.288254 68.287277 26.669998
-20.288254 68.287277 21.907499
-20.288254 68.287277 11.430000
-20.288254 68.287277 6.667503
-20.288254 46.951279 4.762500
0
28
3 2
2 1
1 0
0 3
2 5
5 4
4 1
5 7
7 6
6 4
11 10
10 9
9 8
8 11
10 13
13 12
12 9
13 3
0 12
8 16
16 15
15 14
14 8
19 18
18 17
17 11
11 19
14 19
9
4 1 2 3 4
4 5 6 7 -2
4 8 9 10 -6
4 11 12 13 14
4 15 16 17 -12
4 18 -4 19 -16
4 20 21 22 23
4 24 25 26 27
4 -27 -14 -23 28
0
0
0
-2
*
14
-20.288254 62.381779 19.049999
-20.288254 68.287277 21.907499
-36.861755 63.846420 21.907499
-33.909000 58.732109 19.049999
-63.846420 36.861755 21.907499
-58.732109 33.909000 19.049999
-73.723495 0.000000 21.907499
-67.817993 0.000000 19.049999
-63.846420 -36.861748 21.907499
-58.732109 -33.908997 19.049999
-36.861740 -63.846428 21.907499
-33.908993 -58.732117 19.049999
-20.288250 -62.381779 19.049999
-20.288254 -68.287277 21.907499
0
19
10 11
11 12
12 13
13 10
8 9
9 11
10 8
6 7
7 9
8 6
4 5
5 7
6 4
2 3
3 5
4 2
0 3
2 1
1 0
6
4 1 2 3 4
4 5 6 -1 7
4 8 9 -5 10
4 11 12 -8 13
4 14 15 -11 16
4 17 -14 18 19
0
0
0
-2
*
14
-20.288254 -68.287277 21.907499
-36.861740 -63.846428 21.907499
-36.861740 -63.846428 26.669998
-20.288254 -68.287277 26.669998
-63.846420 -36.861748 21.907499
-63.846420 -36.861748 26.669998
-73.723495 0.000000 21.907499
-73.723495 0.000000 26.669998
-63.846420 36.861755 21.907499
-63.846420 36.861755 26.669998
-36.861755 63.846420 21.907499
-36.861755 63.846420 26.669998
-20.288254 68.287277 21.907499
-20.288254 68.287277 26.669998
0
19
3 2
2 1
1 0
0 3
2 5
5 4
4 1
5 7
7 6
6 4
7 9
9 8
8 6
9 11
11 10
10 8
11 13
13 12
12 10
6
4 1 2 3 4
4 5 6 7 -2
4 8 9 10 -6
4 11 12 13 -9
4 14 15 16 -12
4 17 18 19 -15
0
0
0
-2
*
14
20.288254 68.287277 26.669998
20.288254 68.287277 21.907499
36.861755 63.846420 26.669998
36.861755 63.846420 21.907499
63.846420 36.861755 26.669998
63.846420 36.861755 21.907499
73.723495 0.000000 26.669998
73.723495 0.000000 21.907499
63.846420 -36.861748 26.669998
63.846420 -36.861748 21.907499
20.288254 -68.287277 26.669998
36.861740 -63.846428 26.669998
36.861740 -63.846428 21.907499
20.288254 -68.287277 21.907499
0
19
13 12
12 11
11 10
10 13
12 9
9 8
8 11
9 7
7 6
6 8
7 5
5 4
4 6
5 3
3 2
2 4
3 1
1 0
0 2
6
4 1 2 3 4
4 5 6 7 -2
4 8 9 10 -6
4 11 12 13 -9
4 14 15 16 -12
4 17 18 19 -15
0
0
0
-2
*
14
20.288254 -68.287277 21.907499
20.288250 -62.381779 19.049999
33.908993 -58.732117 19.049999
36.861740 -63.846428 21.907499
58.732109 -33.908997 19.049999
63.846420 -36.861748 21.907499
67.817993 0.000000 19.049999
73.723495 0.000000 21.907499
58.732109 33.909000 19.049999
63.846420 36.861755 21.907499
33.909000 58.732109 19.049999
36.861755 63.846420 21.907499
20.288254 68.287277 21.907499
20.288254 62.381779 19.049999
0
19
0 1
1 2
2 3
3 0
2 4
4 5
5 3
4 6
6 7
7 5
6 8
8 9
9 7
8 10
10 11
11 9
12 11
10 13
13 12
6
4 1 2 3 4
4 -3 5 6 7
4 -6 8 9 10
4 -9 11 12 13
4 -12 14 15 16
4 17 -15 18 19
0
0
0
-2
*
20
20.288254 46.951279 4.762500
20.288254 68.287277 6.667503
20.288254 68.287277 11.430000
20.288254 68.287277 21.907499
20.288254 68.287277 26.669998
20.288250 46.951279 28.574999
58.732109 33.908997 14.287499
58.732109 33.908997 19.049999
20.288254 62.381779 14.287499
33.908997 58.732109 14.287499
33.908997 58.732109 19.049999
20.288254 62.381779 19.049999
20.288250 -62.381779 14.287499
20.288254 -62.381775 19.049999
33.908993 -58.732109 14.287499
33.908993 -58.732109 19.049999
67.817993 0.000000 14.287499
58.732101 -33.909012 14.287499
58.732101 -33.909012 19.049999
67.817993 0.000000 19.049999
0
28
19 18
18 17
17 16
16 19
18 15
15 14
14 17
15 13
13 12
12 14
11 10
10 9
9 8
8 11
10 7
7 6
6 9
7 19
16 6
5 4
4 3
3 11
11 5
8 2
2 1
1 0
0 8
0 5
9
4 1 2 3 4
4 5 6 7 -2
4 8 9 10 -6
4 11 12 13 14
4 15 16 17 -12
4 18 -4 19 -16
4 20 21 22 23
4 24 25 26 27
4 -23 -14 -27 28
0
0
0
-2
*
14
73.723495 0.000000 11.430000
67.817993 0.000000 14.287499
63.846420 36.861748 11.430000
58.732109 33.908997 14.287499
36.861748 63.846420 11.430000
33.908997 58.732109 14.287499
20.288254 62.381779 14.287499
20.288254 68.287277 11.430000
20.288254 -62.381775 14.287499
20.288254 -68.287277 11.430000
36.861744 -63.846420 11.430000
33.908993 -58.732109 14.287499
58.732101 -33.909012 14.287499
63.846416 -36.861759 11.430000
0
19
13 12
12 11
11 10
10 13
9 10
11 8
8 9
7 6
6 5
5 4
4 7
5 3
3 2
2 4
3 1
1 0
0 2
1 12
13 0
6
4 1 2 3 4
4 5 -3 6 7
4 8 9 10 11
4 -10 12 13 14
4 -13 15 16 17
4 -16 18 -1 19
0
0
0
-2
*
14
63.846420 36.861748 6.667503
63.846420 36.861748 11.430000
20.288254 68.287277 6.667503
36.861748 63.846420 6.667503
36.861748 63.846420 11.430000
20.288250 68.287277 11.430000
20.288254 -68.287277 6.667503
20.288254 -68.287277 11.430000
36.861744 -63.846420 6.667503
36.861744 -63.846420 11.430000
73.723495 0.000000 6.667503
63.846416 -36.861759 6.667503
63.846416 -36.861759 11.430000
73.723495 0.000000 11.430000
0
19
13 12
12 11
11 10
10 13
12 9
9 8
8 11
9 7
7 6
6 8
5 4
4 3
3 2
2 5
4 1
1 0
0 3
1 13
10 0
6
4 1 2 3 4
4 5 6 7 -2
4 8 9 10 -6
4 11 12 13 14
4 15 16 17 -12
4 18 -4 19 -16
0
0
0
-2
*
14
45.368904 26.193748 4.762500
63.846420 36.861748 6.667503
26.193748 45.368904 4.762500
36.861748 63.846420 6.667503
20.288250 68.287277 6.667503
20.288254 46.951279 4.762500
20.288254 -68.287277 6.667503
20.288254 -46.951279 4.762500
26.193747 -45.368904 4.762500
36.861744 -63.846420 6.667503
45.368900 -26.193758 4.762500
63.846416 -36.861759 6.667503
73.723495 0.000000 6.667503
52.387497 0.000000 4.762500
0
19
13 12
12 11
11 10
10 13
11 9
9 8
8 10
7 8
9 6
6 7
5 4
4 3
3 2
2 5
3 1
1 0
0 2
1 12
13 0
6
4 1 2 3 4
4 -3 5 6 7
4 8 -6 9 10
4 11 12 13 14
4 -13 15 16 17
4 -16 18 -1 19
0
0
0
-2
*
25
-20.288250 46.951279 28.574999
-20.288254 46.951279 4.762500
20.288254 46.951279 4.762500
-20.288254 -46.951279 4.762500
-20.288254 -46.951279 28.574999
20.288254 -68.287277 21.907499
20.288254 -62.381775 19.049999
20.288250 -62.381779 14.287499
20.288254 -68.287277 11.430000
20.288254 -68.287277 6.667503
20.288254 -46.951279 4.762500
20.288254 -46.951279 28.574999
20.288254 -68.287277 26.669998
36.861740 -63.846428 26.669998
26.193745 -45.368908 28.574999
63.846420 -36.861748 26.669998
45.368904 -26.193748 28.574999
73.723495 0.000000 26.669998
52.387497 0.000000 28.574999
63.846420 36.861755 26.669998
45.368904 26.193752 28.574999
36.861755 63.846420 26.669998
26.193752 45.368904 28.574999
20.288250 46.951279 28.574999
20.288254 68.287277 26.669998
0
35
11 12
12 13
13 14
14 11
13 15
15 16
16 14
15 17
17 18
18 16
17 19
19 20
20 18
19 21
21 22
22 20
23 22
21 24
24 23
10 9
9 8
8 7
7 10
7 6
6 11
11 10
6 5
5 12
11 4
4 3
3 10
23 2
2 1
1 0
0 23
11
4 1 2 3 4
4 -3 5 6 7
4 -6 8 9 10
4 -9 11 12 13
4 -12 14 15 16
4 17 -15 18 19
4 20 21 22 23
4 -23 24 25 26
4 27 28 -1 -25
4 29 30 31 -26
4 32 33 34 35
0
0
0
-2
*
4
51.054001 -4.976688 28.574999
51.054001 -4.976688 51.815998
51.054001 4.976691 51.815998
51.054001 4.976688 28.574999
0
4
3 2
2 1
1 0
0 3
1
4 1 2 3 4
0
0
0
-2
*
24
-15.430500 0.000000 -159.258011
-15.430500 0.000000 -171.830994
-13.363203 -7.715253 -159.258011
-13.363203 -7.715253 -171.830994
-7.715247 -13.363206 -159.258011
-7.715247 -13.363206 -171.830994
0.000000 -15.430500 -159.258011
0.000000 -15.430500 -171.830994
7.715247 -13.363206 -159.258011
7.715247 -13.363206 -171.830994
13.363203 -7.715250 -159.258011
13.363203 -7.715250 -171.830994
15.430500 0.000000 -159.258011
15.430500 0.000000 -171.830994
13.363203 7.715250 -159.258011
13.363203 7.715250 -171.830994
7.715250 13.363203 -159.258011
7.715250 13.363203 -171.830994
0.000000 15.430500 -159.258011
0.000000 15.430500 -171.830994
-7.715250 13.363203 -159.258011
-7.715250 13.363203 -171.830994
-13.363203 7.715247 -159.258011
-13.363203 7.715247 -171.830994
0
36
0 22
22 23
23 1
1 0
22 20
20 21
21 23
20 18
18 19
19 21
18 16
16 17
17 19
16 14
14 15
15 17
14 12
12 13
13 15
12 10
10 11
11 13
10 8
8 9
9 11
8 6
6 7
7 9
6 4
4 5
5 7
4 2
2 3
3 5
2 0
1 3
12
4 1 2 3 4
4 5 6 7 -2
4 8 9 10 -6
4 11 12 13 -9
4 14 15 16 -12
4 17 18 19 -15
4 20 21 22 -18
4 23 24 25 -21
4 26 27 28 -24
4 29 30 31 -27
4 32 33 34 -30
4 35 -4 36 -33
0
0
0
-2
*
24
18.477520 -10.668000 -178.688995
10.668000 -18.477520 -178.688995
0.000000 -21.336000 -178.688995
-10.668000 -18.477520 -178.688995
-18.477516 -10.668003 -178.688995
-21.336000 0.000000 -178.688995
-18.477520 10.668000 -178.688995
-10.668000 18.477520 -178.688995
0.000000 21.336000 -178.688995
10.668000 18.477520 -178.688995
18.477520 10.668000 -178.688995
21.336000 0.000000 -178.688995
13.363203 -7.715250 -171.830994
15.430500 0.000000 -171.830994
13.363203 7.715250 -171.830994
7.715250 13.363203 -171.830994
0.000000 15.430500 -171.830994
-7.715250 13.363203 -171.830994
-13.363203 7.715247 -171.830994
-15.430500 0.000000 -171.830994
-13.363203 -7.715253 -171.830994
-7.715247 -13.363206 -171.830994
0.000000 -15.430500 -171.830994
7.715247 -13.363206 -171.830994
0
36
0 1
1 2
2 3
3 4
4 5
5 6
6 7
7 8
8 9
9 10
10 11
11 0
12 0
11 13
13 12
10 14
14 13
9 15
15 14
8 16
16 15
7 17
17 16
6 18
18 17
5 19
19 18
4 20
20 19
3 21
21 20
2 22
22 21
1 23
23 22
12 23
13
4 13 -12 14 15
4 -14 -11 16 17
4 -16 -10 18 19
4 -18 -9 20 21
4 -20 -8 22 23
4 -22 -7 24 25
4 -24 -6 26 27
4 -26 -5 28 29
4 -28 -4 30 31
4 -30 -3 32 33
4 -32 -2 34 35
4 -34 -1 -13 36
12 1 2 3 4 5 6 7 8 9 10 11 12
0
0
0
-2
*
36
52.387497 0.000000 4.762500
45.368900 -26.193758 4.762500
26.193747 -45.368904 4.762500
0.000000 -52.387497 4.762500
-26.193745 -45.368908 4.762500
-45.368904 -26.193748 4.762500
-52.387497 0.000000 4.762500
-45.368904 26.193752 4.762500
-26.193752 45.368904 4.762500
0.000000 52.387497 4.762500
26.193748 45.368904 4.762500
45.368904 26.193748 4.762500
-52.387497 0.000000 0.000000
-29.908501 0.000000 -151.638000
-45.368900 -26.193758 0.000000
-25.901520 -14.954256 -151.638000
-26.193747 -45.368904 0.000000
-14.954247 -25.901527 -151.638000
0.000000 -52.387497 0.000000
0.000000 -29.908501 -151.638000
26.193745 -45.368908 0.000000
14.954247 -25.901527 -151.638000
45.368904 -26.193748 0.000000
25.901522 -14.954249 -151.638000
52.387497 0.000000 0.000000
29.908501 0.000000 -151.638000
45.368904 26.193752 0.000000
25.901522 14.954249 -151.638000
26.193752 45.368904 0.000000
14.954249 25.901522 -151.638000
0.000000 52.387497 0.000000
0.000000 29.908501 -151.638000
-26.193748 45.368904 0.000000
-14.954249 25.901522 -151.638000
-45.368904 26.193748 0.000000
-25.901522 14.954249 -151.638000
0
48
12 34
34 35
35 13
13 12
34 32
32 33
33 35
32 30
30 31
31 33
30 28
28 29
29 31
28 26
26 27
27 29
26 24
24 25
25 27
24 22
22 23
23 25
22 20
20 21
21 23
20 18
18 19
19 21
18 16
16 17
17 19
16 14
14 15
15 17
14 12
13 15
11 10
10 9
9 8
8 7
7 6
6 5
5 4
4 3
3 2
2 1
1 0
0 11
14
4 1 2 3 4
4 5 6 7 -2
4 8 9 10 -6
4 11 12 13 -9
4 14 15 16 -12
4 17 18 19 -15
4 20 21 22 -18
4 23 24 25 -21
4 26 27 28 -24
4 29 30 31 -27
4 32 33 34 -30
4 35 -4 36 -33
12 -10 -13 -16 -19 -22 -25 -28 -31 -34 -36 -3 -7
12 37 38 39 40 41 42 43 44 45 46 47 48
0
0
0
-2
*
24
52.387497 0.000000 0.000000
52.387497 0.000000 4.762500
45.368900 -26.193758 0.000000
45.368900 -26.193758 4.762500
26.193747 -45.368904 0.000000
26.193747 -45.368904 4.762500
0.000000 -52.387497 0.000000
0.000000 -52.387497 4.762500
-26.193745 -45.368908 0.000000
-26.193745 -45.368908 4.762500
-45.368904 -26.193748 0.000000
-45.368904 -26.193748 4.762500
-52.387497 0.000000 0.000000
-52.387497 0.000000 4.762500
-45.368904 26.193752 0.000000
-45.368904 26.193752 4.762500
-26.193752 45.368904 0.000000
-26.193752 45.368904 4.762500
0.000000 52.387497 0.000000
0.000000 52.387497 4.762500
26.193748 45.368904 0.000000
26.193748 45.368904 4.762500
45.368904 26.193748 0.000000
45.368904 26.193748 4.762500
0
36
0 22
22 23
23 1
1 0
22 20
20 21
21 23
20 18
18 19
19 21
18 16
16 17
17 19
16 14
14 15
15 17
14 12
12 13
13 15
12 10
10 11
11 13
10 8
8 9
9 11
8 6
6 7
7 9
6 4
4 5
5 7
4 2
2 3
3 5
2 0
1 3
12
4 1 2 3 4
4 5 6 7 -2
4 8 9 10 -6
4 11 12 13 -9
4 14 15 16 -12
4 17 18 19 -15
4 20 21 22 -18
4 23 24 25 -21
4 26 27 28 -24
4 29 30 31 -27
4 32 33 34 -30
4 35 -4 36 -33
0
0
0
-2
*
24
-18.477520 10.668000 -182.498993
-18.477520 10.668000 -178.688995
-10.668000 18.477520 -182.498993
-10.668000 18.477520 -178.688995
0.000000 21.336000 -182.498993
0.000000 21.336000 -178.688995
10.668000 18.477520 -182.498993
10.668000 18.477520 -178.688995
18.477520 10.668000 -182.498993
18.477520 10.668000 -178.688995
21.336000 0.000000 -182.498993
21.336000 0.000000 -178.688995
18.477520 -10.668000 -182.498993
18.477520 -10.668000 -178.688995
10.668000 -18.477520 -182.498993
10.668000 -18.477520 -178.688995
0.000000 -21.336000 -182.498993
0.000000 -21.336000 -178.688995
-10.668000 -18.477520 -182.498993
-10.668000 -18.477520 -178.688995
-18.477516 -10.668003 -182.498993
-18.477516 -10.668003 -178.688995
-21.336000 0.000000 -182.498993
-21.336000 0.000000 -178.688995
0
36
23 1
1 0
0 22
22 23
1 3
3 2
2 0
3 5
5 4
4 2
5 7
7 6
6 4
7 9
9 8
8 6
9 11
11 10
10 8
11 13
13 12
12 10
13 15
15 14
14 12
15 17
17 16
16 14
17 19
19 18
18 16
19 21
21 20
20 18
21 23
22 20
12
4 1 2 3 4
4 5 6 7 -2
4 8 9 10 -6
4 11 12 13 -9
4 14 15 16 -12
4 17 18 19 -15
4 20 21 22 -18
4 23 24 25 -21
4 26 27 28 -24
4 29 30 31 -27
4 32 33 34 -30
4 35 -4 36 -33
0
0
0
-2
*
24
-21.336000 0.000000 -182.498993
-17.145000 0.000000 -186.309006
-18.477516 -10.668003 -182.498993
-14.848002 -8.572503 -186.309006
-10.668000 -18.477520 -182.498993
-8.572496 -14.848005 -186.309006
0.000000 -21.336000 -182.498993
0.000000 -17.145000 -186.309006
10.668000 -18.477520 -182.498993
8.572500 -14.848005 -186.309006
18.477520 -10.668000 -182.498993
14.848005 -8.572500 -186.309006
21.336000 0.000000 -182.498993
17.145000 0.000000 -186.309006
18.477520 10.668000 -182.498993
14.848005 8.572500 -186.309006
10.668000 18.477520 -182.498993
8.572503 14.848005 -186.309006
0.000000 21.336000 -182.498993
0.000000 17.145000 -186.309006
-10.668000 18.477520 -182.498993
-8.572500 14.848005 -186.309006
-18.477520 10.668000 -182.498993
-14.848005 8.572500 -186.309006
0
36
0 22
22 23
23 1
1 0
22 20
20 21
21 23
20 18
18 19
19 21
18 16
16 17
17 19
16 14
14 15
15 17
14 12
12 13
13 15
12 10
10 11
11 13
10 8
8 9
9 11
8 6
6 7
7 9
6 4
4 5
5 7
4 2
2 3
3 5
2 0
1 3
13
4 1 2 3 4
4 5 6 7 -2
4 8 9 10 -6
4 11 12 13 -9
4 14 15 16 -12
4 17 18 19 -15
4 20 21 22 -18
4 23 24 25 -21
4 26 27 28 -24
4 29 30 31 -27
4 32 33 34 -30
4 35 -4 36 -33
12 -7 -10 -13 -16 -19 -22 -25 -28 -31 -34 -36 -3
0
0
0
-2
*
24
-23.426853 13.525500 -159.258011
-23.426853 13.525500 -151.638000
-13.525500 23.426853 -159.258011
-13.525500 23.426853 -151.638000
0.000000 27.051001 -159.258011
0.000000 27.051001 -151.638000
13.525503 23.426853 -159.258011
13.525503 23.426853 -151.638000
23.426853 13.525503 -159.258011
23.426853 13.525503 -151.638000
27.051001 0.000000 -159.258011
27.051001 0.000000 -151.638000
23.426853 -13.525500 -159.258011
23.426853 -13.525500 -151.638000
13.525497 -23.426855 -159.258011
13.525497 -23.426855 -151.638000
0.000000 -27.051001 -159.258011
0.000000 -27.051001 -151.638000
-13.525497 -23.426855 -159.258011
-13.525497 -23.426855 -151.638000
-23.426849 -13.525506 -159.258011
-23.426849 -13.525506 -151.638000
-27.051001 0.000000 -159.258011
-27.051001 0.000000 -151.638000
0
36
23 1
1 0
0 22
22 23
1 3
3 2
2 0
3 5
5 4
4 2
5 7
7 6
6 4
7 9
9 8
8 6
9 11
11 10
10 8
11 13
13 12
12 10
13 15
15 14
14 12
15 17
17 16
16 14
17 19
19 18
18 16
19 21
21 20
20 18
21 23
22 20
13
4 1 2 3 4
4 5 6 7 -2
4 8 9 10 -6
4 11 12 13 -9
4 14 15 16 -12
4 17 18 19 -15
4 20 21 22 -18
4 23 24 25 -21
4 26 27 28 -24
4 29 30 31 -27
4 32 33 34 -30
4 35 -4 36 -33
12 -28 -31 -34 -36 -3 -7 -10 -13 -16 -19 -22 -25
0
0
0
0
0
3
1
1
2
0
