14 DENEB_PART_FILE
1
-1
1
1.000000 0.000000 0.000000
0.000000 1.000000 0.000000
0.000000 0.000000 1.000000
-0.055484 0.000000 69.087990
0
0
0
24
-2
*
31
-69.849998 0.000000 38.099998
-60.491871 -34.924999 38.099998
-60.491871 -34.924999 69.087997
-69.849998 0.000000 69.087997
-34.924999 -60.491875 38.099998
-34.924999 -60.491875 69.087997
-6.825160 -68.021202 38.099998
-6.825160 -68.021202 69.087997
6.825160 -68.021202 38.099998
34.925003 -60.491871 38.099998
34.925003 -60.491871 69.087997
6.825160 -68.021202 69.087997
60.491871 -34.925003 38.099998
60.491871 -34.925003 69.087997
68.071999 -6.635584 38.099998
68.071999 -6.635584 69.087997
68.071999 6.635584 38.099998
60.491875 34.924999 38.099998
60.491875 34.924999 69.087997
68.071999 6.635588 69.087997
34.924992 60.491879 38.099998
34.924992 60.491879 69.087997
6.825164 68.021202 38.099998
6.825164 68.021202 69.087997
-6.825160 68.021202 38.099998
-34.924995 60.491875 38.099998
-34.924995 60.491875 69.087997
-6.825160 68.021202 69.087997
-60.491867 34.925011 38.099998
-60.491867 34.925011 69.087997
-27.051004 -62.601707 38.099998
0
47
0 1
1 2
2 3
3 0
1 4
4 5
5 2
4 6
6 7
7 5
8 9
9 10
10 11
11 8
9 12
12 13
13 10
12 14
14 15
15 13
16 17
17 18
18 19
19 16
17 20
20 21
21 18
20 22
22 23
23 21
24 25
25 26
26 27
27 24
25 28
28 29
29 26
28 0
3 29
7 11
15 19
23 27
22 24
16 14
8 6
6 30
30 4
15
4 1 2 3 4
4 5 6 7 -2
4 8 9 10 -6
4 11 12 13 14
4 15 16 17 -12
4 18 19 20 -16
4 21 22 23 24
4 25 26 27 -22
4 28 29 30 -26
4 31 32 33 34
4 35 36 37 -32
4 38 -4 39 -36
4 -34 -42 -29 43
15 -7 -10 40 -13 -17 -20 41 -23 -27 -30 42 -33 -37 -39 -3
16 44 -18 -15 -11 45 46 47 -5 -1 -38 -35 -31 -43 -28 -25 -21
0
0
0
-2
*
4
-6.825160 -68.021202 38.099998
-6.825160 -68.021202 69.087997
6.825160 -68.021202 69.087997
6.825160 -68.021202 38.099998
0
4
3 2
2 1
1 0
0 3
1
4 1 2 3 4
0
0
0
-2
*
20
-27.051004 91.049706 35.559998
-27.051001 62.601704 38.099998
-34.925003 60.491871 38.099998
-49.149006 85.128563 35.559998
-60.491871 34.925003 38.099998
-85.128563 49.149006 35.559998
-69.849998 0.000000 38.099998
-98.297997 0.000000 35.559998
-60.491875 -34.924999 38.099998
-85.128563 -49.148998 35.559998
-34.924992 -60.491879 38.099998
-49.148987 -85.128571 35.559998
-27.051004 -91.049706 35.559998
-27.051004 -62.601707 38.099998
-27.051004 -62.601704 6.350000
-27.051004 -91.049706 8.890004
-27.051004 -91.049706 15.240000
-27.051001 -83.175705 19.049999
-27.051004 -83.175697 25.400000
-27.051004 -91.049706 29.209999
0
28
10 11
11 12
12 13
13 10
8 9
9 11
10 8
6 7
7 9
8 6
4 5
5 7
6 4
2 3
3 5
4 2
0 3
2 1
1 0
17 16
16 15
15 14
14 17
13 18
18 17
14 13
12 19
19 18
9
4 1 2 3 4
4 5 6 -1 7
4 8 9 -5 10
4 11 12 -8 13
4 14 15 -11 16
4 17 -14 18 19
4 20 21 22 23
4 24 25 -23 26
4 -3 27 28 -24
0
0
0
-2
*
14
-69.849998 0.000000 6.350000
-98.297997 0.000000 8.890004
-85.128555 -49.149014 8.890004
-60.491867 -34.925011 6.350000
-49.148991 -85.128563 8.890004
-34.924995 -60.491875 6.350000
-27.051004 -62.601704 6.350000
-27.051004 -91.049706 8.890004
-27.051004 62.601704 6.350000
-27.051001 91.049706 8.890004
-49.148994 85.128563 8.890004
-34.924999 60.491875 6.350000
-85.128563 49.148998 8.890004
-60.491871 34.924999 6.350000
0
19
3 2
2 1
1 0
0 3
5 4
4 2
3 5
7 4
5 6
6 7
11 10
10 9
9 8
8 11
13 12
12 10
11 13
1 12
13 0
6
4 1 2 3 4
4 5 6 -1 7
4 8 -5 9 10
4 11 12 13 14
4 15 16 -11 17
4 -3 18 -15 19
0
0
0
-2
*
14
-98.297997 0.000000 15.240000
-85.128555 -49.149014 15.240000
-85.128555 -49.149014 8.890004
-98.297997 0.000000 8.890004
-49.148991 -85.128563 15.240000
-49.148991 -85.128563 8.890004
-27.051004 -91.049706 15.240000
-27.051004 -91.049706 8.890004
-27.051001 91.049706 15.240000
-49.148994 85.128563 15.240000
-49.148994 85.128563 8.890004
-27.051004 91.049706 8.890004
-85.128563 49.148998 15.240000
-85.128563 49.148998 8.890004
0
19
3 2
2 1
1 0
0 3
2 5
5 4
4 1
5 7
7 6
6 4
11 10
10 9
9 8
8 11
10 13
13 12
12 9
13 3
0 12
6
4 1 2 3 4
4 5 6 7 -2
4 8 9 10 -6
4 11 12 13 14
4 15 16 17 -12
4 18 -4 19 -16
0
0
0
-2
*
14
-85.128555 -49.149014 15.240000
-78.309471 -45.212013 19.049999
-45.211990 -78.309479 19.049999
-49.148991 -85.128563 15.240000
-27.051004 -91.049706 15.240000
-27.051004 -83.175697 19.049999
-27.051004 91.049706 15.240000
-27.051004 83.175705 19.049999
-45.211994 78.309479 19.049999
-49.148994 85.128563 15.240000
-78.309479 45.211994 19.049999
-85.128563 49.148998 15.240000
-90.423996 0.000000 19.049999
-98.297997 0.000000 15.240000
0
19
3 2
2 1
1 0
0 3
5 2
3 4
4 5
9 8
8 7
7 6
6 9
11 10
10 8
9 11
13 12
12 10
11 13
1 12
13 0
6
4 1 2 3 4
4 5 -1 6 7
4 8 9 10 11
4 12 13 -8 14
4 15 16 -12 17
4 -3 18 -15 19
0
0
0
-2
*
20
-90.423996 0.000000 25.400000
-78.309471 -45.212013 25.400000
-78.309471 -45.212013 19.049999
-90.423996 0.000000 19.049999
-45.211990 -78.309479 25.400000
-45.211990 -78.309479 19.049999
-27.051004 -83.175697 25.400000
-27.051001 -83.175705 19.049999
-27.051004 83.175705 25.400000
-45.211994 78.309479 25.400000
-45.211994 78.309479 19.049999
-27.051004 83.175705 19.049999
-78.309479 45.211994 25.400000
-78.309479 45.211994 19.049999
-27.051001 62.601704 38.099998
-27.051004 91.049706 35.559998
-27.051004 91.049706 29.209999
-27.051004 91.049706 15.240000
-27.051004 91.049706 8.890004
-27.051004 62.601704 6.350000
0
28
3 2
2 1
1 0
0 3
2 5
5 4
4 1
5 7
7 6
6 4
11 10
10 9
9 8
8 11
10 13
13 12
12 9
13 3
0 12
8 16
16 15
15 14
14 8
19 18
18 17
17 11
11 19
14 19
9
4 1 2 3 4
4 5 6 7 -2
4 8 9 10 -6
4 11 12 13 14
4 15 16 17 -12
4 18 -4 19 -16
4 20 21 22 23
4 24 25 26 27
4 -27 -14 -23 28
0
0
0
-2
*
14
-27.051004 83.175705 25.400000
-27.051004 91.049706 29.209999
-49.149006 85.128563 29.209999
-45.212002 78.309479 25.400000
-85.128563 49.149006 29.209999
-78.309479 45.212002 25.400000
-98.297997 0.000000 29.209999
-90.423996 0.000000 25.400000
-85.128563 -49.148998 29.209999
-78.309479 -45.211994 25.400000
-49.148987 -85.128571 29.209999
-45.211990 -78.309486 25.400000
-27.051001 -83.175705 25.400000
-27.051004 -91.049706 29.209999
0
19
10 11
11 12
12 13
13 10
8 9
9 11
10 8
6 7
7 9
8 6
4 5
5 7
6 4
2 3
3 5
4 2
0 3
2 1
1 0
6
4 1 2 3 4
4 5 6 -1 7
4 8 9 -5 10
4 11 12 -8 13
4 14 15 -11 16
4 17 -14 18 19
0
0
0
-2
*
14
-27.051004 -91.049706 29.209999
-49.148987 -85.128571 29.209999
-49.148987 -85.128571 35.559998
-27.051004 -91.049706 35.559998
-85.128563 -49.148998 29.209999
-85.128563 -49.148998 35.559998
-98.297997 0.000000 29.209999
-98.297997 0.000000 35.559998
-85.128563 49.149006 29.209999
-85.128563 49.149006 35.559998
-49.149006 85.128563 29.209999
-49.149006 85.128563 35.559998
-27.051004 91.049706 29.209999
-27.051004 91.049706 35.559998
0
19
3 2
2 1
1 0
0 3
2 5
5 4
4 1
5 7
7 6
6 4
7 9
9 8
8 6
9 11
11 10
10 8
11 13
13 12
12 10
6
4 1 2 3 4
4 5 6 7 -2
4 8 9 10 -6
4 11 12 13 -9
4 14 15 16 -12
4 17 18 19 -15
0
0
0
-2
*
14
27.051004 91.049706 35.559998
27.051004 91.049706 29.209999
49.149006 85.128563 35.559998
49.149006 85.128563 29.209999
85.128563 49.149006 35.559998
85.128563 49.149006 29.209999
98.297997 0.000000 35.559998
98.297997 0.000000 29.209999
85.128563 -49.148998 35.559998
85.128563 -49.148998 29.209999
27.051004 -91.049706 35.559998
49.148987 -85.128571 35.559998
49.148987 -85.128571 29.209999
27.051004 -91.049706 29.209999
0
19
13 12
12 11
11 10
10 13
12 9
9 8
8 11
9 7
7 6
6 8
7 5
5 4
4 6
5 3
3 2
2 4
3 1
1 0
0 2
6
4 1 2 3 4
4 5 6 7 -2
4 8 9 10 -6
4 11 12 13 -9
4 14 15 16 -12
4 17 18 19 -15
0
0
0
-2
*
14
27.051004 -91.049706 29.209999
27.051001 -83.175705 25.400000
45.211990 -78.309486 25.400000
49.148987 -85.128571 29.209999
78.309479 -45.211994 25.400000
85.128563 -49.148998 29.209999
90.423996 0.000000 25.400000
98.297997 0.000000 29.209999
78.309479 45.212002 25.400000
85.128563 49.149006 29.209999
45.212002 78.309479 25.400000
49.149006 85.128563 29.209999
27.051004 91.049706 29.209999
27.051004 83.175705 25.400000
0
19
0 1
1 2
2 3
3 0
2 4
4 5
5 3
4 6
6 7
7 5
6 8
8 9
9 7
8 10
10 11
11 9
12 11
10 13
13 12
6
4 1 2 3 4
4 -3 5 6 7
4 -6 8 9 10
4 -9 11 12 13
4 -12 14 15 16
4 17 -15 18 19
0
0
0
-2
*
20
27.051004 62.601704 6.350000
27.051004 91.049706 8.890004
27.051004 91.049706 15.240000
27.051004 91.049706 29.209999
27.051004 91.049706 35.559998
27.051001 62.601704 38.099998
78.309479 45.211994 19.049999
78.309479 45.211994 25.400000
27.051004 83.175705 19.049999
45.211994 78.309479 19.049999
45.211994 78.309479 25.400000
27.051004 83.175705 25.400000
27.051001 -83.175705 19.049999
27.051004 -83.175697 25.400000
45.211990 -78.309479 19.049999
45.211990 -78.309479 25.400000
90.423996 0.000000 19.049999
78.309471 -45.212013 19.049999
78.309471 -45.212013 25.400000
90.423996 0.000000 25.400000
0
28
19 18
18 17
17 16
16 19
18 15
15 14
14 17
15 13
13 12
12 14
11 10
10 9
9 8
8 11
10 7
7 6
6 9
7 19
16 6
5 4
4 3
3 11
11 5
8 2
2 1
1 0
0 8
0 5
9
4 1 2 3 4
4 5 6 7 -2
4 8 9 10 -6
4 11 12 13 14
4 15 16 17 -12
4 18 -4 19 -16
4 20 21 22 23
4 24 25 26 27
4 -23 -14 -27 28
0
0
0
-2
*
14
98.297997 0.000000 15.240000
90.423996 0.000000 19.049999
85.128563 49.148998 15.240000
78.309479 45.211994 19.049999
49.148994 85.128563 15.240000
45.211994 78.309479 19.049999
27.051004 83.175705 19.049999
27.051004 91.049706 15.240000
27.051004 -83.175697 19.049999
27.051004 -91.049706 15.240000
49.148991 -85.128563 15.240000
45.211990 -78.309479 19.049999
78.309471 -45.212013 19.049999
85.128555 -49.149014 15.240000
0
19
13 12
12 11
11 10
10 13
9 10
11 8
8 9
7 6
6 5
5 4
4 7
5 3
3 2
2 4
3 1
1 0
0 2
1 12
13 0
6
4 1 2 3 4
4 5 -3 6 7
4 8 9 10 11
4 -10 12 13 14
4 -13 15 16 17
4 -16 18 -1 19
0
0
0
-2
*
14
85.128563 49.148998 8.890004
85.128563 49.148998 15.240000
27.051004 91.049706 8.890004
49.148994 85.128563 8.890004
49.148994 85.128563 15.240000
27.051001 91.049706 15.240000
27.051004 -91.049706 8.890004
27.051004 -91.049706 15.240000
49.148991 -85.128563 8.890004
49.148991 -85.128563 15.240000
98.297997 0.000000 8.890004
85.128555 -49.149014 8.890004
85.128555 -49.149014 15.240000
98.297997 0.000000 15.240000
0
19
13 12
12 11
11 10
10 13
12 9
9 8
8 11
9 7
7 6
6 8
5 4
4 3
3 2
2 5
4 1
1 0
0 3
1 13
10 0
6
4 1 2 3 4
4 5 6 7 -2
4 8 9 10 -6
4 11 12 13 14
4 15 16 17 -12
4 18 -4 19 -16
0
0
0
-2
*
14
60.491871 34.924999 6.350000
85.128563 49.148998 8.890004
34.924999 60.491875 6.350000
49.148994 85.128563 8.890004
27.051001 91.049706 8.890004
27.051004 62.601704 6.350000
27.051004 -91.049706 8.890004
27.051004 -62.601704 6.350000
34.924995 -60.491875 6.350000
49.148991 -85.128563 8.890004
60.491867 -34.925011 6.350000
85.128555 -49.149014 8.890004
98.297997 0.000000 8.890004
69.849998 0.000000 6.350000
0
19
13 12
12 11
11 10
10 13
11 9
9 8
8 10
7 8
9 6
6 7
5 4
4 3
3 2
2 5
3 1
1 0
0 2
1 12
13 0
6
4 1 2 3 4
4 -3 5 6 7
4 8 -6 9 10
4 11 12 13 14
4 -13 15 16 17
4 -16 18 -1 19
0
0
0
-2
*
25
-27.051001 62.601704 38.099998
-27.051004 62.601704 6.350000
27.051004 62.601704 6.350000
-27.051004 -62.601704 6.350000
-27.051004 -62.601707 38.099998
27.051004 -91.049706 29.209999
27.051004 -83.175697 25.400000
27.051001 -83.175705 19.049999
27.051004 -91.049706 15.240000
27.051004 -91.049706 8.890004
27.051004 -62.601704 6.350000
27.051004 -62.601707 38.099998
27.051004 -91.049706 35.559998
49.148987 -85.128571 35.559998
34.924992 -60.491879 38.099998
85.128563 -49.148998 35.559998
60.491875 -34.924999 38.099998
98.297997 0.000000 35.559998
69.849998 0.000000 38.099998
85.128563 49.149006 35.559998
60.491871 34.925003 38.099998
49.149006 85.128563 35.559998
34.925003 60.491871 38.099998
27.051001 62.601704 38.099998
27.051004 91.049706 35.559998
0
35
11 12
12 13
13 14
14 11
13 15
15 16
16 14
15 17
17 18
18 16
17 19
19 20
20 18
19 21
21 22
22 20
23 22
21 24
24 23
10 9
9 8
8 7
7 10
7 6
6 11
11 10
6 5
5 12
11 4
4 3
3 10
23 2
2 1
1 0
0 23
11
4 1 2 3 4
4 -3 5 6 7
4 -6 8 9 10
4 -9 11 12 13
4 -12 14 15 16
4 17 -15 18 19
4 20 21 22 23
4 -23 24 25 26
4 27 28 -1 -25
4 29 30 31 -26
4 32 33 34 35
0
0
0
-2
*
4
68.071999 -6.635584 38.099998
68.071999 -6.635584 69.087997
68.071999 6.635588 69.087997
68.071999 6.635584 38.099998
0
4
3 2
2 1
1 0
0 3
1
4 1 2 3 4
0
0
0
-2
*
24
-20.573999 0.000000 -212.344009
-20.573999 0.000000 -229.108002
-17.817604 -10.287004 -212.344009
-17.817604 -10.287004 -229.108002
-10.286996 -17.817608 -212.344009
-10.286996 -17.817608 -229.108002
0.000000 -20.573999 -212.344009
0.000000 -20.573999 -229.108002
10.286996 -17.817608 -212.344009
10.286996 -17.817608 -229.108002
17.817604 -10.287000 -212.344009
17.817604 -10.287000 -229.108002
20.573999 0.000000 -212.344009
20.573999 0.000000 -229.108002
17.817604 10.287000 -212.344009
17.817604 10.287000 -229.108002
10.287000 17.817604 -212.344009
10.287000 17.817604 -229.108002
0.000000 20.573999 -212.344009
0.000000 20.573999 -229.108002
-10.287000 17.817604 -212.344009
-10.287000 17.817604 -229.108002
-17.817604 10.286996 -212.344009
-17.817604 10.286996 -229.108002
0
36
0 22
22 23
23 1
1 0
22 20
20 21
21 23
20 18
18 19
19 21
18 16
16 17
17 19
16 14
14 15
15 17
14 12
12 13
13 15
12 10
10 11
11 13
10 8
8 9
9 11
8 6
6 7
7 9
6 4
4 5
5 7
4 2
2 3
3 5
2 0
1 3
12
4 1 2 3 4
4 5 6 7 -2
4 8 9 10 -6
4 11 12 13 -9
4 14 15 16 -12
4 17 18 19 -15
4 20 21 22 -18
4 23 24 25 -21
4 26 27 28 -24
4 29 30 31 -27
4 32 33 34 -30
4 35 -4 36 -33
0
0
0
-2
*
24
24.636692 -14.224000 -238.251999
14.224000 -24.636692 -238.251999
0.000000 -28.448000 -238.251999
-14.224000 -24.636692 -238.251999
-24.636688 -14.224004 -238.251999
-28.448000 0.000000 -238.251999
-24.636692 14.224000 -238.251999
-14.224000 24.636692 -238.251999
0.000000 28.448000 -238.251999
14.224000 24.636692 -238.251999
24.636692 14.224000 -238.251999
28.448000 0.000000 -238.251999
17.817604 -10.287000 -229.108002
20.573999 0.000000 -229.108002
17.817604 10.287000 -229.108002
10.287000 17.817604 -229.108002
0.000000 20.573999 -229.108002
-10.287000 17.817604 -229.108002
-17.817604 10.286996 -229.108002
-20.573999 0.000000 -229.108002
-17.817604 -10.287004 -229.108002
-10.286996 -17.817608 -229.108002
0.000000 -20.573999 -229.108002
10.286996 -17.817608 -229.108002
0
36
0 1
1 2
2 3
3 4
4 5
5 6
6 7
7 8
8 9
9 10
10 11
11 0
12 0
11 13
13 12
10 14
14 13
9 15
15 14
8 16
16 15
7 17
17 16
6 18
18 17
5 19
19 18
4 20
20 19
3 21
21 20
2 22
22 21
1 23
23 22
12 23
13
4 13 -12 14 15
4 -14 -11 16 17
4 -16 -10 18 19
4 -18 -9 20 21
4 -20 -8 22 23
4 -22 -7 24 25
4 -24 -6 26 27
4 -26 -5 28 29
4 -28 -4 30 31
4 -30 -3 32 33
4 -32 -2 34 35
4 -34 -1 -13 36
12 1 2 3 4 5 6 7 8 9 10 11 12
0
0
0
-2
*
36
69.849998 0.000000 6.350000
60.491867 -34.925011 6.350000
34.924995 -60.491875 6.350000
0.000000 -69.849998 6.350000
-34.924992 -60.491879 6.350000
-60.491875 -34.924999 6.350000
-69.849998 0.000000 6.350000
-60.491871 34.925003 6.350000
-34.925003 60.491871 6.350000
0.000000 69.849998 6.350000
34.924999 60.491875 6.350000
60.491871 34.924999 6.350000
-69.849998 0.000000 0.000000
-39.878002 0.000000 -202.184006
-60.491867 -34.925011 0.000000
-34.535358 -19.939009 -202.184006
-34.924995 -60.491875 0.000000
-19.938995 -34.535370 -202.184006
0.000000 -69.849998 0.000000
0.000000 -39.878002 -202.184006
34.924992 -60.491879 0.000000
19.938995 -34.535370 -202.184006
60.491875 -34.924999 0.000000
34.535362 -19.938999 -202.184006
69.849998 0.000000 0.000000
39.878002 0.000000 -202.184006
60.491871 34.925003 0.000000
34.535362 19.938999 -202.184006
34.925003 60.491871 0.000000
19.938999 34.535362 -202.184006
0.000000 69.849998 0.000000
0.000000 39.878002 -202.184006
-34.924999 60.491875 0.000000
-19.938999 34.535362 -202.184006
-60.491871 34.924999 0.000000
-34.535362 19.938999 -202.184006
0
48
12 34
34 35
35 13
13 12
34 32
32 33
33 35
32 30
30 31
31 33
30 28
28 29
29 31
28 26
26 27
27 29
26 24
24 25
25 27
24 22
22 23
23 25
22 20
20 21
21 23
20 18
18 19
19 21
18 16
16 17
17 19
16 14
14 15
15 17
14 12
13 15
11 10
10 9
9 8
8 7
7 6
6 5
5 4
4 3
3 2
2 1
1 0
0 11
14
4 1 2 3 4
4 5 6 7 -2
4 8 9 10 -6
4 11 12 13 -9
4 14 15 16 -12
4 17 18 19 -15
4 20 21 22 -18
4 23 24 25 -21
4 26 27 28 -24
4 29 30 31 -27
4 32 33 34 -30
4 35 -4 36 -33
12 -10 -13 -16 -19 -22 -25 -28 -31 -34 -36 -3 -7
12 37 38 39 40 41 42 43 44 45 46 47 48
0
0
0
-2
*
24
69.849998 0.000000 0.000000
69.849998 0.000000 6.350000
60.491867 -34.925011 0.000000
60.491867 -34.925011 6.350000
34.924995 -60.491875 0.000000
34.924995 -60.491875 6.350000
0.000000 -69.849998 0.000000
0.000000 -69.849998 6.350000
-34.924992 -60.491879 0.000000
-34.924992 -60.491879 6.350000
-60.491875 -34.924999 0.000000
-60.491875 -34.924999 6.350000
-69.849998 0.000000 0.000000
-69.849998 0.000000 6.350000
-60.491871 34.925003 0.000000
-60.491871 34.925003 6.350000
-34.925003 60.491871 0.000000
-34.925003 60.491871 6.350000
0.000000 69.849998 0.000000
0.000000 69.849998 6.350000
34.924999 60.491875 0.000000
34.924999 60.491875 6.350000
60.491871 34.924999 0.000000
60.491871 34.924999 6.350000
0
36
0 22
22 23
23 1
1 0
22 20
20 21
21 23
20 18
18 19
19 21
18 16
16 17
17 19
16 14
14 15
15 17
14 12
12 13
13 15
12 10
10 11
11 13
10 8
8 9
9 11
8 6
6 7
7 9
6 4
4 5
5 7
4 2
2 3
3 5
2 0
1 3
12
4 1 2 3 4
4 5 6 7 -2
4 8 9 10 -6
4 11 12 13 -9
4 14 15 16 -12
4 17 18 19 -15
4 20 21 22 -18
4 23 24 25 -21
4 26 27 28 -24
4 29 30 31 -27
4 32 33 34 -30
4 35 -4 36 -33
0
0
0
-2
*
24
-24.636692 14.224000 -243.332001
-24.636692 14.224000 -238.251999
-14.224000 24.636692 -243.332001
-14.224000 24.636692 -238.251999
0.000000 28.448000 -243.332001
0.000000 28.448000 -238.251999
14.224000 24.636692 -243.332001
14.224000 24.636692 -238.251999
24.636692 14.224000 -243.332001
24.636692 14.224000 -238.251999
28.448000 0.000000 -243.332001
28.448000 0.000000 -238.251999
24.636692 -14.224000 -243.332001
24.636692 -14.224000 -238.251999
14.224000 -24.636692 -243.332001
14.224000 -24.636692 -238.251999
0.000000 -28.448000 -243.332001
0.000000 -28.448000 -238.251999
-14.224000 -24.636692 -243.332001
-14.224000 -24.636692 -238.251999
-24.636688 -14.224004 -243.332001
-24.636688 -14.224004 -238.251999
-28.448000 0.000000 -243.332001
-28.448000 0.000000 -238.251999
0
36
23 1
1 0
0 22
22 23
1 3
3 2
2 0
3 5
5 4
4 2
5 7
7 6
6 4
7 9
9 8
8 6
9 11
11 10
10 8
11 13
13 12
12 10
13 15
15 14
14 12
15 17
17 16
16 14
17 19
19 18
18 16
19 21
21 20
20 18
21 23
22 20
12
4 1 2 3 4
4 5 6 7 -2
4 8 9 10 -6
4 11 12 13 -9
4 14 15 16 -12
4 17 18 19 -15
4 20 21 22 -18
4 23 24 25 -21
4 26 27 28 -24
4 29 30 31 -27
4 32 33 34 -30
4 35 -4 36 -33
0
0
0
-2
*
24
-28.448000 0.000000 -243.332001
-22.860001 0.000000 -248.412003
-24.636688 -14.224004 -243.332001
-19.797337 -11.430004 -248.412003
-14.224000 -24.636692 -243.332001
-11.429996 -19.797340 -248.412003
0.000000 -28.448000 -243.332001
0.000000 -22.860001 -248.412003
14.224000 -24.636692 -243.332001
11.430000 -19.797340 -248.412003
24.636692 -14.224000 -243.332001
19.797340 -11.430000 -248.412003
28.448000 0.000000 -243.332001
22.860001 0.000000 -248.412003
24.636692 14.224000 -243.332001
19.797340 11.430000 -248.412003
14.224000 24.636692 -243.332001
11.430004 19.797340 -248.412003
0.000000 28.448000 -243.332001
0.000000 22.860001 -248.412003
-14.224000 24.636692 -243.332001
-11.430000 19.797340 -248.412003
-24.636692 14.224000 -243.332001
-19.797340 11.430000 -248.412003
0
36
0 22
22 23
23 1
1 0
22 20
20 21
21 23
20 18
18 19
19 21
18 16
16 17
17 19
16 14
14 15
15 17
14 12
12 13
13 15
12 10
10 11
11 13
10 8
8 9
9 11
8 6
6 7
7 9
6 4
4 5
5 7
4 2
2 3
3 5
2 0
1 3
13
4 1 2 3 4
4 5 6 7 -2
4 8 9 10 -6
4 11 12 13 -9
4 14 15 16 -12
4 17 18 19 -15
4 20 21 22 -18
4 23 24 25 -21
4 26 27 28 -24
4 29 30 31 -27
4 32 33 34 -30
4 35 -4 36 -33
12 -7 -10 -13 -16 -19 -22 -25 -28 -31 -34 -36 -3
0
0
0
-2
*
24
-31.235804 18.034000 -212.344009
-31.235804 18.034000 -202.184006
-18.034000 31.235804 -212.344009
-18.034000 31.235804 -202.184006
0.000000 36.068001 -212.344009
0.000000 36.068001 -202.184006
18.034004 31.235804 -212.344009
18.034004 31.235804 -202.184006
31.235804 18.034004 -212.344009
31.235804 18.034004 -202.184006
36.068001 0.000000 -212.344009
36.068001 0.000000 -202.184006
31.235804 -18.034000 -212.344009
31.235804 -18.034000 -202.184006
18.033997 -31.235807 -212.344009
18.033997 -31.235807 -202.184006
0.000000 -36.068001 -212.344009
0.000000 -36.068001 -202.184006
-18.033997 -31.235807 -212.344009
-18.033997 -31.235807 -202.184006
-31.235800 -18.034008 -212.344009
-31.235800 -18.034008 -202.184006
-36.068001 0.000000 -212.344009
-36.068001 0.000000 -202.184006
0
36
23 1
1 0
0 22
22 23
1 3
3 2
2 0
3 5
5 4
4 2
5 7
7 6
6 4
7 9
9 8
8 6
9 11
11 10
10 8
11 13
13 12
12 10
13 15
15 14
14 12
15 17
17 16
16 14
17 19
19 18
18 16
19 21
21 20
20 18
21 23
22 20
13
4 1 2 3 4
4 5 6 7 -2
4 8 9 10 -6
4 11 12 13 -9
4 14 15 16 -12
4 17 18 19 -15
4 20 21 22 -18
4 23 24 25 -21
4 26 27 28 -24
4 29 30 31 -27
4 32 33 34 -30
4 35 -4 36 -33
12 -28 -31 -34 -36 -3 -7 -10 -13 -16 -19 -22 -25
0
0
0
0
0
3
1
1
2
0
