14 DENEB_PART_FILE
1
-1
1
1.000000 0.000000 0.000000
0.000000 1.000000 0.000000
0.000000 0.000000 1.000000
-0.069355 0.000000 86.359985
0
0
0
24
-2
*
31
-87.312500 0.000000 47.625000
-75.614838 -43.656250 47.625000
-75.614838 -43.656250 86.360001
-87.312500 0.000000 86.360001
-43.656250 -75.614845 47.625000
-43.656250 -75.614845 86.360001
-8.531450 -85.026505 47.625000
-8.531450 -85.026505 86.360001
8.531450 -85.026505 47.625000
43.656254 -75.614838 47.625000
43.656254 -75.614838 86.360001
8.531450 -85.026505 86.360001
75.614838 -43.656254 47.625000
75.614838 -43.656254 86.360001
85.089996 -8.294479 47.625000
85.089996 -8.294479 86.360001
85.089996 8.294479 47.625000
75.614845 43.656250 47.625000
75.614845 43.656250 86.360001
85.089996 8.294485 86.360001
43.656239 75.614845 47.625000
43.656239 75.614845 86.360001
8.531455 85.026505 47.625000
8.531455 85.026505 86.360001
-8.531450 85.026505 47.625000
-43.656242 75.614845 47.625000
-43.656242 75.614845 86.360001
-8.531450 85.026505 86.360001
-75.614838 43.656265 47.625000
-75.614838 43.656265 86.360001
-33.813755 -78.252136 47.625000
0
47
0 1
1 2
2 3
3 0
1 4
4 5
5 2
4 6
6 7
7 5
8 9
9 10
10 11
11 8
9 12
12 13
13 10
12 14
14 15
15 13
16 17
17 18
18 19
19 16
17 20
20 21
21 18
20 22
22 23
23 21
24 25
25 26
26 27
27 24
25 28
28 29
29 26
28 0
3 29
7 11
15 19
23 27
22 24
16 14
8 6
6 30
30 4
15
4 1 2 3 4
4 5 6 7 -2
4 8 9 10 -6
4 11 12 13 14
4 15 16 17 -12
4 18 19 20 -16
4 21 22 23 24
4 25 26 27 -22
4 28 29 30 -26
4 31 32 33 34
4 35 36 37 -32
4 38 -4 39 -36
4 -34 -42 -29 43
15 -7 -10 40 -13 -17 -20 41 -23 -27 -30 42 -33 -37 -39 -3
16 44 -18 -15 -11 45 46 47 -5 -1 -38 -35 -31 -43 -28 -25 -21
0
0
0
-2
*
4
-8.531450 -85.026505 47.625000
-8.531450 -85.026505 86.360001
8.531450 -85.026505 86.360001
8.531450 -85.026505 47.625000
0
4
3 2
2 1
1 0
0 3
1
4 1 2 3 4
0
0
0
-2
*
20
-33.813755 113.812134 44.449997
-33.813751 78.252129 47.625000
-43.656254 75.614838 47.625000
-61.436256 106.410706 44.449997
-75.614838 43.656254 47.625000
-106.410706 61.436256 44.449997
-87.312500 0.000000 47.625000
-122.872498 0.000000 44.449997
-75.614845 -43.656250 47.625000
-106.410706 -61.436249 44.449997
-43.656239 -75.614845 47.625000
-61.436234 -106.410713 44.449997
-33.813755 -113.812134 44.449997
-33.813755 -78.252136 47.625000
-33.813755 -78.252129 7.937500
-33.813755 -113.812134 11.112505
-33.813755 -113.812134 19.049999
-33.813751 -103.969635 23.812500
-33.813755 -103.969620 31.750000
-33.813755 -113.812134 36.512497
0
28
10 11
11 12
12 13
13 10
8 9
9 11
10 8
6 7
7 9
8 6
4 5
5 7
6 4
2 3
3 5
4 2
0 3
2 1
1 0
17 16
16 15
15 14
14 17
13 18
18 17
14 13
12 19
19 18
9
4 1 2 3 4
4 5 6 -1 7
4 8 9 -5 10
4 11 12 -8 13
4 14 15 -11 16
4 17 -14 18 19
4 20 21 22 23
4 24 25 -23 26
4 -3 27 28 -24
0
0
0
-2
*
14
-87.312500 0.000000 7.937500
-122.872498 0.000000 11.112505
-106.410690 -61.436268 11.112505
-75.614838 -43.656265 7.937500
-61.436237 -106.410706 11.112505
-43.656242 -75.614845 7.937500
-33.813755 -78.252129 7.937500
-33.813755 -113.812134 11.112505
-33.813755 78.252129 7.937500
-33.813751 113.812134 11.112505
-61.436241 106.410706 11.112505
-43.656250 75.614845 7.937500
-106.410706 61.436249 11.112505
-75.614838 43.656250 7.937500
0
19
3 2
2 1
1 0
0 3
5 4
4 2
3 5
7 4
5 6
6 7
11 10
10 9
9 8
8 11
13 12
12 10
11 13
1 12
13 0
6
4 1 2 3 4
4 5 6 -1 7
4 8 -5 9 10
4 11 12 13 14
4 15 16 -11 17
4 -3 18 -15 19
0
0
0
-2
*
14
-122.872498 0.000000 19.049999
-106.410690 -61.436268 19.049999
-106.410690 -61.436268 11.112505
-122.872498 0.000000 11.112505
-61.436237 -106.410706 19.049999
-61.436237 -106.410706 11.112505
-33.813755 -113.812134 19.049999
-33.813755 -113.812134 11.112505
-33.813751 113.812134 19.049999
-61.436241 106.410706 19.049999
-61.436241 106.410706 11.112505
-33.813755 113.812134 11.112505
-106.410706 61.436249 19.049999
-106.410706 61.436249 11.112505
0
19
3 2
2 1
1 0
0 3
2 5
5 4
4 1
5 7
7 6
6 4
11 10
10 9
9 8
8 11
10 13
13 12
12 9
13 3
0 12
6
4 1 2 3 4
4 5 6 7 -2
4 8 9 10 -6
4 11 12 13 14
4 15 16 17 -12
4 18 -4 19 -16
0
0
0
-2
*
14
-106.410690 -61.436268 19.049999
-97.886841 -56.515015 23.812500
-56.514988 -97.886848 23.812500
-61.436237 -106.410706 19.049999
-33.813755 -113.812134 19.049999
-33.813755 -103.969620 23.812500
-33.813755 113.812134 19.049999
-33.813755 103.969635 23.812500
-56.514992 97.886848 23.812500
-61.436241 106.410706 19.049999
-97.886848 56.514992 23.812500
-106.410706 61.436249 19.049999
-113.029999 0.000000 23.812500
-122.872498 0.000000 19.049999
0
19
3 2
2 1
1 0
0 3
5 2
3 4
4 5
9 8
8 7
7 6
6 9
11 10
10 8
9 11
13 12
12 10
11 13
1 12
13 0
6
4 1 2 3 4
4 5 -1 6 7
4 8 9 10 11
4 12 13 -8 14
4 15 16 -12 17
4 -3 18 -15 19
0
0
0
-2
*
20
-113.029999 0.000000 31.750000
-97.886841 -56.515015 31.750000
-97.886841 -56.515015 23.812500
-113.029999 0.000000 23.812500
-56.514988 -97.886848 31.750000
-56.514988 -97.886848 23.812500
-33.813755 -103.969620 31.750000
-33.813751 -103.969635 23.812500
-33.813755 103.969635 31.750000
-56.514992 97.886848 31.750000
-56.514992 97.886848 23.812500
-33.813755 103.969635 23.812500
-97.886848 56.514992 31.750000
-97.886848 56.514992 23.812500
-33.813751 78.252129 47.625000
-33.813755 113.812134 44.449997
-33.813755 113.812134 36.512497
-33.813755 113.812134 19.049999
-33.813755 113.812134 11.112505
-33.813755 78.252129 7.937500
0
28
3 2
2 1
1 0
0 3
2 5
5 4
4 1
5 7
7 6
6 4
11 10
10 9
9 8
8 11
10 13
13 12
12 9
13 3
0 12
8 16
16 15
15 14
14 8
19 18
18 17
17 11
11 19
14 19
9
4 1 2 3 4
4 5 6 7 -2
4 8 9 10 -6
4 11 12 13 14
4 15 16 17 -12
4 18 -4 19 -16
4 20 21 22 23
4 24 25 26 27
4 -27 -14 -23 28
0
0
0
-2
*
14
-33.813755 103.969635 31.750000
-33.813755 113.812134 36.512497
-61.436256 106.410706 36.512497
-56.515003 97.886848 31.750000
-106.410706 61.436256 36.512497
-97.886848 56.515003 31.750000
-122.872498 0.000000 36.512497
-113.029999 0.000000 31.750000
-106.410706 -61.436249 36.512497
-97.886848 -56.514992 31.750000
-61.436234 -106.410713 36.512497
-56.514988 -97.886856 31.750000
-33.813751 -103.969635 31.750000
-33.813755 -113.812134 36.512497
0
19
10 11
11 12
12 13
13 10
8 9
9 11
10 8
6 7
7 9
8 6
4 5
5 7
6 4
2 3
3 5
4 2
0 3
2 1
1 0
6
4 1 2 3 4
4 5 6 -1 7
4 8 9 -5 10
4 11 12 -8 13
4 14 15 -11 16
4 17 -14 18 19
0
0
0
-2
*
14
-33.813755 -113.812134 36.512497
-61.436234 -106.410713 36.512497
-61.436234 -106.410713 44.449997
-33.813755 -113.812134 44.449997
-106.410706 -61.436249 36.512497
-106.410706 -61.436249 44.449997
-122.872498 0.000000 36.512497
-122.872498 0.000000 44.449997
-106.410706 61.436256 36.512497
-106.410706 61.436256 44.449997
-61.436256 106.410706 36.512497
-61.436256 106.410706 44.449997
-33.813755 113.812134 36.512497
-33.813755 113.812134 44.449997
0
19
3 2
2 1
1 0
0 3
2 5
5 4
4 1
5 7
7 6
6 4
7 9
9 8
8 6
9 11
11 10
10 8
11 13
13 12
12 10
6
4 1 2 3 4
4 5 6 7 -2
4 8 9 10 -6
4 11 12 13 -9
4 14 15 16 -12
4 17 18 19 -15
0
0
0
-2
*
14
33.813755 113.812134 44.449997
33.813755 113.812134 36.512497
61.436256 106.410706 44.449997
61.436256 106.410706 36.512497
106.410706 61.436256 44.449997
106.410706 61.436256 36.512497
122.872498 0.000000 44.449997
122.872498 0.000000 36.512497
106.410706 -61.436249 44.449997
106.410706 -61.436249 36.512497
33.813755 -113.812134 44.449997
61.436234 -106.410713 44.449997
61.436234 -106.410713 36.512497
33.813755 -113.812134 36.512497
0
19
13 12
12 11
11 10
10 13
12 9
9 8
8 11
9 7
7 6
6 8
7 5
5 4
4 6
5 3
3 2
2 4
3 1
1 0
0 2
6
4 1 2 3 4
4 5 6 7 -2
4 8 9 10 -6
4 11 12 13 -9
4 14 15 16 -12
4 17 18 19 -15
0
0
0
-2
*
14
33.813755 -113.812134 36.512497
33.813751 -103.969635 31.750000
56.514988 -97.886856 31.750000
61.436234 -106.410713 36.512497
97.886848 -56.514992 31.750000
106.410706 -61.436249 36.512497
113.029999 0.000000 31.750000
122.872498 0.000000 36.512497
97.886848 56.515003 31.750000
106.410706 61.436256 36.512497
56.515003 97.886848 31.750000
61.436256 106.410706 36.512497
33.813755 113.812134 36.512497
33.813755 103.969635 31.750000
0
19
0 1
1 2
2 3
3 0
2 4
4 5
5 3
4 6
6 7
7 5
6 8
8 9
9 7
8 10
10 11
11 9
12 11
10 13
13 12
6
4 1 2 3 4
4 -3 5 6 7
4 -6 8 9 10
4 -9 11 12 13
4 -12 14 15 16
4 17 -15 18 19
0
0
0
-2
*
20
33.813755 78.252129 7.937500
33.813755 113.812134 11.112505
33.813755 113.812134 19.049999
33.813755 113.812134 36.512497
33.813755 113.812134 44.449997
33.813751 78.252129 47.625000
97.886848 56.514992 23.812500
97.886848 56.514992 31.750000
33.813755 103.969635 23.812500
56.514992 97.886848 23.812500
56.514992 97.886848 31.750000
33.813755 103.969635 31.750000
33.813751 -103.969635 23.812500
33.813755 -103.969620 31.750000
56.514988 -97.886848 23.812500
56.514988 -97.886848 31.750000
113.029999 0.000000 23.812500
97.886841 -56.515015 23.812500
97.886841 -56.515015 31.750000
113.029999 0.000000 31.750000
0
28
19 18
18 17
17 16
16 19
18 15
15 14
14 17
15 13
13 12
12 14
11 10
10 9
9 8
8 11
10 7
7 6
6 9
7 19
16 6
5 4
4 3
3 11
11 5
8 2
2 1
1 0
0 8
0 5
9
4 1 2 3 4
4 5 6 7 -2
4 8 9 10 -6
4 11 12 13 14
4 15 16 17 -12
4 18 -4 19 -16
4 20 21 22 23
4 24 25 26 27
4 -23 -14 -27 28
0
0
0
-2
*
14
122.872498 0.000000 19.049999
113.029999 0.000000 23.812500
106.410706 61.436249 19.049999
97.886848 56.514992 23.812500
61.436241 106.410706 19.049999
56.514992 97.886848 23.812500
33.813755 103.969635 23.812500
33.813755 113.812134 19.049999
33.813755 -103.969620 23.812500
33.813755 -113.812134 19.049999
61.436237 -106.410706 19.049999
56.514988 -97.886848 23.812500
97.886841 -56.515015 23.812500
106.410690 -61.436268 19.049999
0
19
13 12
12 11
11 10
10 13
9 10
11 8
8 9
7 6
6 5
5 4
4 7
5 3
3 2
2 4
3 1
1 0
0 2
1 12
13 0
6
4 1 2 3 4
4 5 -3 6 7
4 8 9 10 11
4 -10 12 13 14
4 -13 15 16 17
4 -16 18 -1 19
0
0
0
-2
*
14
106.410706 61.436249 11.112505
106.410706 61.436249 19.049999
33.813755 113.812134 11.112505
61.436241 106.410706 11.112505
61.436241 106.410706 19.049999
33.813751 113.812134 19.049999
33.813755 -113.812134 11.112505
33.813755 -113.812134 19.049999
61.436237 -106.410706 11.112505
61.436237 -106.410706 19.049999
122.872498 0.000000 11.112505
106.410690 -61.436268 11.112505
106.410690 -61.436268 19.049999
122.872498 0.000000 19.049999
0
19
13 12
12 11
11 10
10 13
12 9
9 8
8 11
9 7
7 6
6 8
5 4
4 3
3 2
2 5
4 1
1 0
0 3
1 13
10 0
6
4 1 2 3 4
4 5 6 7 -2
4 8 9 10 -6
4 11 12 13 14
4 15 16 17 -12
4 18 -4 19 -16
0
0
0
-2
*
14
75.614838 43.656250 7.937500
106.410706 61.436249 11.112505
43.656250 75.614845 7.937500
61.436241 106.410706 11.112505
33.813751 113.812134 11.112505
33.813755 78.252129 7.937500
33.813755 -113.812134 11.112505
33.813755 -78.252129 7.937500
43.656242 -75.614845 7.937500
61.436237 -106.410706 11.112505
75.614838 -43.656265 7.937500
106.410690 -61.436268 11.112505
122.872498 0.000000 11.112505
87.312500 0.000000 7.937500
0
19
13 12
12 11
11 10
10 13
11 9
9 8
8 10
7 8
9 6
6 7
5 4
4 3
3 2
2 5
3 1
1 0
0 2
1 12
13 0
6
4 1 2 3 4
4 -3 5 6 7
4 8 -6 9 10
4 11 12 13 14
4 -13 15 16 17
4 -16 18 -1 19
0
0
0
-2
*
25
-33.813751 78.252129 47.625000
-33.813755 78.252129 7.937500
33.813755 78.252129 7.937500
-33.813755 -78.252129 7.937500
-33.813755 -78.252136 47.625000
33.813755 -113.812134 36.512497
33.813755 -103.969620 31.750000
33.813751 -103.969635 23.812500
33.813755 -113.812134 19.049999
33.813755 -113.812134 11.112505
33.813755 -78.252129 7.937500
33.813755 -78.252136 47.625000
33.813755 -113.812134 44.449997
61.436234 -106.410713 44.449997
43.656239 -75.614845 47.625000
106.410706 -61.436249 44.449997
75.614845 -43.656250 47.625000
122.872498 0.000000 44.449997
87.312500 0.000000 47.625000
106.410706 61.436256 44.449997
75.614838 43.656254 47.625000
61.436256 106.410706 44.449997
43.656254 75.614838 47.625000
33.813751 78.252129 47.625000
33.813755 113.812134 44.449997
0
35
11 12
12 13
13 14
14 11
13 15
15 16
16 14
15 17
17 18
18 16
17 19
19 20
20 18
19 21
21 22
22 20
23 22
21 24
24 23
10 9
9 8
8 7
7 10
7 6
6 11
11 10
6 5
5 12
11 4
4 3
3 10
23 2
2 1
1 0
0 23
11
4 1 2 3 4
4 -3 5 6 7
4 -6 8 9 10
4 -9 11 12 13
4 -12 14 15 16
4 17 -15 18 19
4 20 21 22 23
4 -23 24 25 26
4 27 28 -1 -25
4 29 30 31 -26
4 32 33 34 35
0
0
0
-2
*
4
85.089996 -8.294479 47.625000
85.089996 -8.294479 86.360001
85.089996 8.294485 86.360001
85.089996 8.294479 47.625000
0
4
3 2
2 1
1 0
0 3
1
4 1 2 3 4
0
0
0
-2
*
24
-25.717499 0.000000 -265.430023
-25.717499 0.000000 -286.385010
-22.272005 -12.858755 -265.430023
-22.272005 -12.858755 -286.385010
-12.858745 -22.272011 -265.430023
-12.858745 -22.272011 -286.385010
0.000000 -25.717499 -265.430023
0.000000 -25.717499 -286.385010
12.858745 -22.272011 -265.430023
12.858745 -22.272011 -286.385010
22.272005 -12.858749 -265.430023
22.272005 -12.858749 -286.385010
25.717499 0.000000 -265.430023
25.717499 0.000000 -286.385010
22.272005 12.858749 -265.430023
22.272005 12.858749 -286.385010
12.858749 22.272005 -265.430023
12.858749 22.272005 -286.385010
0.000000 25.717499 -265.430023
0.000000 25.717499 -286.385010
-12.858749 22.272005 -265.430023
-12.858749 22.272005 -286.385010
-22.272005 12.858745 -265.430023
-22.272005 12.858745 -286.385010
0
36
0 22
22 23
23 1
1 0
22 20
20 21
21 23
20 18
18 19
19 21
18 16
16 17
17 19
16 14
14 15
15 17
14 12
12 13
13 15
12 10
10 11
11 13
10 8
8 9
9 11
8 6
6 7
7 9
6 4
4 5
5 7
4 2
2 3
3 5
2 0
1 3
12
4 1 2 3 4
4 5 6 7 -2
4 8 9 10 -6
4 11 12 13 -9
4 14 15 16 -12
4 17 18 19 -15
4 20 21 22 -18
4 23 24 25 -21
4 26 27 28 -24
4 29 30 31 -27
4 32 33 34 -30
4 35 -4 36 -33
0
0
0
-2
*
24
30.795864 -17.780001 -297.815002
17.780001 -30.795864 -297.815002
0.000000 -35.560001 -297.815002
-17.780001 -30.795864 -297.815002
-30.795860 -17.780005 -297.815002
-35.560001 0.000000 -297.815002
-30.795864 17.780001 -297.815002
-17.780001 30.795864 -297.815002
0.000000 35.560001 -297.815002
17.780001 30.795864 -297.815002
30.795864 17.780001 -297.815002
35.560001 0.000000 -297.815002
22.272005 -12.858749 -286.385010
25.717499 0.000000 -286.385010
22.272005 12.858749 -286.385010
12.858749 22.272005 -286.385010
0.000000 25.717499 -286.385010
-12.858749 22.272005 -286.385010
-22.272005 12.858745 -286.385010
-25.717499 0.000000 -286.385010
-22.272005 -12.858755 -286.385010
-12.858745 -22.272011 -286.385010
0.000000 -25.717499 -286.385010
12.858745 -22.272011 -286.385010
0
36
0 1
1 2
2 3
3 4
4 5
5 6
6 7
7 8
8 9
9 10
10 11
11 0
12 0
11 13
13 12
10 14
14 13
9 15
15 14
8 16
16 15
7 17
17 16
6 18
18 17
5 19
19 18
4 20
20 19
3 21
21 20
2 22
22 21
1 23
23 22
12 23
13
4 13 -12 14 15
4 -14 -11 16 17
4 -16 -10 18 19
4 -18 -9 20 21
4 -20 -8 22 23
4 -22 -7 24 25
4 -24 -6 26 27
4 -26 -5 28 29
4 -28 -4 30 31
4 -30 -3 32 33
4 -32 -2 34 35
4 -34 -1 -13 36
12 1 2 3 4 5 6 7 8 9 10 11 12
0
0
0
-2
*
36
87.312500 0.000000 7.937500
75.614838 -43.656265 7.937500
43.656242 -75.614845 7.937500
0.000000 -87.312500 7.937500
-43.656239 -75.614845 7.937500
-75.614845 -43.656250 7.937500
-87.312500 0.000000 7.937500
-75.614838 43.656254 7.937500
-43.656254 75.614838 7.937500
0.000000 87.312500 7.937500
43.656250 75.614845 7.937500
75.614838 43.656250 7.937500
-87.312500 0.000000 0.000000
-49.847504 0.000000 -252.730011
-75.614838 -43.656265 0.000000
-43.169197 -24.923761 -252.730011
-43.656242 -75.614845 0.000000
-24.923744 -43.169212 -252.730011
0.000000 -87.312500 0.000000
0.000000 -49.847504 -252.730011
43.656239 -75.614845 0.000000
24.923744 -43.169212 -252.730011
75.614845 -43.656250 0.000000
43.169205 -24.923748 -252.730011
87.312500 0.000000 0.000000
49.847504 0.000000 -252.730011
75.614838 43.656254 0.000000
43.169205 24.923748 -252.730011
43.656254 75.614838 0.000000
24.923748 43.169205 -252.730011
0.000000 87.312500 0.000000
0.000000 49.847504 -252.730011
-43.656250 75.614845 0.000000
-24.923748 43.169205 -252.730011
-75.614838 43.656250 0.000000
-43.169205 24.923748 -252.730011
0
48
12 34
34 35
35 13
13 12
34 32
32 33
33 35
32 30
30 31
31 33
30 28
28 29
29 31
28 26
26 27
27 29
26 24
24 25
25 27
24 22
22 23
23 25
22 20
20 21
21 23
20 18
18 19
19 21
18 16
16 17
17 19
16 14
14 15
15 17
14 12
13 15
11 10
10 9
9 8
8 7
7 6
6 5
5 4
4 3
3 2
2 1
1 0
0 11
14
4 1 2 3 4
4 5 6 7 -2
4 8 9 10 -6
4 11 12 13 -9
4 14 15 16 -12
4 17 18 19 -15
4 20 21 22 -18
4 23 24 25 -21
4 26 27 28 -24
4 29 30 31 -27
4 32 33 34 -30
4 35 -4 36 -33
12 -10 -13 -16 -19 -22 -25 -28 -31 -34 -36 -3 -7
12 37 38 39 40 41 42 43 44 45 46 47 48
0
0
0
-2
*
24
87.312500 0.000000 0.000000
87.312500 0.000000 7.937500
75.614838 -43.656265 0.000000
75.614838 -43.656265 7.937500
43.656242 -75.614845 0.000000
43.656242 -75.614845 7.937500
0.000000 -87.312500 0.000000
0.000000 -87.312500 7.937500
-43.656239 -75.614845 0.000000
-43.656239 -75.614845 7.937500
-75.614845 -43.656250 0.000000
-75.614845 -43.656250 7.937500
-87.312500 0.000000 0.000000
-87.312500 0.000000 7.937500
-75.614838 43.656254 0.000000
-75.614838 43.656254 7.937500
-43.656254 75.614838 0.000000
-43.656254 75.614838 7.937500
0.000000 87.312500 0.000000
0.000000 87.312500 7.937500
43.656250 75.614845 0.000000
43.656250 75.614845 7.937500
75.614838 43.656250 0.000000
75.614838 43.656250 7.937500
0
36
0 22
22 23
23 1
1 0
22 20
20 21
21 23
20 18
18 19
19 21
18 16
16 17
17 19
16 14
14 15
15 17
14 12
12 13
13 15
12 10
10 11
11 13
10 8
8 9
9 11
8 6
6 7
7 9
6 4
4 5
5 7
4 2
2 3
3 5
2 0
1 3
12
4 1 2 3 4
4 5 6 7 -2
4 8 9 10 -6
4 11 12 13 -9
4 14 15 16 -12
4 17 18 19 -15
4 20 21 22 -18
4 23 24 25 -21
4 26 27 28 -24
4 29 30 31 -27
4 32 33 34 -30
4 35 -4 36 -33
0
0
0
-2
*
24
-30.795864 17.780001 -304.165009
-30.795864 17.780001 -297.815002
-17.780001 30.795864 -304.165009
-17.780001 30.795864 -297.815002
0.000000 35.560001 -304.165009
0.000000 35.560001 -297.815002
17.780001 30.795864 -304.165009
17.780001 30.795864 -297.815002
30.795864 17.780001 -304.165009
30.795864 17.780001 -297.815002
35.560001 0.000000 -304.165009
35.560001 0.000000 -297.815002
30.795864 -17.780001 -304.165009
30.795864 -17.780001 -297.815002
17.780001 -30.795864 -304.165009
17.780001 -30.795864 -297.815002
0.000000 -35.560001 -304.165009
0.000000 -35.560001 -297.815002
-17.780001 -30.795864 -304.165009
-17.780001 -30.795864 -297.815002
-30.795860 -17.780005 -304.165009
-30.795860 -17.780005 -297.815002
-35.560001 0.000000 -304.165009
-35.560001 0.000000 -297.815002
0
36
23 1
1 0
0 22
22 23
1 3
3 2
2 0
3 5
5 4
4 2
5 7
7 6
6 4
7 9
9 8
8 6
9 11
11 10
10 8
11 13
13 12
12 10
13 15
15 14
14 12
15 17
17 16
16 14
17 19
19 18
18 16
19 21
21 20
20 18
21 23
22 20
12
4 1 2 3 4
4 5 6 7 -2
4 8 9 10 -6
4 11 12 13 -9
4 14 15 16 -12
4 17 18 19 -15
4 20 21 22 -18
4 23 24 25 -21
4 26 27 28 -24
4 29 30 31 -27
4 32 33 34 -30
4 35 -4 36 -33
0
0
0
-2
*
24
-35.560001 0.000000 -304.165009
-28.575001 0.000000 -310.515015
-30.795860 -17.780005 -304.165009
-24.746670 -14.287505 -310.515015
-17.780001 -30.795864 -304.165009
-14.287495 -24.746675 -310.515015
0.000000 -35.560001 -304.165009
0.000000 -28.575001 -310.515015
17.780001 -30.795864 -304.165009
14.287500 -24.746675 -310.515015
30.795864 -17.780001 -304.165009
24.746675 -14.287500 -310.515015
35.560001 0.000000 -304.165009
28.575001 0.000000 -310.515015
30.795864 17.780001 -304.165009
24.746675 14.287500 -310.515015
17.780001 30.795864 -304.165009
14.287505 24.746675 -310.515015
0.000000 35.560001 -304.165009
0.000000 28.575001 -310.515015
-17.780001 30.795864 -304.165009
-14.287500 24.746675 -310.515015
-30.795864 17.780001 -304.165009
-24.746675 14.287500 -310.515015
0
36
0 22
22 23
23 1
1 0
22 20
20 21
21 23
20 18
18 19
19 21
18 16
16 17
17 19
16 14
14 15
15 17
14 12
12 13
13 15
12 10
10 11
11 13
10 8
8 9
9 11
8 6
6 7
7 9
6 4
4 5
5 7
4 2
2 3
3 5
2 0
1 3
13
4 1 2 3 4
4 5 6 7 -2
4 8 9 10 -6
4 11 12 13 -9
4 14 15 16 -12
4 17 18 19 -15
4 20 21 22 -18
4 23 24 25 -21
4 26 27 28 -24
4 29 30 31 -27
4 32 33 34 -30
4 35 -4 36 -33
12 -7 -10 -13 -16 -19 -22 -25 -28 -31 -34 -36 -3
0
0
0
-2
*
24
-39.044754 22.542500 -265.430023
-39.044754 22.542500 -252.730011
-22.542500 39.044754 -265.430023
-22.542500 39.044754 -252.730011
0.000000 45.084999 -265.430023
0.000000 45.084999 -252.730011
22.542505 39.044754 -265.430023
22.542505 39.044754 -252.730011
39.044754 22.542505 -265.430023
39.044754 22.542505 -252.730011
45.084999 0.000000 -265.430023
45.084999 0.000000 -252.730011
39.044754 -22.542500 -265.430023
39.044754 -22.542500 -252.730011
22.542496 -39.044758 -265.430023
22.542496 -39.044758 -252.730011
0.000000 -45.084999 -265.430023
0.000000 -45.084999 -252.730011
-22.542496 -39.044758 -265.430023
-22.542496 -39.044758 -252.730011
-39.044750 -22.542511 -265.430023
-39.044750 -22.542511 -252.730011
-45.084999 0.000000 -265.430023
-45.084999 0.000000 -252.730011
0
36
23 1
1 0
0 22
22 23
1 3
3 2
2 0
3 5
5 4
4 2
5 7
7 6
6 4
7 9
9 8
8 6
9 11
11 10
10 8
11 13
13 12
12 10
13 15
15 14
14 12
15 17
17 16
16 14
17 19
19 18
18 16
19 21
21 20
20 18
21 23
22 20
13
4 1 2 3 4
4 5 6 7 -2
4 8 9 10 -6
4 11 12 13 -9
4 14 15 16 -12
4 17 18 19 -15
4 20 21 22 -18
4 23 24 25 -21
4 26 27 28 -24
4 29 30 31 -27
4 32 33 34 -30
4 35 -4 36 -33
12 -28 -31 -34 -36 -3 -7 -10 -13 -16 -19 -22 -25
0
0
0
0
0
3
1
1
2
0
