# bitmap Profile contouring feature with Soft Bottom/Soft Top/To Start/To End

# Top limit
"Top"
2
25
34 149
46 142
70 128
89 118
106 113
120 110
129 109
134 109
135 108
138 108
138 109
144 117
126 118
126 119
125 120
124 119
106 123
105 124
88 131
86 133
80 136
67 144
50 154
46 156
34 149
18
178 120
180 117
181 111
182 112
190 113
210 120
243 139
261 149
250 155
249 156
248 156
228 144
204 131
193 125
192 125
181 121
179 121
178 120

# Check elements
"Checks"
9
13
124 81
124 70
125 70
125 71
127 73
127 74
133 83
138 91
142 101
145 108
145 114
140 106
124 81
8
148 118
148 111
152 114
152 115
154 115
154 121
149 119
148 118
8
157 122
157 116
166 115
168 114
176 113
176 118
161 121
157 122
15
142 92
143 97
146 102
146 104
149 108
156 114
169 111
176 110
178 102
177 97
172 86
149 91
147 91
147 92
142 92
14
131 75
140 89
140 90
168 84
170 84
170 82
162 69
158 78
149 80
146 80
145 81
140 81
136 78
131 75
6
125 66
125 65
129 65
129 67
128 70
125 66
13
134 67
139 70
150 70
155 68
158 65
158 63
156 60
151 58
139 58
135 60
133 62
134 63
134 67
8
143 78
143 75
144 74
152 73
155 73
155 76
150 77
143 78
8
131 72
131 69
135 71
136 71
140 75
140 77
139 77
131 72

#Guiding elements
"Guides"
1
39
47 184
47 158
68 146
84 137
92 132
99 129
109 125
123 122
129 121
139 120
146 120
147 121
154 125
165 124
165 123
174 122
175 123
178 123
187 126
200 131
221 143
247 158
247 184
232 176
212 164
211 164
203 159
202 159
188 153
162 147
133 147
132 148
125 148
124 149
113 151
98 156
83 164
49 184
47 184

# Bottom plane
"Bottom"
1
8
124 190
146 177
149 177
168 188
166 188
144 201
143 201
124 190

# Start limit
"Limit1"
1
7
250 184
250 158
251 158
252 157
261 152
261 178
250 184

# End limit
"Limit2"
1
7
33 178
33 152
34 152
44 158
44 184
43 184
33 178

# Offset On Limit 1
"MfgOffsetOnRelim1"
1
4
221 235
270 235
221 235
205 227

# Offset On Limit 2
"MfgOffsetOnRelim2"
1
4
20 237
72 237
72 237
92 226



# Hardness on Top
"MfgHardnessOnTop"
1
1
170 12

# Hardness on Bottom
"MfgHardnessOnBottom"
1
1
103 253

# Offset on Top
"MfgGlobalOffsetOnTop"
1
1
2 12

# Offset Axial 1
"MfgOffsetAxial1"
0

# Offset Axial 2
"MfgOffsetAxial2"
0
