# bitmap Profile contouring feature with Soft Bottom/Hard Top/To Start/To End

# Top limit
"Top"
1
7
217 88
241 74
261 86
260 86
237 99
236 99
217 88

# Check elements
"Checks"
9
13
123 82
123 71
124 71
124 72
126 74
126 75
132 84
137 92
141 102
144 109
144 115
139 107
123 82
8
147 119
147 112
151 115
151 116
153 116
153 122
148 120
147 119
8
156 123
156 117
165 116
167 115
175 114
175 119
160 122
156 123
15
141 93
142 98
145 103
145 105
148 109
155 115
168 112
175 111
177 103
176 98
171 87
148 92
146 92
146 93
141 93
14
130 76
139 90
139 91
167 85
169 85
169 83
161 70
157 79
148 81
145 81
144 82
139 82
135 79
130 76
6
124 67
124 66
128 66
128 68
127 71
124 67
13
133 68
138 71
149 71
154 69
157 66
157 64
155 61
150 59
138 59
134 61
132 63
133 64
133 68
8
142 79
142 76
143 75
151 74
154 74
154 77
149 78
142 79
8
130 73
130 70
134 72
135 72
139 76
139 78
138 78
130 73

#Guiding elements
"Guides"
3
8
47 185
47 169
47 170
50 170
59 165
59 178
48 185
47 185
24
93 159
93 157
87 154
87 149
91 146
107 139
123 135
144 133
155 133
180 137
200 145
200 149
195 153
193 157
189 155
174 150
165 149
161 149
161 148
131 148
130 149
116 151
107 154
93 159
7
246 185
228 175
228 162
229 162
243 170
246 170 
246 185

# Bottom plane
"Bottom"
1
7
125 192
149 178
169 190
168 190
145 203
144 203
125 192

# Start limit
"Limit1"
1
8
249 186
249 166
246 166
245 167
245 162
261 152
261 179
249 186

# End limit
"Limit2"
1
8
32 179
32 152
48 162
48 167
47 166
44 166
44 186
32 179

# Offset On Limit 1
"MfgOffsetOnRelim1"
1
4
224 237
281 237
224 237
204 227

# Offset On Limit 2
"MfgOffsetOnRelim2"
1
4
17 237
76 237
76 237
92 227


# Hardness on Top
"MfgHardnessOnTop"
1
1
170 12

# Hardness on Bottom
"MfgHardnessOnBottom"
1
1
103 253

# Offset on Top
"MfgGlobalOffsetOnTop"
1
1
2 12

# Offset Axial 1
"MfgOffsetAxial1"
0

# Offset Axial 2
"MfgOffsetAxial2"
0
