# bitmap Curve Following feature 

# Check elements
"Checks"
14
12
50  91
50  72
86  86 
86  89
82  85
70  85
66  86
64  87
64  89
63  90
63  96
50  91
5
89  108
89  88
103 100
103 112
89  108
5
105 101
116 105
116 114
105 113
105 101
9
118 105 
131 100
131 103
134 103
134 99
135 98
135 107
118 114
118 105 
9
90 86
90 87
104 99
115 103
119 103 
134 97
131 89
116 76
90 86
7
67 77
84 84 
86 84
86 77
81 78
72 78
67 77
6
89 76
89 85
114 75
94 67
94 73
89 76
6
52 70
52 71
61 74
59 70
59 67
52 70 
5
61 64
61 70
62 72
62 67
61 64
6
64 69
64 75 
79 76
79 71
74 69
64 69
5
81 71
81 76
86 75
86 68
81 71
5
89 67
89 74 
93 72
93 67
89 67
4
63 65
64 67
68 67
63 65
11
63 60
63 63
72 67 
78 67 
78 66
86 66
86 64
90 61
84 57
72 57
63 60

#Guiding elements
"Guides"
1
15
77  203
77  205
79  202
134 142
180 122
203 123
229 134
232 132
203 120
180 120
132 140
132 138
88  186
88  189
77  203

# Offset Axial 1
"MfgOffsetAxial1"
1
4
259 173
259 194
259 173
259 152

# MfgContouringDrivingMode
"MfgContouringDrivingMode"
1
8
133 149
106 179
103 178
102 185
111 182
109 180
135 150
133 149
# MfgContouringDrivingMode
"MfgContouringDrivingModeInverted"
1
8
133 149
106 179
109 180
135 150
137 152
139 145
131 148
133 149
