# bitmap Prismatic pocket feature with Hard Bottom 

# Top limit
"Top"
2
30
124 53
127 52
132 49
137 48
141 47
147 47
149 47
156 47
162 48
170 50
174 51
178 53
182 54
182 48
182 42
190 32
186 31
179 28
173 28
168 28
163 27
157 27
153 28
148 29
144 31
141 33
139 35
136 37
132 41
124 53
43
198 62
206 62
223 49
224 51
228 54
231 56
233 58
237 62
239 65
241 67
244 70
246 73
249 77
251 81
254 86
257 91
257 95
259 100
260 104
259 106
259 109
184 211
183 210
183 206
183 200
182 196
180 192
178 189
176 186
176 184
176 181
236 98
232 93
230 90
227 87
224 84
221 80
217 76
213 74
210 71
207 68
203 65
198 62

# Check elements
"Checks"
8
8
184 55
197 61
197 60
198 56
197 56
183 50
183 53
184 55
5
199 61
205 61
205 56
199 57
199 61
7
208 57
206 61
240 34
240 26
220 42
209 55
208 57
7
183 42
183 48
199 56
207 55
219 42
195 31
183 42
21
197 29
220 40
241 24
241 23
236 21
236 25
235 27
234 29
232 30
229 31
221 32
218 31
211 26
210 25
211 18
212 17
213 16
216 13
212 15
197 28
197 29
5
213 23
213 25
219 29
219 27
213 23
5
222 27
222 30
231 29
231 25
222 27
11
213 18
219 25
230 24
232 23
234 19
233 17
229 15
218 15
216 16
214 17
213 18

#Drive elements
"Drives"
3
5
75 154
60 142
121 58
135 70
75 154
43
135 68
122 57
126 55
128 53
136 50
141 48
147 48
153 48
164 50
167 50
171 52
174 53
180 54
187 58
191 60
197 62
201 65
207 69
212 74
217 77
222 82
226 87
230 91
233 96
234 98
219 99
218 97
215 93
210 88
205 83
199 78
195 75
189 72
184 69
178 67
172 65
167 63
149 63
145 65
142 66
138 68
136 69
135 68
9
161 184
160 183
219 103
222 101
234 98
234 99
174 180
173 183
161 184

# Bottom plane
"Bottom"
1
51
78 151
138 69
140 69
142 67
145 66
149 65
153 64
158 64
162 64
169 66
172 66
177 68
180 69
182 69
186 71
189 73
194 75
198 79
203 82
207 87
210 89
211 91
215 95
216 97
218 99
219 100
160 181
160 183
159 181
158 183
156 180
153 178
151 174
146 170
143 166
139 164
138 162
133 160
130 157
125 155
120 153
117 151
111 150
108 148
101 148
97 147
92 147
87 147
83 149
80 151
78 151

# Inner Point
"InnerPoint"
1
9
117 129
117 125
120 123
124 123
127 125
127 129
124 132
119 132
117 129

# Border Point
"BorderPoint"
1
10
183 26
185 26
189 28
189 34
187 36
183 36
181 35
180 33
180 29
183 26

# Inner Point Outward
"InnerPointOutward"
0

# Border Point Outward
"BorderPointOutward"
0

# Inner Point Inward
"InnerPointInward"
1
9
117 129
117 125
120 123
124 123
127 125
127 129
124 132
119 132
117 129

# Border Point Inward
"BorderPointInward"
0

# Inner Point Outside
"InnerPointOutside"
0

# Bottom plane
"BottomOutside"
1
51
78 151
138 69
140 69
142 67
145 66
149 65
153 64
158 64
162 64
169 66
172 66
177 68
180 69
182 69
186 71
189 73
194 75
198 79
203 82
207 87
210 89
211 91
215 95
216 97
218 99
219 100
160 181
160 183
159 181
158 183
156 180
153 178
151 174
146 170
143 166
139 164
138 162
133 160
130 157
125 155
120 153
117 151
111 150
108 148
101 148
97 147
92 147
87 147
83 149
80 151
78 151

# Border Point Outside
"BorderPointOutside"
1
9
113 182
113 178
116 176
120 176
123 178
123 182
120 185
115 185
113 182

# Tool side approach clearance
"MfgSideAppClearance"
1
4
127  227
140  208
140  208
155  187

