# bitmap Profile contouring feature 

# Top limit
"Top"
0

# Check elements
"Checks"
10
12
30 68
29 60
29 51
51 59
64 64
65 64
72 69
81 76
82 79
82 87
31 68
30 68
5
85 88
84 78
95 81
95 88
85 88
5
98 87
98 81
110 72
110 78
98 87
8
69 64
72 61
93 46
106 59
110 69
97 79
82 74
69 64
8
58 59
67 62
91 45
81 41
80 41
80 46
75 55
58 59
8
42 40
31 48
31 49
52 57
41 51
41 41
42 41
42 40
7
44 50
44 46
46 46
54 51
54 55
53 55
44 50
7
57 56
57 52
62 50
72 49
73 49
73 53
57 56
13
47 43
51 46
58 47
65 47
73 43
75 41
75 37
71 33
65 32
54 32
48 35
46 37
47 43
6
53 95
53 79
67 84
67 85
53 96
53 95

#Guiding elements
"Guides"
5
10
130 163
130 173
170 143
170 133
173 130 
177 128 
189 128
197 122
197 111
130 163
6
191 130 
195 133
195 144
197 142
197 125
191 130 
5
195 147
195 164
197 161
197 145
195 147
5
130 176 
130 196 
170 164 
170 145
130 176
5
130 199
130 214
170 182
170 166
130 199

# Bottom plane
"Bottom"
0

# Start limit
"Limit1"
1
5
177 100
174 103
193 111
196 108
177 100

# End limit
"Limit2"
2
5
110 154
110 159
122 163
122 159
110 154
5
125 160
125 165
129 167
129 162 
125 160

#Aux Guiding elements
"AuxGuides"
0

# Offset On Limit 1
"MfgOffsetOnRelim1"
1
4
182 209
203 192
203 192
195 198

# Offset On Limit 2
"MfgOffsetOnRelim2"
1
4
128 260
150 241
150 241
149 242

# Hardness on Top
"MfgHardnessOnTop"
0

# Hardness on Bottom
"MfgHardnessOnBottom"
0

# Offset on Top
"MfgGlobalOffsetOnTop"
0

# Offset Axial 1
"MfgOffsetAxial1"
0

# Offset Axial 2
"MfgOffsetAxial2"
0
