# bitmap Profile contouring feature 

# Top limit
"Top"
0

# Check elements
"Checks"
13
7
144 77
158 89
171 94
189 88
186 80
170 67
144 77
5
159 92
159 104
170 104
170 96
159 92
5
172 96
172 104
189 98
189 90
172 96
17
104 63
104 82
121 82
126 85
126 90
141 96
141 86
144 86 
144 97
157 103
157 93
155 90
143 79
141 79
141 77
139 77
104 63
6
144 66
144 75
167 66
149 59
149 64
144 66
7
120 67
139 75
141 75
141 67
135 69
129 69
120 67
6
105 61
115 65
114 61
113 60
113 59
105 61
6
118 59
118 65
133 67
133 61
125 59
118 59
5
115 55
115 60
116 63
116 57
115 55
5
135 62
135 67
140 65
140 59
135 62
5
143 58
143 64
147 63
147 57
143 58
9
123 48
117 53
117 53
124 57
140 57
140 55
144 51
138 48
123 48
4
117 55
118 57
121 57
117 55


#Guiding elements
"Guides"
3
5
91 133
91 135
101 132
101 129
91 133
5
126 119
126 122
169 106
158 106
126 119
10
191 94
191 97
206 93
224 93
262 106
262 103
238 94
227 89
204 89
191 94

# Bottom plane
"Bottom"
0

# Start limit
"Limit1"
1
5
268 109
268 131
272 131
272 109
268 109

# End limit
"Limit2"
1
5
73 162
73 220
76 220
76 162
73 162

#Aux Guiding elements
"AuxGuides"
5
5
78 216
78 219
113 173
113 168
78 216 
5
115 165
115 169
129 152
127 152
115 165
5
128 150
133 152
134 149
129 148
128 150
7
133 146
135 148
155 135
185 123
185 119
152 132
133 146
12
188 118
188 122
205 117
221 117
239 121
263 130
263 127
238 117
223 114
206 114
194 116
188 118

# Offset On Limit 1
"MfgOffsetOnRelim1"
0

# Offset On Limit 2
"MfgOffsetOnRelim2"
1
4
173 152
226 152
226 152
228 152

# Hardness on Top
"MfgHardnessOnTop"
0

# Hardness on Bottom
"MfgHardnessOnBottom"
0

# Offset on Top
"MfgGlobalOffsetOnTop"
0

# Offset Axial 1
"MfgOffsetAxial1"
1
4
217 90
217 42
217 90
217 98

# Offset Axial 2
"MfgOffsetAxial2"
1
4
121 234
121 176
121 176
121 162

# Material Side
"MaterialSide"
1
8
64 100
59 96
59 91
63 88
67 88
72 91
72 96
68 100
64 100
