# bitmap Profile contouring feature with Hard Bottom/Hard Top/On Start/To End

# Top limit
"Top"
2
20
45 156
33 149
50 139
71 127
92 116
117 110
135 108
137 108
139 111
142 117
132 117
131 118
124 118
123 119
114 120
113 121
106 123
95 127
81 135
45 156
14
246 155
207 132
195 126
181 121
176 120
178 119
179 111
192 114
214 122
251 144
260 149
259 149
248 156
246 155

# Check elements
"Checks"
9
13
123 81
123 70
124 70
124 71
126 73
126 74
132 83
137 91
141 101
144 108
144 114
139 106
123 81
8
147 118
147 111
151 114
151 115
153 115
153 121
148 119
147 118
8
156 122
156 116
165 115
167 114
175 113
175 118
160 121
156 122
15
141 92
142 97
145 102
145 104
148 108
155 114
168 111
175 110
177 102
176 97
171 86
148 91
146 91
146 92
141 92
14
130 75
139 89
139 90
167 84
169 84
169 82
161 69
157 78
148 80
145 80
144 81
139 81
135 78
130 75
6
124 66
124 65
128 65
128 67
127 70
124 66
13
133 67
138 70
149 70
154 68
157 65
157 63
155 60
150 58
138 58
134 60
132 62
133 63
133 67
8
142 78
142 75
143 74
151 73
154 73
154 76
149 77
142 78
8
130 72
130 69
134 71
135 71
139 75
139 77
138 77
130 72

#Guiding elements
"Guides"
1
36
46 188
46 158
65 147
89 133
102 127
119 122
135 120
144 120
153 125
162 124
163 123
173 122
174 122
190 127
191 127
205 134
246 158
246 188
245 188
204 164
203 164
185 156
183 156
182 155
173 153
166 152
159 151
131 151
130 152
117 153
116 154
103 157
94 162
89 164
71 174
46 188

# Bottom plane  
"Bottom"
3
33
212 210
222 204
222 203
219 200
219 194
222 192
222 191
198 177
184 170
180 168
158 163
133 163
119 166
99 174
101 175
107 177
95 178
91 180
94 186
90 192
81 196
73 196
73 197
88 204
88 205
90 205
124 185
139 180
155 180
156 181
164 183
211 210
212 210
32
224 189
189 169
175 164
157 160
133 160
133 161
123 162
122 163
117 164
116 165
99 171
98 172
94 171
90 177
87 178
83 176
74 175
94 164
104 160
124 155
136 154
162 154
173 156
185 159
186 159
193 162
194 162
205 168
206 168
238 187
227 188
224 189
10
81 210
47 191
59 184
59 188
66 195
67 195
71 198
72 198
86 207
81 210

# Start limit  
"Limit1"
2
5
213 218
213 212
225 205
231 207
213 218
11
249 190
249 158
259 152
260 152
260 190
255 194
253 194
252 194
251 191
250 191
249 190

# End limit
"Limit2"
1
12
32 190
32 152
33 152
43 158
43 190
44 191
44 192
79 212
79 217
78 217
33 191
32 190

# Offset On Limit 1
"MfgOffsetOnRelim1"
0

# Offset On Limit 2
"MfgOffsetOnRelim2"
1
4
20 239
73 239
73 239
93 226

# Hardness on Top
"MfgHardnessOnTop"
1
1
170 12

# Hardness on Bottom
"MfgHardnessOnBottom"
1
1
103 253

# Offset on Top
"MfgGlobalOffsetOnTop"
1
1
2 12

# Offset Axial 1
"MfgOffsetAxial1"
0

# Offset Axial 2
"MfgOffsetAxial2"
0
