# bitmap Prismatic pocket feature with Hard Bottom 

# Top limit
"Top"
3
30
124 53
127 52
132 49
137 48
141 47
147 47
149 47
156 47
162 48
170 50
174 51
178 53
182 54
182 48
182 42
190 32
186 31
179 28
173 28
168 28
163 27
157 27
153 28
148 29
144 31
141 33
139 35
136 37
132 41
124 53
43
198 62
206 62
223 49
224 51
228 54
231 56
233 58
237 62
239 65
241 67
244 70
246 73
249 77
251 81
254 86
257 91
257 95
259 100
260 104
259 106
259 109
184 211
183 210
183 206
183 200
182 196
180 192
178 189
176 186
176 184
176 181
236 98
232 93
230 90
227 87
224 84
221 80
217 76
213 74
210 71
207 68
203 65
198 62
48
63 138
67 132
73 125
78 119
83 116
88 114
99 112
107 112
115 113
121 115
129 117
134 119
139 121
146 124
153 129
159 133
165 138
170 141
177 149
182 155
185 158
187 162
190 163
185 211
183 203
181 197
178 191
174 184
177 189
175 185
171 179
167 174
163 169
158 164
151 158
142 151
136 147
130 144
122 140
115 137
104 134
99 133
92 131
78 132
73 133
69 135
66 136
63 138

# Check elements
"Checks"
8
8
184 55
197 61
197 60
198 56
197 56
183 50
183 53
184 55
5
199 61
205 61
205 56
199 57
199 61
7
208 57
206 61
240 34
240 26
220 42
209 55
208 57
7
183 42
183 48
199 56
207 55
219 42
195 31
183 42
21
197 29
220 40
241 24
241 23
236 21
236 25
235 27
234 29
232 30
229 31
221 32
218 31
211 26
210 25
211 18
212 17
213 16
216 13
212 15
197 28
197 29
5
213 23
213 25
219 29
219 27
213 23
5
222 27
222 30
231 29
231 25
222 27
11
213 18
219 25
230 24
232 23
234 19
233 17
229 15
218 15
216 16
214 17
213 18

#Drive elements
"Drives"
3
11
79 116
99 88
121 58
136 70
123 88
106 110
93 111
88 113
83 115
80 117
79 116
43
135 68
122 57
126 55
128 53
136 50
141 48
147 48
153 48
164 50
167 50
171 52
174 53
180 54
187 58
191 60
197 62
201 65
207 69
212 74
217 77
222 82
226 87
230 91
233 96
234 98
219 99
218 97
215 93
210 88
205 83
199 78
195 75
189 72
184 69
178 67
172 65
167 63
149 63
145 65
142 66
138 68
136 69
135 68
10
182 152
189 142
205 122
221 100
234 99
210 132
191 158
189 160
187 160
182 152

# Bottom plane
"Bottom"
1
29
108 111
125 87
132 77
137 70
147 65
151 64
163 64
173 66
182 69
190 73
198 78
206 85
211 90
216 96
219 100
218 101
201 126
182 150
179 150
174 145
165 136
158 130
150 125
142 121
133 117
127 115
119 113
115 112
108 111

# Inner Point
"InnerPoint"
1
9
130 110
130 106
133 104
137 104
140 106
140 111
137 113
132 113
130 110

# Border Point
"BorderPoint"
1
10
183 26
185 26
189 28
189 34
187 36
183 36
181 35
180 33
180 29
183 26

# Inner Point Outward
"InnerPointOutward"
0

# Border Point Outward
"BorderPointOutward"
0

# Inner Point Inward
"InnerPointInward"
1
9
130 110
130 106
133 104
137 104
140 106
140 111
137 113
132 113
130 110

# Border Point Inward
"BorderPointInward"
0

# Inner Point Outside
"InnerPointOutside"
1
9
85 195
85 191
88 189
92 189
95 191
95 195
92 198
87 198
85 195

# Bottom plane
"BottomOutside"
1
36
106 108
134 68
138 67
140 65
145 63
149 62
163 62
167 64
172 65
177 67
182 69
187 71
190 73
194 76
197 78
202 82
207 87
211 92
214 97
216 97
181 146
176 146
172 141
170 139
165 135
160 131
155 128
150 123
144 120
139 117
135 115
129 113
122 111
119 110
114 109
106 108

# Border Point Outside
"BorderPointOutside"
1
9
85 195
85 191
88 189
92 189
95 191
95 195
92 198
87 198
85 195

# Tool side approach clearance
"MfgSideAppClearance"
0
