# bitmap Profile contouring feature with Soft Bottom/Hard Top/To Start/Past End
# Top limit
"Top"
2
25
34 150
46 143
70 129
89 119
106 114
120 111
129 110
134 110
135 109
138 109
138 110
144 118
126 119
126 120
125 121
124 120
106 124
105 125
88 132
86 134
80 137
67 145
50 155
46 157
34 150
18
178 121
180 118
181 112
182 113
190 114
210 121
243 140
261 150
250 156
249 157
248 157
228 145
204 132
193 126
192 126
181 122
179 122
178 121

# Check elements
"Checks"
9
13
124 82
124 71
125 71
125 72
127 74
127 75
133 84
138 92
142 102
145 109
145 115
140 107
124 82
8
148 119
148 112
152 115
152 116
154 116
154 122
149 120
148 119
8
157 123
157 117
166 116
168 115
176 114
176 119
161 122
157 123
15
142 93
143 98
146 103
146 105
149 109
156 115
169 112
176 111
178 103
177 98
172 87
149 92
147 92
147 93
142 93
14
131 76
140 90
140 91
168 85
170 85
170 83
162 70
158 79
149 81
146 81
145 82
140 82
136 79
131 76
6
125 67
125 66
129 66
129 68
128 71
125 67
13
134 68
139 71
150 71
155 69
158 66
158 64
156 61
151 59
139 59
135 61
133 63
134 64
134 68
8
143 79
143 76
144 75
152 74
155 74
155 77
150 78
143 79
8
131 73
131 70
135 72
136 72
140 76
140 78
139 78
131 73

#Guiding elements
"Guides"
1
39
47 185
47 159
68 147
84 138
92 133
99 130
109 126
123 123
129 122
139 121
146 121
147 122
154 126
165 125
165 124
174 123
175 124
178 124
187 127
200 132
221 144
247 159
247 185
232 177
212 165
211 165
203 160
202 160
188 154
162 148
133 148
132 149
125 149
124 150
113 152
98 157
83 165
49 185
47 185

# Bottom plane
"Bottom"
1
8
120 197
140 185
145 184
164 195
162 195
140 208
139 208
120 197

# Start limit
"Limit1"
1
7
250 185
250 159
251 159
252 158
261 153
261 179
250 185

# End limit
"Limit2"
1
7
33 179
33 153
34 153
44 159
44 185
43 185
33 179

# Offset On Limit 1
"MfgOffsetOnRelim1"
1
4
221 236
269 236
221 236
206 228

# Offset On Limit 2
"MfgOffsetOnRelim2"
1
4
14 246
57 246
57 246
75 237




# Hardness on Top
"MfgHardnessOnTop"
1
1
170 12

# Hardness on Bottom
"MfgHardnessOnBottom"
1
1
103 253

# Offset on Top
"MfgGlobalOffsetOnTop"
1
1
2 12

# Offset Axial 1
"MfgOffsetAxial1"
0

# Offset Axial 2
"MfgOffsetAxial2"
0
