# bitmap Prismatic pocket feature with Soft Bottom 

# Top limit
"Top"
2
10
16 125
70 86
72 86
77 88
69 95
30 123
24 128
21 128
16 126
16 125
24
152 177
165 167
264 95
264 91
258 90
254 87
261 82
261 79
256 78
162 42
159 42
151 49
140 44
137 44
137 45
111 64
109 60
109 58
144 32
149 32
288 85
158 180
157 180
152 177

# Check elements
"Checks"
10
12
31 67
30 52
30 50
52 58
65 63
66 63
73 68
82 75
83 78
83 86
32 67
31 67
7
86 88
86 78
87 78
88 79
97 81
97 87
86 88
7
100 86
100 81
111 72
112 72
112 77
101 86
100 86
13
71 64
71 63
94 46
108 60
111 68
111 69
98 79
94 77
91 77
86 75
85 75
72 65
71 64
11
59 59
69 57
75 56
79 50
82 41
91 44
92 45
91 45
69 62
64 61
59 59
11
32 49
32 48
43 40
43 42
42 43
42 50
43 51
53 57
48 55
31 48
32 49
7
45 49
45 45
47 45
55 50
55 54
54 54
45 49
7
58 55
58 51
63 49
73 48
74 48
74 52
58 55
13
48 42
52 45
59 46
66 46
74 42
76 40
76 36
72 32
66 31
55 31
49 34
47 36
48 42
6
54 94
54 78
68 83
68 84
54 95
54 94

#Drive elements
"Drives"
6
18
23 132
35 122
79 90
83 90
84 91
97 91
97 90
112 79
112 78
113 77
113 67
112 67
112 66
137 48
137 70
24 153
23 153
23 132
7
140 69
140 47
148 50
149 50
149 73
141 70
140 69
6
152 72
152 51
158 46
158 67
154 71
152 72
11
161 97
161 45
163 45
257 81
258 81
251 86
249 86
249 100
247 100
162 67
161 67
8
252 100
252 90
254 90
259 93
261 93
261 94
253 100
252 100
5
39 135
41 135
41 134
40 134
39 135

# Bottom plane
"Bottom"
1
8
220 182
245 164
247 164
276 175
251 194
249 194
220 183
220 182

# Islands
"Islands"
0

# Inner Point
"InnerPoint"
1
10
90 142
92 142
96 144
96 150
94 152
90 152
88 151
87 149
87 145
90 142

# Border Point
"BorderPoint"
1
10
183 28
185 28
189 30 
189 36
187 38
183 38
181 37
180 35 
180 31
183 28

# Inner Point Outward
"InnerPointOutward"
1
10
90 142
92 142
96 144
96 150
94 152
90 152
88 151
87 149
87 145
90 142

# Border Point Outward
"BorderPointOutward"
1
10
183 28
185 28
189 30 
189 36
187 38
183 38
181 37
180 35 
180 31
183 28

# Inner Point Outward
"InnerPointInward"
1
10
90 142
92 142
96 144
96 150
94 152
90 152
88 151
87 149
87 145
90 142



# Border Point Outward
"BorderPointInward"
0

# Inner Point  Outside
"InnerPointOutside"
1
9
21 194
21 189
24 186
28 186
31 190
31 194
28 198
24 198
21 194


# Bottom plane
"BottomOutside"
1
8
220 182
245 164
247 164
276 175
251 194
249 194
220 183
220 182

# Tool side approach clearance
"MfgSideAppClearance"
1
4
72  227
95  208
95  208
125 187

# Hardness on Top
"MfgHardnessOnTop"
0


# Hardness on Bottom
"MfgHardnessOnBottom"
1
1
103 253




