# bitmap 5 Axis Flank Contouring feature
 
# Bottom plane KO
"Parts"
7
4
47 192
94 165
103 170
56 197
4
106 172
127 185
81 211
59 199
10
97 164
123 156
137 155
158 155
174 157
198 165
190 169
160 160
133 160
105 168
8
110 172
128 165
161 165
185 172
165 184
154 181
139 181
129 184
5
200 166
213 173
208 172
199 175
191 171
8
167 186
188 173
197 177
193 182
194 188
206 194
212 194
197 203
6
211 211
246 192
227 181
227 185
223 191
199 204

# Flancs
"Drives"
3
5
197 113
260 150
247 190
190 158
183 157
10
105 109
115 155
134 152
160 152
180 156
194 112
172 105
152 108
143 103
123 104
7
32 151
45 190
82 169
104 158
113 156
102 109
48 139

# Fixtures
"Fixtures"
9
3
126 54
123 48
127 47
4
155 99
155 105
174 101
174 96
4
146 101
152 105
152 99
146 94
5
122 64
143 98
143 91
134 71
122 53
6
140 75
170 69
176 84
174 93
153 97
146 91
4
140 61
153 59
153 56
140 57
4
137 57
137 60
129 55
129 51
6
138 73
168 67
160 52
155 61
138 64
129 58
10
154 48
152 52
144 53
135 52
132 52
131 45
134 42
141 41
150 41
155 44

# End limit
"EndElement"
2
6
30 152
19 145
31 190
48 201
53 198
44 193
4
79 213
57 200
52 203
79 219

# Start limit
"StartElement"
1
6
275 144
263 151
248 193
213 213
213 219
261 191

# Offset On Limit 2
"MfgOffsetRelim2"
1
4
27 244
62 244
62 244
84 231

# Offset On Limit 1
"MfgOffsetRelim1"
1
4
219 236
256 236
219 236
195 221

