# bitmap Trochoid feature

#Guiding elements
"Guides"
1
36
46 209
46 179
66 168
90 154
103 148
119 143
135 142
144 142
156 142
163 142
164 142
174 143
175 143
191 148
192 148
206 155
247 179
247 209
246 209
205 185
204 185
186 177
184 177
183 176
174 174
167 173
160 172
132 172
131 173
118 174
117 175
104 178
95 183
90 185
72 195
47 209

# Bottom plane 
"Bottom"
2
56
93 202
74 210
73 210
73 226
70 225
70 224
73 221
73 217 
72 217 
72 214 
70 213
70 212
72 212
72 211
75 210
75 208
77 208
92 198
96 197
96 195
101 195 
101 193
125 184
131 183
134 182
160 182
175 187
177 187
186 190
222 212
219 214
219 221
222 224
217 227
217 213
215 213
215 212
213 210 
213 209
212 209
212 208
209 208
209 207
197 200
192 198
183 194
178 192
161 188
161 188
130 188
130 188
124 189
119 190
115 193
103 197
93 202
32
52 209
90 187
106 180
124 176
136 175
162 175
179 178
186 180
202 187
213 193
238 208
229 209
225 210
224 210
202 197
199 195
198 195
183 187
157 181
133 181
132 182
123 183
122 184
119 184
118 185
99 192
98 193
93 192
90 198
67 211
58 208
52 209

# Start limit
"Limit1"
2
10
213 239
213 217
214 217 
214 216 
216 216 
216 231
218 231
226 226
232 228
213 239
11
249 211
249 179
259 173
261 173
261 212
260 212
259 213
259 214
257 214
254 216
249 211

# End limit
"Limit2"
2
8
32 211
32 173
34 174
44 179
44 212
40 215
40 216
32 211
7
60 228
68 227
76 232
76 215
80 217
80 239
60 228


# Offset On Limit 1
"MfgOffsetOnRelim1"
0

# Offset On Limit 2
"MfgOffsetOnRelim2"
0

# Top limit
"Top"
0

# Check elements
"Checks"
0


# Hardness on Top
"MfgHardnessOnTop"
0

# Hardness on Bottom
"MfgHardnessOnBottom"
0

# Offset on Top
"MfgGlobalOffsetOnTop"
0

# Offset Axial 1
"MfgOffsetAxial1"
0

# Offset Axial 2
"MfgOffsetAxial2"
0
