# bitmap Profile contouring feature 

# Top limit
"Top"
0

# Check elements
"Checks"
13
7
138 72
152 84
165 89
183 83
180 75
164 62
138 72
5
153 87
153 99
164 99
164 91
153 87
5
166 91
166 99
183 93
183 85
166 91
17
98 58
98 77
115 77
120 80
120 85
135 91
135 81
138 81 
138 92
151 98
151 86
149 85
137 74
135 74
135 72
133 72
98 58
6
138 61
138 70
161 61
143 53
143 59
138 61
7
114 62
133 70
135 70
135 62
129 64
123 64
114 62
6
99 56
108 60
109 56
108 55
107 53
99 56
6
112 54
112 60
127 62
127 56
119 54
112 54
5
109 50
109 55
110 57
110 52
109 50
5
129 57
129 62
134 60
134 54
129 57
5
137 53
137 59
141 58
141 52
137 53
9
117 43
111 46
111 48
118 52
134 52
134 50
138 46
132 43
117 43
4
111 50
112 52
115 52
111 50

#Guiding elements
"Guides"
3
5
85 128
85 130
95 127
95 124
85 128
5
120 114
120 117
163 101
152 101
120 114
9
185 89
185 92
200 88
218 88
256 101
256 98
218 86
200 85
185 89

# Bottom plane
"Bottom"
0

# Start limit
"Limit1"
1
5
262 107
262 126
265 126
265 107
262 107

# End limit
"Limit2"
1
5
67 157
67 215
70 215
70 157
67 157

#Aux Guiding elements
"AuxGuides"
5
5
72 211
72 214
107 168
107 163
72 211 
5
109 160
109 164
123 148
121 147
109 160
5
122 145
125 147
128 144
125 143
122 145
7
127 141
129 143
149 130
179 118
179 114
146 127
127 141
12
182 113
182 117
199 112
215 112
233 116
257 125
257 122
232 112
217 109
200 109
188 111
182 113

# Offset On Limit 1
"MfgOffsetOnRelim1"
1
4
229 151
273 151
273 151
275 151

# Offset On Limit 2
"MfgOffsetOnRelim2"
1
4
80 249
126 249
126 249
128 249

# Hardness on Top
"MfgHardnessOnTop"
0

# Hardness on Bottom
"MfgHardnessOnBottom"
0

# Offset on Top
"MfgGlobalOffsetOnTop"
0

# Offset Axial 1
"MfgOffsetAxial1"
1
4
210 84
210 34
210 84
210 94

# Offset Axial 2
"MfgOffsetAxial2"
1
4
115 219
115 173
115 173
115 156

# Material Side
"MaterialSide"
1
8
64 100
59 96
59 91
63 88
67 88
72 91
72 96
68 100
64 100
