# bitmap Profile contouring feature with Soft Bottom/Soft Top/Past Start/On End

# Top limit
"Top"
2
25
32 150
44 143
68 129
87 119
104 114
118 111
127 110
132 110
133 109
136 109
136 110
142 118
124 119
124 120
123 121
122 120
104 124
103 125
86 132
84 134
78 137
65 145
48 155
44 157
32 150
18
176 121
178 118
179 112
180 113
188 114
208 121
241 140
259 151
248 156
247 157
246 157
226 145
202 132
191 126
190 126
179 122
177 122
176 121

# Check elements
"Checks"
9
13
122 82
122 71
123 71
123 72
125 74
125 75
131 84
136 92
140 102
143 109
143 115
138 107
122 82
8
146 119
146 112
150 115
150 116
152 116
152 122
147 120
146 119
8
155 123
155 117
164 116
166 115
174 114
174 119
159 122
155 123
15
140 93
141 98
144 103
144 105
147 109
154 115
167 112
174 111
176 103
175 98
170 87
147 92
145 92
145 93
140 93
14
129 76
138 90
138 91
166 85
168 85
168 83
160 70
156 79
147 81
144 81
143 82
138 82
134 79
129 76
6
123 67
123 66
127 66
127 68
126 71
123 67
13
132 68
137 71
148 71
153 69
156 66
156 64
154 61
149 59
137 59
133 61
131 63
132 64
132 68
8
141 79
141 76
142 75
150 74
153 74
153 77
148 78
141 79
8
129 73
129 70
133 72
134 72
138 76
138 78
137 78
129 73

#Guiding elements
"Guides"
1
39
45 185
45 159
66 147
82 138
90 133
97 130
107 126
121 123
127 122
137 121
144 121
145 122
152 126
163 125
163 124
172 123
173 124
176 124
185 127
198 132
219 144
245 159
245 185
230 177
210 165
209 165
201 160
200 160
186 154
160 148
131 148
130 149
123 149
122 150
111 152
96 157
81 165
47 185
45 185

# Bottom plane
"Bottom"
1
8
116 197
138 184
141 184
160 195
158 195
136 208
135 208
116 197

# Start limit
"Limit1"
1
7
248 185
248 159
249 159
250 158
259 153
259 179
248 185

# End limit
"Limit2"
1
7
31 179
31 153
32 153
42 159
42 185
41 185
31 179

# Offset On Limit 1
"MfgOffsetOnRelim1"
1
4
233 254
278 254
233 254
217 246

# Offset On Limit 2
"MfgOffsetOnRelim2"
0




# Hardness on Top
"MfgHardnessOnTop"
1
1
170 12

# Hardness on Bottom
"MfgHardnessOnBottom"
1
1
103 253

# Offset on Top
"MfgGlobalOffsetOnTop"
1
1
2 12

# Offset Axial 1
"MfgOffsetAxial1"
0

# Offset Axial 2
"MfgOffsetAxial2"
0
