# bitmap Profile contouring feature 

# Top limit
"Top"
0

# Check elements
"Checks"
12
10
55 72
55 91
91 106
91 96
94 96 
94 107
107 112
107 100
91 87
55 72
5
109 101
109 114 
120 114
120 103
109 101
5
122 105
122 114
138 107
138 101
122 105
9
94 86
108 101
110 101
121 103
137 97
136 90 
119 76
95 86
94 86
4
56 71
65 74
62 68
56 71
5
65 63
65 69
66 72
66 68
65 63
6
68 69
68 74
83 76
83 71
77 69
68 69
7
71 77
88 84
90 84
90 77
86 78
77 78
71 77
5
92 79
111 86
111 79
105 81
92 79
5
85 71
85 76
97 77
97 67
85 71
6
93 76
93 84
117 75
99 68
99 73
93 77
13
67 61
67 63 
76 67
76 64
90 66
90 64
95 64
95 62
86 57
77 57
77 58
71 58
67 61

#Guiding elements
"Guides"
2
5
73 130
73 133
116 117
111 117
73 130
13
141 103
141 106
178 93
186 91
208 91
218 93
245 104
245 101
218 89
208 88
186 88
178 89
141 103

# Bottom plane
"Bottom"
2
6
58 216
58 218
66 220
89 190
78 191
58 216
9
68 222
74 224
79 224
89 221
103 209
115 194
103 190
92 190
68 222

# Start limit
"Limit1"
1
5
249 108
249 126
254 124
254 106
249 108

# End limit
"Limit2"
1
5
54 158
54 218
59 220
59 160
54 158

#Aux Guiding elements
"AuxGuides"
0

# Offset On Limit 1
"MfgOffsetOnRelim1"
0

# Offset On Limit 2
"MfgOffsetOnRelim2"
1
4
175 172
226 172
226 172
228 172

# Hardness on Top
"MfgHardnessOnTop"
0

# Hardness on Bottom
"MfgHardnessOnBottom"
0

# Offset on Top
"MfgGlobalOffsetOnTop"
0

# Offset Axial 1
"MfgOffsetAxial1"
1
4
198 88
198 38
198 88
198 94

# Offset Axial 2
"MfgOffsetAxial2"
0
