# bitmap Profile contouring feature 

# Top limit
"Top"
0

# Check elements
"Checks"
13
7
72 73
72 92
86 98
86 90
94 86 
105 86
72 73
9
106 87
111 91
111 96 
112 96
112 108
126 114
126 101
111 89
106 87
5
128 102
128 115 
139 115
139 107
128 102
5
141 106 
141 115
157 109
157 100
141 106
7
113 88
128 100
140 104
157 98
155 91 
139 77
113 88
4
72 74
84 76
81 69
72 74
5
83 64
83 70
84 72
87 67
83 64
5
86 70
86 76
102 78
102 73
86 70
5
90 78
109 86
109 78
104 80
90 78
5
104 72
104 78
109 76
109 69
104 72
5
112 68
112 75
116 74
116 68
112 68
6
112 77
112 86
136 76
118 69
118 76
112 77
10
85 62
85 64
93 68
105 68
109 67
109 65
113 62
103 58 
96 58
85 62

#Guiding elements
"Guides"
3
5
111 123
111 125
132 117
128 117
111 123
13
159 104
159 106
192 93
204 91
205 91
224 91
231 93
231 91
224 89
205 89
204 89
192 91
159 104
5
256 99
256 101
264 105
264 103
256 99

# Bottom plane
"Bottom"
0

# Start Limit
"Limit1"
1
5
267 110
267 129
270 129
270 110
267 110

# End Limit
"Limit2"
1
5
73 160
73 219
76 219
76 160
73 160

#Aux Guiding elements
"AuxGuides"
1
19
78 213
78 216
132 150
145 140
157 132 
195 117
201 115
222 115
240 119 
262 129
262 127
240 117
222 113
210 113
195 115
157 130
145 137
132 147
78 213

# Offset On Limit 1
"MfgOffsetOnRelim1"
1
4
240 152
281 152
281 152
284 152

# Offset On Limit 2
"MfgOffsetOnRelim2"
0

# Hardness on Top
"MfgHardnessOnTop"
0

# Hardness on Bottom
"MfgHardnessOnBottom"
0

# Offset on Top
"MfgGlobalOffsetOnTop"
0

# Offset Axial 1
"MfgOffsetAxial1"
1
4
214 89
214 61 
214 89
214 96

# Offset Axial 2
"MfgOffsetAxial2"
1
4
107 237
107 194
107 194
107 179

# Material Side
"MaterialSide"
1
8
64 100
59 96
59 91
63 88
67 88
72 91
72 96
68 100
64 100
