# bitmap Profile contouring feature 

# Top limit
"Top"
0

# Check elements
"Checks"
14
7
106 83
121 96
134 101
152 95
149 87
133 74
106 84
5
122 98
122 110
133 110
133 102
122 98
5
135 102
135 110
151 104
151 96
135 102
7
66 69
66 88
80 93
80 86
86 82
100 82
100 81
8
101 83
101 84
105 87
105 103 
120 109
120 97
104 83
101 83
6
106 72
106 81
130 71
112 64
112 70
106 72
7
83 74
101 81
103 81
103 73
97 75
91 75
83 74
6
67 67
77 72
76 66
75 65
75 64
67 67
6
80 66
80 71
96 73
96 67
87 65
80 66
5
77 61
77 66
78 68
78 63
77 61
5
98 67
98 73
103 71
103 65
98 67
5
105 64
105 70
110 69
110 63
105 64
11
83 55
79 57
79 59
86 63
103 63
103 61
106 58
102 56
100 54
89 54
83 55
4
79 61
80 63
83 63
79 61


#Guiding elements
"Guides"
2
5
105 119
105 121
129 112
122 112
105 119
12
153 99
153 102
185 92
200 88
218 88
256 101
256 98
232 89
221 85
198 85
185 88
153 99


# Bottom plane
"Bottom"
0

# Start limit
"Limit1"
1
5
262 104
262 124
265 124
265 104
262 104

# End limit
"Limit2"
1
5
67 157
67 215
70 215
70 157
67 157

#Aux Guiding elements
"AuxGuides"
3
5
72 211
72 215
127 145
127 142
72 211 
7
127 142
127 145
149 130
182 117
182 113
146 127
127 141
12
182 113
182 117
199 112
215 112
233 116
257 125
257 122
232 112
217 109
200 109
188 111
182 113

# Offset On Limit 1
"MfgOffsetOnRelim1"
1
4
230 150
274 150
274 150
276 150

# Offset On Limit 2
"MfgOffsetOnRelim2"
0

# Hardness on Top
"MfgHardnessOnTop"
0

# Hardness on Bottom
"MfgHardnessOnBottom"
0

# Offset on Top
"MfgGlobalOffsetOnTop"
0

# Offset Axial 1
"MfgOffsetAxial1"
1
4
212 84
212 34
212 84
212 92

# Offset Axial 2
"MfgOffsetAxial2"
1
4
99 236
99 193
99 193
99 177

# Material Side
"MaterialSide"
1
8
64 100
59 96
59 91
63 88
67 88
72 91
72 96
68 100
64 100
