# bitmap Profile contouring feature with Soft Bottom/Hard Top/To Start/Past End

# Top limit
"Top"
1
8
219 94
241 81
244 81
263 92
262 92
239 105
238 105
219 94

# Check elements
"Checks"
9
13
123 82
123 71
124 71
124 72
126 74
126 75
132 84
137 92
141 102
144 109
144 115
139 107
123 82
8
147 119
147 112
151 115
151 116
153 116
153 122
148 120
147 119
8
156 123
156 117
165 116
167 115
175 114
175 119
160 122
156 123
15
141 93
142 98
145 103
145 105
148 109
155 115
168 112
175 111
177 103
176 98
171 87
148 92
146 92
146 93
141 93
14
130 76
139 90
139 91
167 85
169 85
169 83
161 70
157 79
148 81
145 81
144 82
139 82
135 79
130 76
6
124 67
124 66
128 66
128 68
127 71
124 67
13
133 68
138 71
149 71
154 69
157 66
157 64
155 61
150 59
138 59
134 61
132 63
133 64
133 68
8
142 79
142 76
143 75
151 74
154 74
154 77
149 78
142 79
8
130 73
130 70
134 72
135 72
139 76
139 78
138 78
130 73

#Guiding elements
"Guides"
2
29
47 183
47 169
48 170
50 170
62 163
83 151
93 145
107 139
123 135
144 133
155 133
179 137
191 141
200 145
200 149
195 153
193 156
192 156
177 151
160 148
132 148
131 149
122 149
122 150
113 152
103 155
89 161
48 184
47 183
7
228 175
228 162
229 162
243 170
246 170
246 185
228 175

# Bottom plane
"Bottom"
1
8
119 196
141 183
144 183
163 194
162 194
138 208
138 207
119 196

# Start limit
"Limit1"
1
8
249 186
249 166
246 166
245 167
245 162
261 152
261 179
249 186

# End limit
"Limit2"
1
14
32 163
32 152
48 162
48 167
47 166
44 166
44 180
42 180
42 169
41 169
37 165
37 164
33 164
32 163

# Offset On Limit 1
"MfgOffsetOnRelim1"
1
4
221 237 
270 237
221 237
204 228

# Offset On Limit 2
"MfgOffsetOnRelim2"
1
4
21 241
65 241
65 241
75 236



# Hardness on Top
"MfgHardnessOnTop"
1
1
170 12

# Hardness on Bottom
"MfgHardnessOnBottom"
1
1
103 253

# Offset on Top
"MfgGlobalOffsetOnTop"
1
1
2 12

# Offset Axial 1
"MfgOffsetAxial1"
0

# Offset Axial 2
"MfgOffsetAxial2"
0
