# bitmap Profile contouring feature 

# Top limit
"Top"
0

# Check elements
"Checks"
13
7
52 75
52 94
66 100
66 92
74 88 
85 88
52 75
9
86 89
91 93
91 98 
92 92
92 110
106 116
106 103
91 91
86 89
5
108 104
108 117 
119 117
119 109
108 104
5
121 108
121 117
137 111
137 102
121 108
7
93 90
108 102
120 106
137 100
135 93
119 79
93 90
4
54 74
63 78
60 71
54 74
5
63 66
63 72
64 74
67 69
63 66
5
66 72
66 78
82 80
82 75
66 72
5
70 80
89 88
89 80
84 82
70 80
5
84 74
84 80
89 78
89 71
84 73
5
92 70
92 77
96 76
96 70
92 70
6
92 79
92 88
116 78
98 71
98 78
92 79
10
65 64
65 66
73 70
85 70
89 69
89 67
93 64
83 60 
76 60
65 64

#Guiding elements
"Guides"
3
5
90 125
90 128
113 119
108 118
90 125
11
139 106
139 109
171 96
184 93
208 93
211 95
211 92
208 90
184 90
171 93
139 106
5
235 101
235 103
242 106
242 104
235 101

# Bottom plane
"Bottom"
1
11
56 219
56 221
71 227
78 227
86 224
96 218
104 209
92 207
80 208 
64 209
56 219

# Start limit
"Limit1"
1
5
246 112
246 130
251 128
251 110
246 112

# End limit
"Limit2"
1
5
51 161
51 219
55 221
55 161
51 161

#Aux Guiding elements
"AuxGuides"
0

# Offset On Limit 1
"MfgOffsetOnRelim1"
1
4
207 159
249 159
249 159
251 159

# Offset On Limit 2
"MfgOffsetOnRelim2"
0

# Hardness on Top
"MfgHardnessOnTop"
0

# Hardness on Bottom
"MfgHardnessOnBottom"
0

# Offset on Top
"MfgGlobalOffsetOnTop"
0

# Offset Axial 1
"MfgOffsetAxial1"
1
4
193 91
193 41
193 91
193 98

# Offset Axial 2
"MfgOffsetAxial2"
0
