# bitmap Curve Machining contact feature 

# Check elements
"Checks"
13
9
81 80
81 61
120 76
135 90
135 101
120 95
120 85
116 85
116 93
4
137 102
137 90
148 95
148 103
4
150 94
166 88
166 96
150 102
6
147 65
159 75
159 88
149 92
136 88
122 76
3
166 86
163 78
163 86
4
83 59
92 63
90 57
83 59
4
99 66
116 72
116 67
111 68
5
120 74
146 64
127 57
127 63
120 65
4
92 51
93 59
93 55
92 57
4
95 63
110 65
110 60
95 54
4
112 60
112 66
116 64
116 58
4
125 61
125 53
120 56
120 63
6
111 58
124 51
114 46
98 47
94 50
94 52

#Guiding elements
"Guides"
1
16
56 210
94 161
110 144
127 132
169 115
191 112
210 114
237 124
241 122
210 111
191 109
169 112
127 129
110 141
94 158
55 208

# Bottom plane
"Bottom"
2
25
212 119
202 117
183 117
175 118
132 134
118 143
105 154
58 214
59 216
59 218
62 218
66 216
84 189
91 178
108 158
116 152
116 146
120 146
120 160
159 135
159 125
179 120
201 120
225 129
237 129
22
70 218
74 222
74 225
76 225
92 216
99 208
127 172
138 160
153 148
174 138
181 136
193 136
209 141
221 137
221 133
199 124
183 124
162 129
140 140
126 149
107 166
94 181

# Start limit
"Limit1"
1
8
239 133
239 128
242 125
246 125
249 128
249 133
246 136
242 136

# End limit
"Limit2"
1
8
47 221
47 216
50 213
54 213
57 216
57 221
54 224
50 224

#Aux Guiding elements
"AuxGuides"
0

# Offset On Limit
"MfgOffsetOnRelim2"
0

# Offset Axial 1
"MfgOffsetAxial1"
0

# Offset Axial 2
"MfgOffsetAxial2"
0
