# bitmap Through Hole feature 
# Anchor Point
"Anchor"
6
5
107 81
107 106
110 106
110 106
110 81
5
162 81
162 106
165 106
165 106
165 81
5
107 139
107 174
110 174
110 174
110 139
5
162 139
162 174
165 174
165 174
165 139
5
107 230
107 268
110 268
110 268
110 230
5
162 230
162 268
165 268
165 268
165 230

# Diameter
"Diameter"
1
4
166 288
230 288
103 288
166 288

# Depth
"Depth"
1
4
20 263
20 99
20 99
20 88

# Bottom plane
"Bottom"
1
5
110 269
164 269
164 266
110 266
110 269

# Check elements
"Checks"
2
6
8 62
48 62
67 67
67 80
8 80
8 62
4
68 67
76 69
76 80
68 80

# Info Design
"Info"
0
