# bitmap Prismatic pocket feature with Hard Bottom 

# Top limit
"Top"
2
9
16 125
70 86
72 86
77 88
69 95
24 128
21 128
16 126
16 125
24
152 177
165 167
264 95
264 91
258 90
254 87
261 82
261 79
256 78
162 42
159 42
151 49
140 44
137 44
137 45
111 64
109 60
109 58
144 32
149 32
288 85
158 180
157 180
152 177

# Check elements
"Checks"
10
12
30 68
29 60
29 51
51 59
64 64
65 64
72 69
81 76
82 79
82 87
31 68
30 68
5
85 88
84 78
95 81
95 88
85 88
5
98 87
98 81
110 72
110 78
98 87
8
69 64
72 61
93 46
106 59
110 69
97 79
82 74
69 64
8
58 59
67 62
91 45
81 41
80 41
80 46
75 55
58 59
8
42 40
31 48
31 49
52 57
41 51
41 41
42 41
42 40
7
44 50
44 46
46 46
54 51
54 55
53 55
44 50
7
57 56
57 52
62 50
72 49
73 49
73 53
57 56
13
47 43
51 46
58 47
65 47
73 43
75 41
75 37
71 33
65 32
54 32
48 35
46 37
47 43
6
53 95
53 79
67 84
67 85
53 96
53 95

#Drive elements
"Drives"
6
18
23 132
29 127
79 90
83 90
84 91
97 91
97 90
112 79
112 78
113 77
113 67
112 67
112 66
137 48
137 70
24 153
23 153
23 132
7
140 69
140 47
148 50
149 50
149 73
141 70
140 69
6
152 72
152 51
158 46
158 67
154 71
152 72
11
161 97
161 45
163 45
257 81
258 81
251 86
249 86
249 100
247 100
162 67
161 67
8
252 100
252 90
254 90
259 93
261 93
261 94
253 100
252 100
5
39 135
41 135
41 134
40 134
39 135

# Bottom plane
"Bottom"
3
29
25 155
97 102
107 95
133 104
122 112
122 138
146 148
148 149
174 130
174 129
175 128
175 119
209 132
157 170
149 177
149 203
93 181
93 154
98 149
98 144
93 139
89 139
84 144
84 149
89 154
92 154
92 181
25 156
25 155
5
92 154
93 154
93 181
92 181
92 154
19
105 96
137 73
140 72
147 76
151 76
159 69
160 69
249 103
247 104
206 134
175 123
175 103
174 103
149 93
147 93
146 94
145 95
130 106
105 96

# Islands
"Islands"
3
8
125 137
146 145
147 145
147 123
146 122
126 115
125 115
125 137
6
150 145
150 122
172 106
172 128
171 129
150 145
9
126 112
146 97
148 96
150 96
171 104
169 105
148 121
147 120
126 112

# Inner Point
"InnerPoint"
1
10
90 142
92 142
96 144
96 150
94 152
90 152
88 151
87 149
87 145
90 142

# Border Point
"BorderPoint"
1
10
183 28
185 28
189 30 
189 36
187 38
183 38
181 37
180 35 
180 31
183 28

# Inner Point Outward
"InnerPointOutward"
1
10
90 142
92 142
96 144
96 150
94 152
90 152
88 151
87 149
87 145
90 142

# Border Point Outward
"BorderPointOutward"
1
10
183 28
185 28
189 30 
189 36
187 38
183 38
181 37
180 35 
180 31
183 28

# Inner Point Outward
"InnerPointInward"
1
10
90 142
92 142
96 144
96 150
94 152
90 152
88 151
87 149
87 145
90 142


# Border Point Outward
"BorderPointInward"
0

# Inner Point Outside
"InnerPointOutside"
1
9
21 194
21 189
24 186
28 186
31 190
31 194
28 198
24 198
21 194


# Bottom plane
"BottomOutside"
2
18
25 155
97 102
107 95
133 104
122 112
122 138
146 148
148 149
174 130
174 129
175 128
175 119
209 132
157 170
149 177
149 203
25 156
25 155
19
105 96
137 73
140 72
147 76
151 76
159 69
160 69
249 103
247 104
206 134
175 123
175 103
174 103
149 93
147 93
146 94
145 95
130 106
105 96

# Tool side approach clearance
"MfgSideAppClearance"
1
4
72  227
95  208
95  208
125 187

# Hardness on Top
"MfgHardnessOnTop"
0


# Hardness on Bottom
"MfgHardnessOnBottom"
1
1
103 253








