# bitmap Profile contouring feature with Hard Bottom/Hard Top/On Start/Past End

# Top limit
"Top"
1
8
210 89
232 76
235 76
254 87
253 87
229 101
229 100
210 89

# Check elements
"Checks"
9
13
123 81
123 70
124 70
124 71
126 73
126 74
132 83
137 91
141 101
144 108
144 114
139 106
123 81
8
147 118
147 111
151 114
151 115
153 115
153 121
148 119
147 118
8
156 122
156 116
165 115
167 114
175 113
175 118
160 121
156 122
15
141 92
142 97
145 102
145 104
148 108
155 114
168 111
175 110
177 102
176 97
171 86
148 91
146 91
146 92
141 92
14
130 75
139 89
139 90
167 84
169 84
169 82
161 69
157 78
148 80
145 80
144 81
139 81
135 78
130 75
6
124 66
124 65
128 65
128 67
127 70
124 66
13
133 67
138 70
149 70
154 68
157 65
157 63
155 60
150 58
138 58
134 60
132 62
133 63
133 67
8
142 78
142 75
143 74
151 73
154 73
154 76
149 77
142 78
8
130 72
130 69
134 71
135 71
139 75
139 77
138 77
130 72

#Guiding elements
"Guides"
1
35
47 182
47 168
48 169
50 169
51 168
86 148
102 140
107 138
119 135
132 133
146 132
155 132
155 133
164 133
189 139
207 148
225 159
226 164
224 166
221 166
220 169
219 169
200 158
199 158
181 151
180 151
159 147
132 147
131 148
118 149
117 150
102 154
84 163
48 184
47 182

# Bottom plane
"Bottom"
1
8
132 202
154 189
157 189
175 199
175 200
151 214
151 213
132 202

# Start limit
"Limit1"
1
10
254 182
254 170
253 170
250 166
250 165
247 165
247 160
261 151
261 178
254 182

# End limit
"Limit2"
1
14
42 178
42 168
41 168
41 167
35 163
33 163
32 162
32 151
48 161
48 166
47 165
44 165
44 179
42 178

# Offset On Limit 1
"MfgOffsetOnRelim1"
0

# Offset On Limit 2
"MfgOffsetOnRelim2"
1
4
12 248
55 248
55 248
75 236 


# Hardness on Top
"MfgHardnessOnTop"
1
1
170 12

# Hardness on Bottom
"MfgHardnessOnBottom"
1
1
103 253

# Offset on Top
"MfgGlobalOffsetOnTop"
1
1
2 12

# Offset Axial 1
"MfgOffsetAxial1"
0

# Offset Axial 2
"MfgOffsetAxial2"
0
