# bitmap Profile contouring feature with Soft Bottom/Hard Top/To Start/To End

# Top limit
"Top"
1
8
209 91
231 78
234 78
253 89
251 89
229 102
228 102
209 91

# Check elements
"Checks"
9
13
123 82
123 71
124 71
124 72
126 74
126 75
132 84
137 92
141 102
144 109
144 115
139 107
123 82
8
147 119
147 112
151 115
151 116
153 116
153 122
148 120
147 119
8
156 123
156 117
165 116
167 115
175 114
175 119
160 122
156 123
15
141 93
142 98
145 103
145 105
148 109
155 115
168 112
175 111
177 103
176 98
171 87
148 92
146 92
146 93
141 93
14
130 76
139 90
139 91
167 85
169 85
169 83
161 70
157 79
148 81
145 81
144 82
139 82
135 79
130 76
6
124 67
124 66
128 66
128 68
127 71
124 67
13
133 68
138 71
149 71
154 69
157 66
157 64
155 61
150 59
138 59
134 61
132 63
133 64
133 68
8
142 79
142 76
143 75
151 74
154 74
154 77
149 78
142 79
8
130 73
130 70
134 72
135 72
139 76
139 78
138 78
130 73

#Guiding elements
"Guides"
1
37
73 170
72 168
67 165
67 160
97 143
108 139
118 136
132 134
146 133
155 133
155 134
164 134
181 138
199 144
200 145
226 160
226 165
224 165
224 166
221 168
220 169
220 170
219 170
196 157
195 157
170 150
169 149
162 149
161 148
132 148
131 149
124 149
123 150
113 151
113 152
98 157
73 170

# Bottom plane
"Bottom"
1
8
120 197
142 184
145 184
164 195
163 195
140 208
139 208
120 197

# Start limit
"Limit1"
1
11
254 183
254 171
253 171
252 168
251 168
250 166
247 166
247 161
261 152
261 179
254 183

# End limit
"Limit2"
1
11
32 179
32 152
46 161
46 166
43 166
43 167
39 171
40 173
39 174
39 183
32 179

# Offset On Limit 1
"MfgOffsetOnRelim1"
0

# Offset On Limit 2
"MfgOffsetOnRelim2"
0


# Hardness on Top
"MfgHardnessOnTop"
1
1
170 12

# Hardness on Bottom
"MfgHardnessOnBottom"
1
1
103 253

# Offset on Top
"MfgGlobalOffsetOnTop"
1
1
2 12

# Offset Axial 1
"MfgOffsetAxial1"
0

# Offset Axial 2
"MfgOffsetAxial2"
0
