# bitmap Profile contouring feature 

# Top limit
"Top"
0

# Check elements
"Checks"
13
7
73 76
74 95
86 100
86 94 
93 89
106 89
73 76
9
107 91 
111 95 
111 99
112 99 
112 111
126 116
126 104
111 91
107 91
5
129 103
129 116 
140 116
140 107
129 103
5
142 107 
142 116
159 109
159 103
142 107
8
113 91
128 103
130 103
140 107
157 101
156 98 
139 80
113 91
4
74 74
84 78
80 72
74 74
5
84 65
84 70
86 72
86 67
84 65
5
87 71
87 76
103 78
103 73
87 71
5
91 79
110 86
110 79
104 81
91 79
5
104 76
104 80
109 81
109 74
104 76
5
112 71
112 77
116 76
116 71
112 71
6
112 80
112 88
136 79
118 72
119 77
112 80
8
86 65
86 66
95 71
109 70
109 68
113 65
106 61
95 61
86 65

#Guiding elements
"Guides"
2
5
111 126
111 128
137 117
132 117
111 126
13
157 106
157 110
192 96
206 93
227 93
242 95
264 105
264 102
242 93
227 90
206 90
192 93
157 106

# Bottom plane
"Bottom"
0

# Start limit
"Limit1"
1
5
267 112
267 131
271 131
271 112
267 112

# End limit
"Limit2"
1
5
73 162
73 221
76 221
76 162
73 162

#Aux Guiding elements
"AuxGuides"
1
21
79 215
79 218
136 148
145 140 
157 134
161 132
195 118
205 116
225 116
238 119
265 129
265 126
238 116
225 114
205 114
195 115
161 129
157 131
145 138
136 146
79 215

# Offset On Limit 1
"MfgOffsetOnRelim1"
0

# Offset On Limit 2
"MfgOffsetOnRelim2"
0

# Hardness on Top
"MfgHardnessOnTop"
0

# Hardness on Bottom
"MfgHardnessOnBottom"
0

# Offset on Top
"MfgGlobalOffsetOnTop"
0

# Offset Axial 1
"MfgOffsetAxial1"
1
4
219 91
219 41
219 91
219 99

# Offset Axial 2
"MfgOffsetAxial2"
1
4
104 230
104 270
104 230
104 185

# Material Side
"MaterialSide"
1
8
64 100
59 96
59 91
63 88
67 88
72 91
72 96
68 100
64 100
