# bitmap Profile contouring feature with Hard Bottom/Hard Top/On Start/On End

# Top limit
"Top"
2
20
45 157
33 150
50 140
71 128
92 117
117 111
135 109
137 109
139 112
142 118
132 118
131 119
124 119
123 120
114 121
113 122
106 124
95 128
81 136
46 157
14
246 156
207 133
195 127
181 122
176 121
178 120
179 112
192 115
214 123
251 145
260 150
259 150
248 157
246 156

# Check elements
"Checks"
9
13
123 82
123 71
124 71
124 72
126 74
126 75
132 84
137 92
141 102
144 109
144 115
139 107
123 82
8
147 119
147 112
151 115
151 116
153 116
153 122
148 120
147 119
8
156 123
156 117
165 116
167 115
175 114
175 119
160 122
156 123
15
141 93
142 98
145 103
145 105
148 109
155 115
168 112
175 111
177 103
176 98
171 87
148 92
146 92
146 93
141 93
14
130 76
139 90
139 91
167 85
169 85
169 83
161 70
157 79
148 81
145 81
144 82
139 82
135 79
130 76
6
124 67
124 66
128 66
128 68
127 71
124 67
13
133 68
138 71
149 71
154 69
157 66
157 64
155 61
150 59
138 59
134 61
132 63
133 64
133 68
8
142 79
142 76
143 75
151 74
154 74
154 77
149 78
142 79
8
130 73
130 70
134 72
135 72
139 76
139 78
138 78
130 73

#Guiding elements
"Guides"
1
36
46 189
46 159
65 148
89 134
102 128
119 123
135 121
144 121
153 126
162 125
163 124
173 123
174 123
190 128
191 128
207 135
246 159
246 189
245 189
204 165
203 165
185 157
183 157
182 156
173 154
166 153
159 152
131 152
130 153
117 154
116 155
103 158
94 163
89 165
71 175
46 189

# Bottom plane 
"Bottom"
2
32
212 211
223 205
219 201
219 195
222 192
197 177
182 170
160 164
133 164
119 167
99 175
101 176
101 178
98 178
91 180
70 192
70 193
73 196
73 201
70 204
70 205
81 211
125 186
139 181
155 181
156 182
162 184
167 185
168 186
197 203
211 211
212 211
32
52 189
90 167
106 160
124 156
136 155
162 155
179 158
186 160
202 167
213 173
238 188
229 189
225 190
224 190
202 177
199 175
198 175
183 167
157 161
133 161
132 162
123 163
122 164
119 164
118 165
99 172
98 173
93 172
90 178
67 191
58 188
52 189
 
# Start limit 
"Limit1"
2
5
213 219
213 213
225 206
231 208
213 219
8
249 191
249 159
259 153
260 153
260 191
255 195
253 195
249 191

# End limit KO
"Limit2"
2
11
32 191
32 153
33 153
43 159
43 191
44 192
42 193
40 195
40 196
32 192
32 191
8
61 208
78 218
79 218
79 213
67 206
67 207
63 207
61 208

# Offset On Limit 1
"MfgOffsetOnRelim1"
0

# Offset On Limit 2
"MfgOffsetOnRelim2"
0


# Hardness on Top
"MfgHardnessOnTop"
1
1
170 12

# Hardness on Bottom
"MfgHardnessOnBottom"
1
1
103 253

# Offset on Top
"MfgGlobalOffsetOnTop"
1
1
2 12

# Offset Axial 1
"MfgOffsetAxial1"
0

# Offset Axial 2
"MfgOffsetAxial2"
0
