# bitmap Profile contouring feature 

# Top limit
"Top"
0

# Check elements
"Checks"
13
7
120 74
136 86
147 91
165 85
163 77
147 64
120 74
5
136 88
136 100
147 100
147 92
136 88
5
149 92
149 100
166 94
166 86
149 92
17
81 59
81 78
94 78
103 83
103 87
117 93
117 82
120 82 
120 94
134 99
134 87
131 84
119 75
117 75
116 73
112 73
80 59
6
120 63
120 72
143 62
126 55
126 62
120 63
6
97 63
117 72
117 64
111 66
108 66
97 63
4
82 58
92 61
88 55
82 58
6
94 56
94 62
109 64
109 58
103 56
112 56
5
91 52
91 55
92 58
92 53
91 52
5
111 58
111 63
117 62
117 56
111 58
5
120 54
120 60
124 60
124 54
120 54
14
93 48
93 50
103 54
113 54
117 53
117 49
120 49
114 45
109 45
108 44
105 44
105 45
98 45 
93 48
4
93 52
94 54
98 54
93 52

#Guiding elements
"Guides"
3
5
67 129
67 131
77 128
77 125
67 129
5
103 115
103 118
145 102
136 102
103 115
9
167 91
167 94
182 89
200 88
238 101
238 99
200 86
182 86
167 91

# Bottom plane
"Bottom"
1
12
53 215
53 218
65 223
76 223
88 218
93 214
113 190
101 190
90 188
78 190
70 195
53 215

# Start limit
"Limit1"
1
5
243 107 
243 125
248 127
248 109 
243 107

# End limit
"Limit2"
1
5
47 156
47 216
52 218
52 158
47 156

#Aux Guiding elements
"AuxGuides"
0

# Offset On Limit 1
"MfgOffsetOnRelim1"
1
4
207 156
249 156
249 156
251 156

# Offset On Limit 2
"MfgOffsetOnRelim2"
1
4
62 251
108 251
108 251
110 251

# Hardness on Top
"MfgHardnessOnTop"
0

# Hardness on Bottom
"MfgHardnessOnBottom"
0

# Offset on Top
"MfgGlobalOffsetOnTop"
0

# Offset Axial 1
"MfgOffsetAxial1"
1
4
190 87
190 37
190 87
190 95

# Offset Axial 2
"MfgOffsetAxial2"
0
