# bitmap Prismatic pocket feature with Soft Bottom 

# Top limit
"Top"
2
30
124 53
127 52
132 49
137 48
141 47
147 47
149 47
156 47
162 48
170 50
174 51
178 53
182 54
182 48
182 42
190 32
186 31
179 28
173 28
168 28
163 27
157 27
153 28
148 29
144 31
141 33
139 35
136 37
132 41
124 53
43
198 62
206 62
223 49
224 51
228 54
231 56
233 58
237 62
239 65
241 67
244 70
246 73
249 77
251 81
254 86
257 91
257 95
259 100
260 104
259 106
259 109
184 211
183 210
183 206
183 200
182 196
180 192
178 189
176 186
176 184
176 181
236 98
232 93
230 90
227 87
224 84
221 80
217 76
213 74
210 71
207 68
203 65
198 62

# Check elements
"Checks"
8
8
184 55
197 61
197 60
198 56
197 56
183 50
183 53
184 55
5
199 61
205 61
205 56
199 57
199 61
7
208 57
206 61
240 34
240 26
220 42
209 55
208 57
7
183 42
183 48
199 56
207 55
219 42
195 31
183 42
21
197 29
220 40
241 24
241 23
236 21
236 25
235 27
234 29
232 30
229 31
221 32
218 31
211 26
210 25
211 18
212 17
213 16
216 13
212 15
197 28
197 29
5
213 23
213 25
219 29
219 27
213 23
5
222 27
222 30
231 29
231 25
222 27
11
213 18
219 25
230 24
232 23
234 19
233 17
229 15
218 15
216 16
214 17
213 18

#Drive elements
"Drives"
3
8
60 142
93 96
121 58
148 79
148 80
118 119
85 163
60 142
33
121 57
124 55
129 52
134 50
141 48
160 48
164 50
169 51
172 52
177 54
182 56
188 58
194 61
200 65
206 69
210 72
216 77
220 81
224 85
229 92
234 98
233 98
210 100
207 96
201 89
192 83
185 79
173 75
166 74
157 74
152 76
150 78
121 57
6
150 184
210 101
234 99
174 182
158 184
150 184

# Bottom plane
"Bottom"
1
8
220 182
245 164
247 164
276 175
251 194
249 194
220 183
220 182

# Islands
"Islands"
0

# Inner Point
"InnerPoint"
1
9
112 150
112 146
115 144
119 144
122 146
122 150
119 153
114 153
112 150

# Border Point
"BorderPoint"
0

# Inner Point Outward
"InnerPointOutward"
0

# Border Point Outward
"BorderPointOutward"
0

# Inner Point Inward
"InnerPointInward"
1
9
112 150
112 146
115 144
119 144
122 146
122 150
119 153
114 153
112 150

# Border Point Inward
"BorderPointInward"
0

# Inner Point Outside
"InnerPointOutside"
0

# Bottom plane
"BottomOutside"
1
8
220 182
245 164
247 164
276 175
251 194
249 194
220 183
220 182

# Border Point Outside
"BorderPointOutside"
1
9
102 187
102 183
105 181
109 181
112 183
112 187
109 190
106 190
102 187

# Tool side approach clearance
"MfgSideAppClearance"
1
4
127  227
140  208
140  208
155  187

