# bitmap Profile contouring feature 

# Top limit
"Top"
0

# Check elements
"Checks"
12
10
70 72
70 91
106 106
106 96
109 96 
109 107
123 112
123 100
106 87
70 72
5
125 101
125 114 
136 114
136 105
125 101
5
138 105 
138 114
154 107
154 99
138 105
9
110 86
124 99
126 99 
137 103
153 97
152 90 
135 76
111 86
110 86
4
71 71
80 74 
78 68 
71 71
5
80 63
80 68
82 70
82 65
80 63
5
83 69
83 74
99 76
99 71
83 69
5
87 77
106 84
106 77
100 79
87 77
5
101 70
101 76
106 75
106 68
101 70
5
109 67
109 73
113 72
113 67
109 67
6
109 76
109 84
133 75
115 68
115 73
109 76
8
82 62
92 66 
106 66
111 63
111 61
103 57
92 57
83 62

#Guiding elements
"Guides"
3
5
89 130 
89 133
131 116
126 116
89 130
10
156 104 
156 107
192 92
201 90
217 90
228 92 
228 90
217 88
201 88
192 90
5
253 98
253 102
261 104
261 102
253 98

# Bottom plane
"Bottom"
0

# Start limit
"Limit1"
1
5
264 109
264 128
268 128
268 109
264 109

# End limit
"Limit2"
1
5
69 159
69 217
73 217
73 159
69 159

#Aux Guiding elements
"AuxGuides"
1
17
74 213
77 213
128 148
151 132
190 116
206 113
217 113 
229 116
260 127
260 124
229 113
217 111
206 111
192 114
151 130
126 145
74 213

# Offset On Limit 1
"MfgOffsetOnRelim1"
1
4
241 153
284 153
284 153
286 153

# Offset On Limit 2
"MfgOffsetOnRelim2"
1
4
189 173
240 173
240 173
242 173

# Hardness on Top
"MfgHardnessOnTop"
0

# Hardness on Bottom
"MfgHardnessOnBottom"
0

# Offset on Top
"MfgGlobalOffsetOnTop"
0

# Offset Axial 1
"MfgOffsetAxial1"
1
4
208 87
208 44
208 87
208 95

# Offset Axial 2
"MfgOffsetAxial2"
1
4
89 242
129 242
89 242
89 196

# Material Side
"MaterialSide"
1
8
33 66
28 62
28 57
32 54
36 54
41 57
41 62
37 66
33 66

