# bitmap Trochoid feature

#Guiding elements
"Guides"
1
35
46 210
46 179
66 168
76 162
90 153
102 148
121 143
126 141
155 141
155 142
178 145
192 150
214 160
216 161
219 162
247 179
247 209
246 209
205 185
204 185
186 177
184 177
183 176
174 174
167 173
160 172
132 172
131 173
118 174
117 175
104 178
95 183
90 185
72 195
46 210


# Bottom plane 
"Bottom"
2
48
93 204
88 205
80 209
77 210
74 212
73 214
73 227
60 219
59 219
71 212
73 210
91 200
91 199
94 199
94 197
100 197
100 194
131 185
134 184
160 184
174 187
176 187
185 192
196 198
210 206
215 208
215 206
233 219
234 219
218 229
218 213
212 211
212 210
208 208
205 207
191 200
185 197
182 195
179 195
176 193
168 190
159 189
129 189
129 190
122 190
113 194
97 200
93 202
38
88 199
79 204
71 209
56 218
47 212
61 206
64 204
95 184
107 179
121 176
125 175
137 174
163 174
163 175
171 175
190 180
190 181
192 181
246 212
237 217
236 217
218 207
216 207
212 204
210 204
209 204
198 196
189 191
179 187
158 182
131 182
131 183
121 185
119 187
99 192
95 191
95 193
88 199

# Start limit
"Limit1"
2
11
213 239
213 217
214 217
214 216 
216 216 
216 231
217 231
236 220
240 222
240 223
213 239
19
238 218
248 213
248 211
249 211
249 178
259 173
259 172
261 172
261 212
259 212
259 213
258 213
258 214
256 214
256 216
254 216
244 223
244 220
238 218

# End limit
"Limit2"
2
11
32 211
32 172
34 174
44 179
44 212
45 212
45 214
54 219
51 221
49 221
33 211
7
53 223
57 220
76 232
76 215
81 217
81 239
53 223

# Offset On Limit 1
"MfgOffsetOnRelim1"
1
4
240 277
291 277
240 277 
218 266

# Offset On Limit 2
"MfgOffsetOnRelim2"
1
4
7 273
48 273
48 273
75 256

# Top limit
"Top"
0

# Check elements
"Checks"
0

# Hardness on Top
"MfgHardnessOnTop"
0

# Hardness on Bottom
"MfgHardnessOnBottom"
0

# Offset on Top
"MfgGlobalOffsetOnTop"
0

# Offset Axial 1
"MfgOffsetAxial1"
0

# Offset Axial 2
"MfgOffsetAxial2"
0
