# bitmap Profile contouring feature 

# Top limit
"Top"
0

# Check elements
"Checks"
14
7
91 86
106 99
119 103
135 96
132 88
117 76
91 86
5
106 101
106 113
117 113
117 104
106 101
5
119 105
119 113
136 106
136 98
119 105
7
51 71
51 90
64 96
64 89
72 84
83 84
51 71
9
84 85
89 89
89 94
90 94
90 106
104 111
104 100
89 86
84 85
6
90 75
90 84
114 75
96 67
96 74
90 75
6
67 76
87 83
87 76
82 78
77 78
67 76
5
52 70
62 74
60 69 
60 67
52 70
6
65 68
65 74
80 76
80 70
71 68
65 68
5
62 64
62 68
63 71
63 67
62 64
5
82 71
82 76
87 74
87 68
82 71
5
90 67
90 73
94 72
94 66
90 67
10
64 60
64 62
72 66
85 66
87 65
87 63
91 60
85 57 
70 57
64 60
4
64 64
64 66
68 66
64 64

#Guiding elements
"Guides"
2
5
89 121
89 123
111 115
106 115
89 121
13
138 102
138 104
170 93
186 89
200 89
215 92
241 102
241 100
215 90
200 87
186 87
170 91
138 102

# Bottom plane
"Bottom"
1
12
55 216 
55 217 
69 223
78 223
87 220
96 213
104 204
98 203
90 203
75 202
63 206
55 216

# Start limit
"Limit1"
1
5
247 106
247 126
252 124
252 104
247 106

# End limit
"Limit2"
1
5
49 156
49 214
55 216
55 158
49 156

#Aux Guiding elements
"AuxGuides"
0

# Offset On Limit 1
"MfgOffsetOnRelim1"
1
4
208 155
253 155
253 155
255 155

# Offset On Limit 2
"MfgOffsetOnRelim2"
0

# Hardness on Top
"MfgHardnessOnTop"
0

# Hardness on Bottom
"MfgHardnessOnBottom"
0

# Offset on Top
"MfgGlobalOffsetOnTop"
0

# Offset Axial 1
"MfgOffsetAxial1"
1
4
193 87
193 37
193 87
193 94

# Offset Axial 2
"MfgOffsetAxial2"
0
