# bitmap Profile contouring feature with Hard Bottom/Hard Top/On Start/Past End
# Top limit
"Top"
1
7
209 91
229 79
234 78
253 89
229 102
228 102
209 91

# Check elements
"Checks"
9
13
123 82
123 71
124 71
124 72
126 74
126 75
132 84
137 92
141 102
144 109
144 115
139 107
123 82
8
147 119
147 112
151 115
151 116
153 116
153 122
148 120
147 119
8
156 123
156 117
165 116
167 115
175 114
175 119
160 122
156 123
15
141 93
142 98
145 103
145 105
148 109
155 115
168 112
175 111
177 103
176 98
171 87
148 92
146 92
146 93
141 93
14
130 76
139 90
139 91
167 85
169 85
169 83
161 70
157 79
148 81
145 81
144 82
139 82
135 79
130 76
6
124 67
124 66
128 66
128 68
127 71
124 67
13
133 68
138 71
149 71
154 69
157 66
157 64
155 61
150 59
138 59
134 61
132 63
133 64
133 68
8
142 79
142 76
143 75
151 74
154 74
154 77
149 78
142 79
8
130 73
130 70
134 72
135 72
139 76
139 78
138 78
130 73

#Guiding elements 
"Guides"
1
40
94 162
115 155
132 152
149 152
150 151
157 152
174 154
191 159
192 159
192 160
200 163
218 173
219 173
221 167
222 167
226 165
226 160
202 146
200 145
189 140
166 134
150 133
137 133
136 134
127 134
121 135
104 140
103 140
88 148
87 149
86 149
67 160
51 169
47 169
47 183
49 188
74 174
74 173
75 173
94 162

# Bottom plane 
"Bottom"
2
33
90 206
125 186
131 183
140 181
155 181
156 182
163 183
197 203
208 209
211 211
212 211
222 205
219 199
219 190
192 174
180 169
158 164
133 164
132 165
123 166
101 174
99 175
101 176
100 178
94 179
84 184
75 189
60 198
60 199
71 205
81 211
82 211
90 206
37
192 171
219 187
219 179
217 176
213 173
196 164
194 164
192 162
178 158
153 154
139 155
129 155
122 157
116 158
113 158
94 165
75 176
51 190
49 191
49 192
57 197
76 186
89 179
94 174
96 172
97 173
110 168
124 163
137 161
160 161
161 162
168 163
169 164
176 165
177 166
192 170
192 171

# Start limit 
"Limit1"
2
7
213 219
232 208
225 206
215 212
214 213
213 213
213 219
9
254 195
254 171
249 165
248 166
247 165
247 160
261 152
261 191
254 195

# End limit 
"Limit2"
3
13
42 179
42 169
37 164
34 164
32 163
32 152
47 161
48 162
48 167
46 165
44 167
44 180
42 179
6
49 201
49 195
54 198
52 200
50 201
49 201
7
80 219
53 203
52 203
56 199
57 200
80 213
80 219

# Offset On Limit 1
"MfgOffsetOnRelim1"
0

# Offset On Limit 2
"MfgOffsetOnRelim2"
1
4
27 244
62 244
62 244
84 231

# Hardness on Top
"MfgHardnessOnTop"
1
1
170 12

# Hardness on Bottom
"MfgHardnessOnBottom"
1
1
103 253

# Offset on Top
"MfgGlobalOffsetOnTop"
1
1
2 12

# Offset Axial 1
"MfgOffsetAxial1"
0

# Offset Axial 2
"MfgOffsetAxial2"
0
