# bitmap Prismatic slab feature  

# Top limit
"Top"
1
14
212 59
230 46
239 39
244 35
246 35
284 50
286 50
288 51
279 58
257 74
256 75
253 75
212 60
212 59

# Check elements
"Checks"
10
12
30 68
29 60
29 51
51 59
64 64
65 64
72 69
81 76
82 79
82 87
31 68
30 68
5
85 88
84 78
95 81
95 88
85 88
5
98 87
98 81
110 72
110 78
98 87
8
69 64
72 61
93 46
106 59
110 69
97 79
82 74
69 64
8
58 59
67 62
91 45
81 41
80 41
80 46
75 55
58 59
8
42 40
31 48
31 49
52 57
41 51
41 41
42 41
42 40
7
44 50
44 46
46 46
54 51
54 55
53 55
44 50
7
57 56
57 52
62 50
72 49
73 49
73 53
57 56
13
47 43
51 46
58 47
65 47
73 43
75 41
75 37
71 33
65 32
54 32
48 35
46 37
47 43
6
53 95
53 79
67 84
67 85
53 96
53 95

#Drive elements
"Drives"
2
7
7 163
7 134
150 188
150 217
148 217
7 164
7 163
7
153 217
153 188
288 89
289 89
289 117
288 118
153 217

# Bottom plane
"Bottom"
1
27
9 131
71 86
76 87
82 90
86 91
98 91
98 90
113 79
113 78
114 77
114 68
113 67
110 57
142 34
145 32
147 32
210 56
211 56
211 57
208 59
212 62
255 78
260 75
288 85
288 86
152 185
9 131

# Starting Point
"StartingPoint"
1
10
53 252
55 252
59 254
59 260
57 262
53 262
51 261
50 259
50 255
53 252

# Ending Point
"EndingPoint"
1
10
183 28
185 28
189 30 
189 36
187 38
183 38
181 37
180 35 
180 31
183 28

# Ending Point Inward
"EndingPointInward"
0


# Machining Direction
"MachiningDirection"
1
15
60 251
85 232
88 230
88 229
87 229
87 227
103 221
104 221
104 223
98 233
93 231
93 232
63 254
62 254
60 251
