# bitmap Lathe Groove Finishing feature
# p 226 204,226 220,240 220,240 204
 
# Part
"Parts"
1
28
190 130
190 117
185 105
172 99
162 99
147 105
135 115
124 126
116 139
108 156
105 171
106 183
113 196
119 203
136 204
143 201
148 197
149 185
150 180
140 174
135 166
136 158
141 147
151 137
159 133
165 133
176 140
183 135


# End limit
"EndElement"
1
4
125 43
126 7
156 2
156 35

# Start limit
"StartElement"
1
4
234 119
234 77
267 66
265 111

# Local Plane
"LocalPlane"
1
18
205 273
218 269
216 268
252 240
288 269
286 272
298 275
293 264
291 267
254 236
254 184
256 184
251 173
247 184
250 184
250 236
212 265
210 263






