# bitmap Trochoid feature

#Guiding elements
"Guides"
1
36
46 208
46 178
66 167
90 153
103 147
120 142
136 140
145 140
156 140
163 141
164 141
174 142
175 142
191 147
192 147
206 154
247 178
247 208
246 208
205 184
204 184
186 176
184 176
183 175
174 173
167 172
160 171
132 171
131 172
118 173
117 174
104 177
95 182
90 184
72 194
47 208

# Bottom plane 
"Bottom"
3
46
93 202
92 200
92 199
98 198
99 197
100 197
101 197
102 197
102 194
100 194
121 186
125 185
131 184
134 183
160 183
175 187
177 187
186 190
197 197
211 206
214 206
214 207
233 217 
233 218
218 227
218 211
217 210
214 210
212 208
209 208
205 205
191 197
189 197
189 196
184 194
180 194
180 193
177 191
160 188
129 188
129 187
124 187
119 190
115 193
103 197
93 202
35
88 198
85 196
75 195
95 184
107 179
121 176
125 175
137 174
163 174
163 175
171 175
190 180
190 181
192 181
245 211
237 216
236 216
213 202
210 202
210 201
209 201
209 200
207 200
207 199
190 189
180 185
159 180
135 180
135 181
120 183
119 184
99 192
94 191
94 193
88 198
7
74 225
48 211
59 204
59 208
65 213
74 218
74 225

# Start limit
"Limit1"
2
11
214 239
214 216
215 216
215 215 
217 215 
217 230
218 230
237 219
241 221
241 222
214 239
19
239 217
248 213
248 211
249 211
249 178
259 173
259 172
261 172
261 211
259 211
259 212
258 212
258 213
256 213
256 214
254 214
244 222
244 220
239 217

# End limit
"Limit2"
1
14
32 210
32 172
33 172
33 173
44 178
44 210
44 211
44 212
76 230
76 214
80 214
80 238
34 211
33 210


# Offset On Limit 1
"MfgOffsetOnRelim1"
1
4
240 277
291 277
240 277 
218 264

# Offset On Limit 2
"MfgOffsetOnRelim2"
1
4
7 262
65 262
65 262
91 246

# Top limit
"Top"
0

# Check elements
"Checks"
0

# Hardness on Top
"MfgHardnessOnTop"
0

# Hardness on Bottom
"MfgHardnessOnBottom"
0

# Offset on Top
"MfgGlobalOffsetOnTop"
0

# Offset Axial 1
"MfgOffsetAxial1"
0

# Offset Axial 2
"MfgOffsetAxial2"
0
