# bitmap Lathe longitudinal roughing feature
# p 145 146,145 158,157 158,157 146
# s 154 196,154 208,166 208,166 196
 
# Part
"Parts"
1
11
129 166
129 161
132 151
138 144
145 139
154 137
164 137
170 140
176 145
179 150
181 157

# End limit
"EndElement"
1
4
125 43
126 7
156 2
156 35

# Start limit
"StartElement"
1
4
234 119
234 77
267 66
265 111

# Stock
"Stocks"
1
15
83 184
241 157
238 177
232 190
225 201
215 214
204 223
190 232
167 240
141 241
125 237
110 232
99 224
91 209
86 197

# Local Plane
"LocalPlane"
1
18
205 273
218 269
216 268
252 240
288 269
286 272
298 275
293 264
291 267
254 236
254 184
256 184
251 173
247 184
250 184
250 236
212 265
210 263



