# bitmap Profile contouring feature 

# Top limit
"Top"
0

# Check elements
"Checks"
12
10
76 74
76 93
112 108
112 98
115 98 
115 109
129 114
129 102
113 89
76 74
5
130 103
130 116 
141 116
141 107
130 103
5
143 107
143 116
159 109
159 103
143 107
9
115 88
129 103
131 103
142 105
158 99
157 92 
140 78
116 88
115 88
5
77 72
77 73
86 76
83 70
77 72
5
85 65
85 70
85 82
87 67
85 65
5
88 71
88 76
104 78
104 73
88 71
5
92 79
111 86
111 79
105 81
92 79
5
106 72
106 78
111 77
111 70
106 72
5
114 69
114 75
118 74
118 69
114 69
6
114 78
114 86
138 77
120 70
120 75
114 79
8
87 64
87 68 
111 68
116 65
116 63
108 59
97 59
86 64

#Guiding elements
"Guides"
2
5
94 131
94 133
137 117
132 117
94 131
13
161 105
161 107
198 94
206 92
228 91
238 93
265 105
265 103
238 91
228 89
206 88
198 91
161 105

# Bottom plane
"Bottom"
0

# Start limit
"Limit1"
1
5
269 112
269 130
273 130
273 112
269 112

# End limit
"Limit2"
1
5
74 161
74 221
79 221
79 161
74 161

#Aux Guiding elements
"AuxGuides"
1
17
80 215
83 215
134 150
157 134
196 118
212 115
223 115 
235 119
266 129
266 127
235 116
223 113
212 113
196 116
157 132
134 147
80 215


# Offset On Limit 1
"MfgOffsetOnRelim1"
0

# Offset On Limit 2
"MfgOffsetOnRelim2"
1
4
194 174
246 174
246 174
248 174

# Hardness on Top
"MfgHardnessOnTop"
0

# Hardness on Bottom
"MfgHardnessOnBottom"
0

# Offset on Top
"MfgGlobalOffsetOnTop"
0

# Offset Axial 1
"MfgOffsetAxial1"
1
4
217 89
217 39
217 89
217 97

# Offset Axial 2
"MfgOffsetAxial2"
1
4
108 240
148 240
108 240
108 181

# Material Side
"MaterialSide"
1
8
33 66
28 62
28 57
32 54
36 54
41 57
41 62
37 66
33 66


