# bitmap Profile contouring feature with Soft Bottom/Hard Top/Past Start/To End

# Top limit
"Top"
1
8
207 92
227 80
232 79
250 89
250 90
227 103
226 103
207 92

# Check elements
"Checks"
9
13
122 82
122 71
123 71
123 72
125 74
125 75
131 84
136 92
140 102
143 109
143 115
138 107
122 82
8
146 119
146 112
150 115
150 116
152 116
152 122
147 120
146 119
8
155 123
155 117
164 116
166 115
174 114
174 119
159 122
155 123
15
140 93
141 98
144 103
144 105
147 109
154 115
167 112
174 111
176 103
175 98
170 87
147 92
145 92
145 93
140 93
14
129 76
138 90
138 91
166 85
168 85
168 83
160 70
156 79
147 81
144 81
143 82
138 82
134 79
129 76
6
123 67
123 66
127 66
127 68
126 71
123 67
13
132 68
137 71
148 71
153 69
156 66
156 64
154 61
149 59
137 59
133 61
131 63
132 64
132 68
8
141 79
141 76
142 75
150 74
153 74
153 77
148 78
141 79
8
129 73
129 70
133 72
134 72
138 76
138 78
137 78
129 73

#Guiding elements
"Guides"
1
35
48 170
100 142
101 141
113 137
130 134
144 133
154 133
155 133
163 134
184 139
203 147
230 163
240 169
241 170
244 170
245 169
245 185
244 185
222 172
199 159
179 152
178 152
177 151
147 147
146 147
145 148
129 148
128 149
120 150
112 152
107 153
92 159
46 185
46 169
48 170

# Bottom plane
"Bottom"
1
8
127 192
149 179
152 179
170 189
170 190
147 203
146 203
127 192

# Start limit
"Limit1"
1
12
248 186
248 166
245 166
244 167
244 162
245 161
260 152
260 170
257 174
257 180
256 181
248 186

# End limit
"Limit2"
1
9
31 179
31 152
32 153
47 161
47 167
46 166
43 166
43 186
31 179

# Offset On Limit 1
"MfgOffsetOnRelim1"
1
4
231 255
288 255
231 255
217 246

# Offset On Limit 2
"MfgOffsetOnRelim2"
1
4
25 236
75 236
75 236
90 227



# Hardness on Top
"MfgHardnessOnTop"
1
1
170 32

# Hardness on Bottom
"MfgHardnessOnBottom"
1
1
103 235

# Offset on Top
"MfgGlobalOffsetOnTop"
1
1
2 12

# Offset Axial 1
"MfgOffsetAxial1"
0

# Offset Axial 2
"MfgOffsetAxial2"
0
