# bitmap Profile contouring feature 

# Top limit
"Top"
0

# Check elements
"Checks"
12
10
65 70
65 89
103 104
103 94
106 94
106 106
120 110
120 98
102 84
65 70
5
121 99
121 112 
132 112
132 103
121 99
5
134 103 
134 112
150 105
150 97
134 103
9
107 84
121 97
123 97 
134 101
150 95
149 88 
132 74
108 84
107 84
4
67 68
77 72 
74 66
67 68
5
76 61
76 66
78 68
78 63
76 61
5
79 67
79 72
95 74
95 69
79 67
5
83 75
102 82
102 75
96 77
83 75
5
97 68
97 74
102 73
102 66
97 68
5
105 65
105 71
109 70
109 65
105 65
6
105 74
105 82
129 73
111 66
111 71
105 74
8
78 60
88 64 
102 64
107 61
107 59
99 55
88 55
79 60

#Guiding elements
"Guides"
2
5
84 127
84 129
127 113
122 113
84 127
13
151 101
151 103
188 90
196 88
218 88
228 90
255 101
255 99
228 87
218 86
196 86
188 87
151 101

# Bottom plane
"Bottom"
0

# Start limit
"Limit1"
1
5
261 106
261 122
265 122
265 106
261 106

# End limit
"Limit2"
1
5
66 157
69 157
69 215
66 215
66 157

#Aux Guiding elements
"AuxGuides"
1
17
70 211
73 211
124 146
147 130
186 114
202 111
213 111 
225 114
256 125
256 123
225 112
213 109
202 109
186 112
147 128
124 143
70 211

# Offset On Limit 1
"MfgOffsetOnRelim1"
1
4
229 151
274 151
274 151
276 151

# Offset On Limit 2
"MfgOffsetOnRelim2"
1
4
186 170
237 170
237 170
239 170

# Hardness on Top
"MfgHardnessOnTop"
0

# Hardness on Bottom
"MfgHardnessOnBottom"
0

# Offset on Top
"MfgGlobalOffsetOnTop"
0

# Offset Axial 1
"MfgOffsetAxial1"
1
4
208 84
208 34
208 84
208 94

# Offset Axial 2
"MfgOffsetAxial2"
1
4
95 255
95 196
95 196
95 182

# Material Side
"MaterialSide"
1
8
33 66
28 62
28 57
32 54
36 54
41 57
41 62
37 66
33 66


