# bitmap Profile contouring feature 

# Top limit
"Top"
0

# Check elements
"Checks"
13
7
121 75
137 87
149 92
166 86
164 78
147 65
121 75
5
137 90
137 102
148 102
148 94
137 90
5
149 94
149 102
166 96
166 88
149 94
17
81 61
81 80
98 80
104 83
104 88
118 94
118 84
121 84 
121 95
135 101
135 89
132 88
120 77
118 77
118 75
116 75
81 61
6
120 65
120 73
144 64
127 56
127 62
120 65
7
99 66
116 73
118 73
118 66
112 68
109 68
96 65
4
83 59
93 63
90 58
83 59
6
95 58
95 63
110 65
110 60
105 58
95 58
5
92 54
92 58
93 60
93 55
92 54
5
112 60
112 65
118 63
118 57
112 60
5
121 56
121 62
125 61
125 56
121 56
12
103 47
98 49
94 50
94 55
95 55
95 57
107 57
118 55
121 50
115 46
104 46
103 47
4
121 53
122 55
122 55
121 53

#Guiding elements
"Guides"
4
5
69 131
69 134
80 130
80 126
69 131
5
104 117
104 120
147 104
136 104
104 117
9
169 92
169 94
184 91
202 91
209 93
209 91
205 88
182 87
169 92
5
233 99
233 103
240 104
240 101
233 99

# Bottom plane
"Bottom"
1
10
53 219
68 225 
77 225
90 219
102 206
109 196
97 191 
86 189 
75 190
53 219

# Start limit
"Limit1"
1
5
245 107
245 129
249 127
249 109
245 107

# End limit
"Limit2"
1
5
48 160
48 216
54 218
54 160
51 160

#Aux Guiding elements
"AuxGuides"
0

# Offset On Limit 1
"MfgOffsetOnRelim1"
1
4
204 157
247 157
247 157
249 157

# Offset On Limit 2
"MfgOffsetOnRelim2"
1
4
158 197
212 197
212 197
214 197

# Hardness on Top
"MfgHardnessOnTop"
0

# Hardness on Bottom
"MfgHardnessOnBottom"
0

# Offset on Top
"MfgGlobalOffsetOnTop"
0

# Offset Axial 1
"MfgOffsetAxial1"
1
4
191 89
191 39
191 89
191 96

# Offset Axial 2
"MfgOffsetAxial2"
0
