# bitmap Trochoid feature

#Guiding elements
"Guides"
1
36
47 208
47 178
66 167
90 153
103 147
120 142
136 140
145 140
156 140
163 141
164 141
174 142
175 142
191 147
192 147
206 154
247 178
247 208
246 208
205 184
204 184
186 176
184 176
183 175
174 173
167 172
160 171
132 171
131 172
118 173
117 174
104 177
95 182
90 184
72 194
47 208

# Bottom plane  
"Bottom"
3
41
93 201
91 199
92 197
96 197
96 195
101 195 
101 193
125 184
131 183
134 182
160 182
175 187
177 187
186 190
222 212
219 214
219 221
222 224
217 227
217 211
215 211
215 210
213 210 
213 208
212 208
212 207
209 207
209 206
197 200
192 198
183 194
178 192
161 188
161 188
130 188
130 188
124 189
119 190
115 193
103 197
93 202
32
224 209
189 189
175 184
157 180
133 180
133 181
123 182
122 183
117 184
116 185
99 191
98 192
94 191
90 197
87 198
83 196
74 195
94 184
104 180
124 175
136 174
162 174
173 176
185 179
186 179
193 182
194 182
205 188
206 188
238 207
227 208
224 209
7
74 225
46 211
59 204
59 208
64 213
73 218
74 225

# Start limit
"Limit1"
2
10
213 239
213 217
214 217 
214 216 
216 216 
216 231
218 231
226 226
232 228
213 239
11
249 211
249 179
259 173
261 173
261 212
260 212
259 213
259 214
257 214
254 216
249 211# End limit
"Limit2"
1
15
32 210
32 172
33 172
44 178
44 210
44 211
44 212
76 230
76 213
77 213
77 214
80 216
80 238
33 211
33 210


# Offset On Limit 1
"MfgOffsetOnRelim1"
0

# Offset On Limit 2
"MfgOffsetOnRelim2"
1
4
20 259
73 259
73 259
93 246

# Top limit
"Top"
0

# Check elements
"Checks"
0


# Hardness on Top
"MfgHardnessOnTop"
0

# Hardness on Bottom
"MfgHardnessOnBottom"
0

# Offset on Top
"MfgGlobalOffsetOnTop"
0

# Offset Axial 1
"MfgOffsetAxial1"
0

# Offset Axial 2
"MfgOffsetAxial2"
0
