# bitmap Profile contouring feature 

# Top limit
"Top"
0

# Check elements
"Checks"
10
10
53 75
53 94
89 109
89 99
92 99 
92 110
106 115
106 103
90 91
53 75
5
108 104
108 117 
119 117
119 108
108 104
5
121 108 
121 118
138 110
138 102
121 108
8
93 89
108 102
109 102 
120 106
137 100
134 92
119 79
93 89
4
54 73
63 77 
61 71
54 73
5
67 72
67 78
82 80
82 75
67 72
5
84 75
84 80
96 76
96 71
84 75
5
70 80
89 88
89 80
84 82
70 80
6
92 79
92 88
116 78
98 71
98 78
92 79
10
66 66
74 70
89 70 
94 67 
94 64
84 60
77 60
77 61
70 61
66 66


#Guiding elements
"Guides"
3
5
73 133 
73 136
114 119
110 119
73 133
11
140 107 
140 110
176 95
186 93
201 93
212 95 
212 93
201 91
186 91
176 93
140 107
5
236 99
236 102
243 107
243 104
236 99


# Bottom plane
"Bottom"
2
5
57 221 
64 224
85 198
72 201
57 221
8
67 225
72 227 
72 227
92 222
101 213
111 200
87 198
67 225

# Start limit
"Limit1"
1
5
247 112
247 131
253 128
253 110
247 112

# End limit
"Limit2"
1
5
52 160
52 220
57 222
57 162
52 160

#Aux Guiding elements
"AuxGuides"
0

# Offset On Limit 1
"MfgOffsetOnRelim1"
1
4
212 161
255 161
255 161
257 161

# Offset On Limit 2
"MfgOffsetOnRelim2"
1
4
172 176
225 176
225 176
227 176

# Hardness on Top
"MfgHardnessOnTop"
0

# Hardness on Bottom
"MfgHardnessOnBottom"
0

# Offset on Top
"MfgGlobalOffsetOnTop"
0

# Offset Axial 1
"MfgOffsetAxial1"
1
4
192 91
192 41
192 91
192 98

# Offset Axial 2
"MfgOffsetAxial2"
0
