# bitmap Isopar Machining feature 

# Part Elements
"Parts"
3
13
145 179
83 158
79 162
75 162
69 156
53 159
37 169
31 178
36 183
36 186
126 217
131 197
137 186
11
129 218
139 220
158 220
168 218
167 206
161 192
152 182
148 180
146 181
139 188
132 201
16
151 179
207 158
211 162
215 162
220 157
220 155
233 156
249 163
257 171
259 177
254 182
254 185
171 217
170 206
162 189
152 179

# Check elements
"Checks"
9
19
65  115
97  129
97  130
98  130
98  131
99  131
99  132
100 132
100 133
102 133
102 134
103 134
103 135
105 135
105 136
107 136
107 147
65  130
65  115
9
109 137
109 147
119 147
119 139
114 139
114 138
110 139
110 137
109 137
20
121 139
121 147
122 147
122 146
124 146
124 147
127 145
127 144
129 144
129 143
130 143
130 135
130 136
127 136
127 137
125 137
125 138
122 138
122 139
121 139
34
66  113
68  113
68  112
70  112
70  111
73  111
73  110
75  110
75  117
77  117
77  118
79  118
79  119
82  119
82  120
84  120
84  121
100  121
100 120
102 120
102 119
104 119
104 118
106 118
106 117
107 117
107 112
108 112
118 117
118 118
97  127
96  127
66  114
66  113
21
98  128
101 131
103 131
103 132
104 132
104 133
108 135
111 135
111 136
115 136
115 137
121 137
121 136
124 136
130 133
130 131
129 129
128 129
128 127
120 119
98  128
6
77  113
84  116
84  117
85  117
85  119
77  115
4
87  117
98  117
98  119
87  119
6
100  116
104 114
105 114
105 116
101 118
100  118
15
77  107
77  111
80  113
83  113
83  114
85  115
99  115
104 112
105 112
105 108
104 108
104 107
96  103
85  103
78  107

# Corners :
# 1st corner : left-down
# 2nd corner : left-up
# 3rd corner : right-down
# 4th corner : right-up

"Corners"
4
8
24 183
27 180
31 180
34 183
34 188
31 191
27 191
24 188
8
72 152
75 149
79 149
82 152
82 157
79 159
75 159
72 157
8
256 182
259 179
263 179
266 182
266 187
263 190
259 190
256 187
8
208 152
211 149
215 149
218 152
218 157
215 160
211 160
208 157
