# bitmap Lathe Recessing feature
#p 232 220,232 232,244 232,244 220
#s 180 140,180 152,192 152,192 140
 
# Part
"Parts"
1
18
119 187
116 177
117 166
122 155
128 147
134 139
148 131
151 141
156 148
159 152
152 156
146 162
142 168
139 174
139 181
140 187
134 186
125 185

# Stock
"Stocks"
1
9
148 112
152 112
162 113
168 115
172 118
245 171
237 171
234 172
232 173

# Local Plane
"LocalPlane"
1
18
205 273
218 269
216 268
252 240
288 269
286 272
298 275
293 264
291 267
254 236
254 184
256 184
251 173
247 184
250 184
250 236
212 265
210 263




