# bitmap Profile contouring feature with Soft Bottom/Hard Top/Past Start/Past End

# Top limit
"Top"
1
8
213 88
233 76
238 75
257 86
255 86
233 99
232 99
213 88

# Check elements
"Checks"
9
13
123 82
123 71
124 71
124 72
126 74
126 75
132 84
137 92
141 102
144 109
144 115
139 107
123 82
8
147 119
147 112
151 115
151 116
153 116
153 122
148 120
147 119
8
156 123
156 117
165 116
167 115
175 114
175 119
160 122
156 123
15
141 93
142 98
145 103
145 105
148 109
155 115
168 112
175 111
177 103
176 98
171 87
148 92
146 92
146 93
141 93
14
130 76
139 90
139 91
167 85
169 85
169 83
161 70
157 79
148 81
145 81
144 82
139 82
135 79
130 76
6
124 67
124 66
128 66
128 68
127 71
124 67
13
133 68
138 71
149 71
154 69
157 66
157 64
155 61
150 59
138 59
134 61
132 63
133 64
133 68
8
142 79
142 76
143 75
151 74
154 74
154 77
149 78
142 79
8
130 73
130 70
134 72
135 72
139 76
139 78
138 78
130 73

#Guiding elements
"Guides"
1
44
47 183
47 169
48 170
50 170
51 169
64 162
75 155
84 151
84 150
85 150
92 145
108 139
118 136
132 134
146 133
155 133
156 134
164 134
180 138
181 138
196 143
221 157
241 169
242 170
245 170
246 169
246 185
245 185
218 169
200 159
199 159
185 153
172 150
158 148
132 148
131 149
118 150
117 151
105 154
89 161
65 175
58 179
49 184
47 183

# Bottom plane
"Bottom"
1
8
119 195 
139 183
144 182
163 193
161 193
139 206
138 206
119 195

# Start limit
"Limit1"
1
11
249 186
249 166
246 166
245 167
245 162
261 152
261 170
258 174
258 180
257 181
249 186

# End limit
"Limit2"
1
16
42 179
42 169
41 169
39 166
38 166
36 164
33 164
32 163
32 153
48 162
48 167
47 166
44 166
44 180
43 180
42 179

# Offset On Limit 1
"MfgOffsetOnRelim1"
1
4
230 253
274 253
230 253
217 246

# Offset On Limit 2
"MfgOffsetOnRelim2"
1
4
11 245
60 245
60 245
75 237



# Hardness on Top
"MfgHardnessOnTop"
1
1
170 12

# Hardness on Bottom
"MfgHardnessOnBottom"
1
1
103 253

# Offset on Top
"MfgGlobalOffsetOnTop"
1
1
2 12

# Offset Axial 1
"MfgOffsetAxial1"
0

# Offset Axial 2
"MfgOffsetAxial2"
0
