# bitmap Profile contouring feature with Hard Bottom and Hard Top

# Top limit
"Top"
1
7
224 92
247 78
268 90
267 90
244 103
243 103
224 92

# Check elements
"Checks"
9
13
123 82
123 71
124 71
124 72
126 74
126 75
132 84
137 92
141 102
144 109
144 115
139 107
123 82
8
147 119
147 112
151 115
151 116
153 116
153 122
148 120
147 119
8
156 123
156 117
165 116
167 115
175 114
175 119
160 122
156 123
15
141 93
142 98
145 103
145 105
148 109
155 115
168 112
175 111
177 103
176 98
171 87
148 92
146 92
146 93
141 93
14
130 76
139 90
139 91
167 85
169 85
169 83
161 70
157 79
148 81
145 81
144 82
139 82
135 79
130 76
6
124 67
124 66
128 66
128 68
127 71
124 67
13
133 68
138 71
149 71
154 69
157 66
157 64
155 61
150 59
138 59
134 61
132 63
133 64
133 68
8
142 79
142 76
143 75
151 74
154 74
154 77
149 78
142 79
8
130 73
130 70
134 72
135 72
139 76
139 78
138 78
130 73

#Guiding elements 
"Guides"
2
44
74 173
49 188
47 182
47 169
51 169
67 160
68 160
69 159
79 153
97 143
106 139
121 135
142 133
158 133
159 134
166 134
167 135
171 135
194 142
199 145
200 145
200 149
197 152
196 152
193 156
193 158
192 159
190 159
178 155
159 152
145 152
144 151
139 151
138 152
123 153
122 154
111 156
110 157
100 159
100 160
86 166
85 167
75 173
74 173
9
228 179
228 161
243 170
245 170
246 169
246 189
245 188
244 188
228 179

# Bottom plane 
"Bottom"
3
31
81 211
71 205
60 199
60 198
75 189
91 180
100 178
101 177
101 176
100 175
102 174
118 168
124 166
136 164
160 164
182 170
192 174
192 183
197 190
202 193
213 194
197 203
168 186
159 182
152 181
138 181
137 182
130 183
129 184
82 211
81 211
31
75 186
57 197
49 192
49 191
73 177
75 176
92 166
104 161
124 156
142 154
163 155
172 157
176 157
191 162
192 162
192 171
184 167
183 168
179 166
158 161
134 161
133 162
123 163
122 164
101 171
100 173
99 172
98 173
95 172
88 179
75 186
9
199 204
221 192
226 188
228 182
229 182
245 192
212 211
211 211
199 204

# Start limit
"Limit1"
1
9
213 219
213 213
249 193
249 166
245 166
245 161
261 152
261 191
213 219

# End limit 
"Limit2"
3
13
42 179
42 169
37 164
34 164
32 163
32 152
47 161
48 162
48 167
46 165
44 167
44 180
42 179
6
49 201
49 195
54 198
52 200
50 201
49 201
7
80 219
53 203
52 203
56 199
57 200
80 213
80 219

# Offset On Limit 1
"MfgOffsetOnRelim1"
1
4
231 240
271 240
231 240
195 221

# Offset On Limit 2
"MfgOffsetOnRelim2"
1
4
27 244
62 244
62 244
84 231

# Hardness on Top
"MfgHardnessOnTop"
1
1
170 12

# Hardness on Bottom
"MfgHardnessOnBottom"
1
1
103 253

# Offset on Top
"MfgGlobalOffsetOnTop"
1
1
2 12

# Offset Axial 1
"MfgOffsetAxial1"
0

# Offset Axial 2
"MfgOffsetAxial2"
0
