# bitmap Trochoid feature

#Guiding elements
"Guides"
1
36
47 208
47 178
66 167
90 153
103 147
120 142
136 140
145 140
156 140
163 141
164 141
174 142
175 142
191 147
192 147
206 154
247 178
247 208
246 208
205 184
204 184
186 176
184 176
183 175
174 173
167 172
160 171
132 171
131 172
118 173
117 174
104 177
95 182
90 184
72 194
47 208

# Bottom plane
"Bottom"
4
7
75 225
48 211
60 204
60 208
65 213
74 218
75 225
33
93 202
92 200
92 199
98 198
99 197
100 197
101 197
102 197
102 194
100 194
121 186
125 185
131 184
134 183
160 183
175 187
177 187
186 190
197 197
198 197
197 200
192 198
183 194
178 192
161 188
161 188
130 188
130 188
124 189
119 190
115 193
103 197
93 202
8
218 227
218 213
221 211
226 208
228 203
228 200
246 211
218 227
28
88 198
85 196
75 195
95 184
107 179
121 176
125 175
137 174
163 174
163 175
171 175
190 180
190 181
192 181
214 192
207 191
207 192
199 194
180 185
158 180
134 180
133 181
120 183
119 184
99 192
94 191
94 193
88 198

# Start limit
"Limit1"
1
13
214 237
214 217
217 216
217 230
219 230  
249 213
250 210
250 178
260 172
262 172
262 210
259 212
214 238

# End limit
"Limit2"
1
13
33 210
33 172
34 172
45 178
45 210
45 211
45 212
77 230
77 215
81 216
81 238
34 211
33 210

# Offset On Limit 1
"MfgOffsetOnRelim1"
1
4
226 259
284 259
226 259
204 246

# Offset On Limit 2
"MfgOffsetOnRelim2"
1
4
20 259
73 259
73 259
93 246


# Useless 
# Top limit
"Top"
0

# Check elements
"Checks"
0

# Hardness on Top
"MfgHardnessOnTop"
0

# Hardness on Bottom
"MfgHardnessOnBottom"
0

# Offset on Top
"MfgGlobalOffsetOnTop"
0

# Offset Axial 1
"MfgOffsetAxial1"
0

# Offset Axial 2
"MfgOffsetAxial2"

