# bitmap Profile contouring feature with Hard Bottom/Hard Top/Past Start/To End

# Top limit
"Top"
1
8
212 93
230 82
236 80
237 80
256 91
232 104
231 104
212 93

# Check elements
"Checks"
9
13
122 82
122 71
123 71
123 72
125 74
125 75
131 84
136 92
140 102
143 109
143 115
138 107
122 82
8
146 119
146 112
150 115
150 116
152 116
152 122
147 120
146 119
8
155 123
155 117
164 116
166 115
174 114
174 119
159 122
155 123
15
140 93
141 98
144 103
144 105
147 109
154 115
167 112
174 111
176 103
175 98
170 87
147 92
145 92
145 93
140 93
14
129 76
138 90
138 91
166 85
168 85
168 83
160 70
156 79
147 81
144 81
143 82
138 82
134 79
129 76
6
123 67
123 66
127 66
127 68
126 71
123 67
13
132 68
137 71
148 71
153 69
156 66
156 64
154 61
149 59
137 59
133 61
131 63
132 64
132 68
8
141 79
141 76
142 75
150 74
153 74
153 77
148 78
141 79
8
129 73
129 70
133 72
134 72
138 76
138 78
137 78
129 73

#Guiding elements KO
"Guides"
2
6
46 189
58 182
58 165
57 165
48 170
46 169
33
93 162
114 155
131 152
148 152
149 151
156 152
173 154
190 159
191 159
191 160
209 168
210 169
245 189
245 169
244 170
239 168
199 145
188 140
165 134
149 133
136 133
135 134
126 134
120 135
103 140
102 140
87 148
86 149
86 153
87 154
91 157
93 160
93 162

# Bottom plane 
"Bottom"
3
9
47 192
58 185
59 191
60 191
63 194
86 208
80 211
48 193
47 192
30
89 206
124 186
130 183
139 181
154 181
155 182 
162 183
196 203
209 210
210 211
211 211
232 199
232 198
191 174
179 169
157 164
132 164
131 165
122 166
100 174
98 175
100 176
99  178
93 179
93 189
90 193
83 197
72 197
88 207
89 206
31
191 171
200 177
209 181
235 197
244 192
235 186
203 168
192 163
191 162
177 158
152 154
138 155
128 155
121 157
115 158
112 158
93 165
93 174
95 172
96 173
109 168
123 163
136 161
159 161
160 162
167 163
168 164
175 165
176 166
191 170
191 171

# Start limit 
"Limit1"
2
6
212 219
212 213
235 200
240 203
215 217
212 219
14
237 198
248 193
248 166
244 166
244 161
260 152
260 170
257 174
257 183
251 188
249 194
249 197
244 201
237 198

# End limit
"Limit2"
1
14
31 191
31 152
47 162
47 167
46 166
43 166
43 192
44 192
44 193
66 206
78 213
79 213
79 219
31 191

# Offset On Limit 1
"MfgOffsetOnRelim1"
1
4
229 252
270 252
229 252
206 239

# Offset On Limit 2
"MfgOffsetOnRelim2"
1
4
55 232
82 232
82 232
98 222




# Hardness on Top
"MfgHardnessOnTop"
1
1
170 12

# Hardness on Bottom
"MfgHardnessOnBottom"
1
1
103 253

# Offset on Top
"MfgGlobalOffsetOnTop"
1
1
2 12

# Offset Axial 1
"MfgOffsetAxial1"
0

# Offset Axial 2
"MfgOffsetAxial2"
0
