# bitmap Lathe Grooving feature
# part 210 187,210 199,222 199,222 187
# sto  180 90,180 102,192 102,192 90

# Part
"Parts"
1
19
153 89
159 126
149 131
144 139
140 146
137 152
137 159
137 164
100 183
99 173
100 162
102 149
106 138
113 127
120 119
127 109
137 101
143 96
149 91


# End limit
"EndElement"
1
4
125 43
126 7
156 2
156 35


# Stock
"Stocks"
1
11
158 87
166 84
175 83
184 83
189 85
193 88
227 113
221 113
213 113
207 114
198 116

# Local Plane
"LocalPlane"
1
18
205 273
218 269
216 268
252 240
288 269
286 272
298 275
293 264
291 267
254 236
254 184
256 184
251 173
247 184
250 184
250 236
212 265
210 263




