# bitmap Profile contouring feature with Hard Bottom/Hard Top/On Start/Past End

# Top limit
"Top"
2
20
46 157
34 150
51 140
72 128
93 117
118 111
136 109
138 109
140 112
143 118
133 118
132 119
125 119
124 120
115 121
114 122
107 124
96 128
82 136
46 157
14
247 156
208 133
196 127
182 122
177 121
179 120
180 112
193 115
215 123
252 145
261 150
260 150
249 157
247 156

# Check elements
"Checks"
9
13
124 82
124 71
125 71
125 72
127 74
127 75
133 84
138 92
142 102
145 109
145 115
140 107
124 82
8
148 119
148 112
152 115
152 116
154 116
154 122
149 120
148 119
8
157 123
157 117
166 116
168 115
176 114
176 119
161 122
157 123
15
142 93
143 98
146 103
146 105
149 109
156 115
169 112
176 111
178 103
177 98
172 87
149 92
147 92
147 93
142 93
14
131 76
140 90
140 91
168 85
170 85
170 83
162 70
158 79
149 81
146 81
145 82
140 82
136 79
131 76
6
125 67
125 66
129 66
129 68
128 71
125 67
13
134 68
139 71
150 71
155 69
158 66
158 64
156 61
151 59
139 59
135 61
133 63
134 64
134 68
8
143 79
143 76
144 75
152 74
155 74
155 77
150 78
143 79
8
131 73
131 70
135 72
136 72
140 76
140 78
139 78
131 73

#Guiding elements
"Guides"
1
36
47 189
47 159
66 148
90 134
103 128
120 123
136 121
145 121
154 126
163 125
164 124
174 123
175 123
191 128
192 128
206 135
247 159
247 189
246 189
205 165
204 165
186 157
184 157
183 156
174 154
167 153
160 152
132 152
131 153
118 154
117 155
104 158
95 163
90 165
72 175
47 189

# Bottom plane KO
"Bottom"
2
27
198 203
213 211
223 205
220 199
223 192
199 178
199 177
197 177
183 170
163 165
157 164
134 164
125 166
120 167
100 175
102 178
99 178
92 180
61 198
61 199
82 211
127 185
140 181
156 181
157 182
163 183
198 203
31
57 197
48 192
95 165
107 160
125 156
137 155
163 155
176 157
189 161
209 170
214 173
241 189
235 188
227 191
201 176
200 175
199 175
188 169
172 164
157 161
134 161
133 162
120 164
119 165
96 174
96 172
94 172
94 175
89 179
88 179
57 197

# Start limit 
"Limit1"
2
5
214 219
214 213
226 206
233 208
214 219
7
253 196
261 192
260 153
250 159
250 192
253 196

# End limit 
"Limit2"
2
13
33 191
33 153
34 153
44 159
44 191
45 192
45 193
54 198
54 199
51 201
49 201
34 192
33 191
7
53 203
79 218
80 218
80 213
58 200
57 200
53 203

# Offset On Limit 1
"MfgOffsetOnRelim1"
0

# Offset On Limit 2
"MfgOffsetOnRelim2"
1
4
20 239
70 239
70 239
78 235


# Hardness on Top
"MfgHardnessOnTop"
1
1
170 12

# Hardness on Bottom
"MfgHardnessOnBottom"
1
1
103 253

# Offset on Top
"MfgGlobalOffsetOnTop"
1
1
2 12

# Offset Axial 1
"MfgOffsetAxial1"
0

# Offset Axial 2
"MfgOffsetAxial2"
0
