CATRouPartNumber	CATRouSize	CATRouOutsideHeight (in)	CATRouOutsideWidth (in)	Depth (in)	Width (in)	Thickness (in)
W36X300	36"x300"	36	300.000	36.75	16.625	1.6875
W36X280	36"x280"	36	280.000	36.5	16.625	1.5625
W36X260	36"x260"	36	260.000	36.25	16.5	1.4375
W36X245	36"x245"	36	245.000	36	16.5	1.375
W36X230	36"x230"	36	230.000	35.875	16.5	1.25
W36X194	36"x194"	36	194.000	36.5	12.125	1.25
W36X182	36"x182"	36	182.000	36.375	12.125	1.1875
W36X170	36"x170"	36	170.000	36.125	12	1.125
W36X160	36"x160"	36	160.000	36	12	1
W36X150	36"x150"	36	150.000	35.875	12	0.9375
W36X135	36"x135"	36	135.000	35.5	12	0.8125
W33X240	33"x240"	33	240.000	33.5	15.875	1.375
W33X220	33"x220"	33	220.000	33.25	15.75	1.25
W33X200	33"x200"	33	200.000	33	15.75	1.125
W33X152	33"x152"	33	152.000	33.5	11.625	1.0625
W33X141	33"x141"	33	141.000	33.25	11.5	0.9375
W33X130	33"x130"	33	130.000	33.125	11.5	0.875
W33X118	33"x118"	33	118.000	32.875	11.5	0.75
W30X210	30"x210"	30	210.000	30.375	15.125	1.3125
W30X190	30"x190"	30	190.000	30.125	15	1.1875
W30X172	30"x172"	30	172.000	29.875	15	1.0625
W30X132	30"x132"	30	132.000	30.25	10.5	1
W30X124	30"x124"	30	124.000	30.125	10.5	0.9375
W30X116	30"x116"	30	116.000	30	10.5	0.875
W30X108	30"x108"	30	108.000	29.875	10.5	0.75
W30X99	30"x99"	30	99.000	29.625	10.5	0.6875
W27X177	27"x177"	27	177.000	27.25	14.125	1.1875
W27X160	27"x160"	27	160.000	27.125	14	1.0625
W27X145	27"x145"	27	145.000	26.875	14	1
W27X114	27"x114"	27	114.000	27.25	10.125	0.9375
W27X102	27"x102"	27	102.000	27.125	10	0.8125
W27X94	27"x94"	27	94.000	26.875	10	0.75
W27X84	27"x84"	27	84.000	26.75	10	0.625
W24X160	24"x160"	24	160.000	24.75	14.125	1.125
W24X145	24"x145"	24	145.000	24.5	14	1
W24X130	24"x130"	24	130.000	24.25	14	0.875
W24X120	24"x120"	24	120.000	24.25	12.125	0.9375
W24X110	24"x110"	24	110.000	24.125	12	0.875
W24X100	24"x100"	24	100.000	24	12	0.75
W24X94	24"x94"	24	94.000	24.25	9	0.875
W24X84	24"x84"	24	84.000	24.125	9	0.75
W24X76	24"x76"	24	76.000	23.875	9	0.6875
W24X68	24"x68"	24	68.000	23.75	9	0.5625
W24X61	24"x61"	24	61.000	23.75	7	0.5625
W24X55	24"x55"	24	55.000	23.5	7	0.5
W21X142	21"x142"	21	142.000	21.5	13.125	1.125
W21X127	21"x127"	21	127.000	21.25	13	1
W21X112	21"x112"	21	112.000	21	13	0.875
W21X96	21"x96"	21	96.000	21.125	9	0.9375
W21X82	21"x82"	21	82.000	20.875	9	0.8125
W21X73	21"x73"	21	73.000	21.25	8.25	0.75
W21X68	21"x68"	21	68.000	21.125	8.25	0.6875
W21X62	21"x62"	21	62.000	21	8.25	0.625
W21X55	21"x55"	21	55.000	20.75	8.25	0.5
W21X49	21"x49"	21	49.000	20.875	6.5	0.5625
W21X44	21"x44"	21	44.000	20.625	6.5	0.4375
W18X114	18"x114"	18	114.000	18.5	11.875	1
W18X105	18"x105"	18	105.000	18.375	11.75	0.9375
W18X96	18"x96"	18	96.000	18.125	11.75	0.8125
W18X85	18"x85"	18	85.000	18.375	8.875	0.9375
W18X77	18"x77"	18	77.000	18.125	8.75	0.8125
W18X70	18"x70"	18	70.000	18	8.75	0.75
W18X64	18"x64"	18	64.000	17.875	8.75	0.6875
W18X60	18"x60"	18	60.000	18.25	7.5	0.6875
W18X55	18"x55"	18	55.000	18.125	7.5	0.625
W18X50	18"x50"	18	50.000	18	7.5	0.5625
W18X45	18"x45"	18	45.000	17.875	7.5	0.5
W18X40	18"x40"	18	40.000	17.875	6	0.5
W18X35	18"x35"	18	35.000	17.75	6	0.4375
W16X96	16"x96"	16	96.000	16.375	11.5	0.875
W16X88	16"x88"	16	88.000	16.125	11.5	0.8125
W16X78	16"x78"	16	78.000	16.375	8.625	0.875
W16X71	16"x71"	16	71.000	16.125	8.5	0.8125
W16X64	16"x64"	16	64.000	16	8.5	0.6875
W16X58	16"x58"	16	58.000	15.875	8.5	0.625
W16X50	16"x50"	16	50.000	16.25	7.875	0.625
W16X45	16"x45"	16	45.000	16.125	7	0.5625
W16X40	16"x40"	16	40.000	16	7	0.5
W16X36	16"x36"	16	36.000	15.875	7	0.4375
W16X31	16"x31"	16	31.000	15.875	5.5	0.4375
W16X26	16"x26"	16	26.000	15.625	5.5	0.375
W14X730	14"x730"	14	730.000	22.5	17.875	4.9375
W14X665	14"x665"	14	665.000	21.625	17.625	4.5
W14X605	14"x605"	14	605.000	21	17.375	4.1875
W14X550	14"x550"	14	550.000	20.25	17.25	3.8125
W14X500	14"x500"	14	500.000	19.875	17	3.5
W14X455	14"x455"	14	455.000	19	16.875	3.1875
W14X426	14"x426"	14	426.000	18.75	16.75	3.0625
W14X398	14"x398"	14	398.000	18.25	16.625	2.8125
W14X370	14"x370"	14	370.000	18	16.5	2.6875
W14X342	14"x342"	14	342.000	17.5	16.375	2.4375
W14X320	14"x320"	14	320.000	16.75	16.75	2.0625
W14X314	14"x314"	14	314.000	17.25	16.25	2.3125
W14X287	14"x287"	14	287.000	16.75	16.125	2.0625
W14X264	14"x264"	14	264.000	16.5	16	1.9375
W14X246	14"x246"	14	246.000	16.25	16	1.8125
W14X237	14"x237"	14	237.000	16.125	15.875	1.75
W14X228	14"x228"	14	228.000	16	15.875	1.6875
W14X219	14"x219"	14	219.000	15.875	15.875	1.625
W14X211	14"x211"	14	211.000	15.75	15.75	1.5625
W14X202	14"x202"	14	202.000	15.625	15.75	1.5
W14X193	14"x193"	14	193.000	15.5	15.75	1.4375
W14X184	14"x184"	14	184.000	15.375	15.625	1.375
W14X176	14"x176"	14	176.000	15.25	15.625	1.3125
W14X167	14"x167"	14	167.000	15.125	15.625	1.25
W14X158	14"x158"	14	158.000	15	15.5	1.1875
W14X150	14"x150"	14	150.000	14.875	15.5	1.125
W14X140	14"x140"	14	142.000	14.75	15.5	1.0625
W14X136	14"x136"	14	136.000	14.75	14.75	1.0625
W14X127	14"x127"	14	127.000	14.625	14.75	1
W14X119	14"x119"	14	119.000	14.5	14.625	0.9375
W14X111	14"x111"	14	111.000	14.375	14.625	0.875
W14X103	14"x103"	14	103.000	14.25	14.625	0.8125
W14X95	14"x95"	14	95.000	14.125	14.5	0.75
W14X87	14"x87"	14	87.000	14	14.5	0.6875
W14X84	14"x84"	14	84.000	14.125	12	0.75
W14X78	14"x78"	14	78.000	14	12	0.6875
W14X74	14"x74"	14	74.000	14.25	10.125	0.8125
W14X68	14"x68"	14	68.000	14	10	0.6875
W14X61	14"x61"	14	61.000	13.875	10	0.625
W14X53	14"x53"	14	53.000	14	8	0.6875
W14X48	14"x48"	14	48.000	13.75	8	0.5625
W14X43	14"x43"	14	43.000	13.625	8	0.5
W14X38	14"x38"	14	38.000	14.125	6.75	0.5
W14X34	14"x34"	14	34.000	14	6.75	0.4375
W14X30	14"x30"	14	30.000	14.875	6.75	0.375
W14X26	14"x26"	14	26.000	13.875	5	0.4375
W14X22	14"x22"	14	22.000	13.75	5	0.3125
W12X190	12"x190"	12	190.000	14.375	12.625	1.75
W12X161	12"x161"	12	161.000	13.875	121.5	1.5
W12X133	12"x133"	12	133.000	13.375	12.375	1.25
W12X120	12"x120"	12	120.000	13.125	12.375	1.125
W12X106	12"x106"	12	106.000	12.875	12.25	1
W12X99	12"x99"	12	99.000	12.75	12.25	0.9375
W12X92	12"x92"	12	92.000	12.625	12.125	0.875
W12X85	12"x85"	12	85.000	12.5	12.125	0.8125
W12X79	12"x79"	12	79.000	12.375	12.125	0.75
W12X72	12"x72"	12	72.000	12.25	12	0.6875
W12X65	12"x65"	12	65.000	12.125	12	0.625
W12X58	12"x58"	12	58.000	12.25	10	0.625
W12X53	12"x53"	12	53.000	12	10	0.5625
W12X50	12"x50"	12	50.000	12.25	8.125	0.625
W12X45	12"x45"	12	45.000	12	8	0.5625
W12X40	12"x40"	12	40.000	12	8	0.5
W12X36	12"x36"	12	36.000	12.25	6.625	0.9375
W12X31	12"x31"	12	31.000	12.125	6.5	0.4375
W12X27	12"x27"	12	27.000	12	6.5	0.375
W12X22	12"x22"	12	22.000	12.25	4	0.4375
W12X19	12"x19"	12	19.000	12.125	4	0.375
W12X16.5	12"x16.5"	12	16.500	12	4	0.25
W12X14	12"x14"	12	14.000	11.875	4	0.25
W10X112	10"x112"	10	112.000	11.375	10.375	1.25
W10X100	10"x100"	10	100.000	11.125	10.375	1.125
W10X89	10"x89"	10	89.000	10.875	10.25	1
W10X77	10"x77"	10	77.000	10.625	10.25	0.875
W10X72	10"x72"	10	72.000	10.5	10.125	0.8125
W10X66	10"x66"	10	66.000	10.375	10.125	0.75
W10X60	10"x60"	10	60.000	10.25	10.125	0.6875
W10X54	10"x54"	10	54.000	10.125	10	0.625
W10X49	10"x49"	10	49.000	10	10	0.5625
W10X45	10"x45"	10	45.000	10.125	8	0.625
W10X39	10"x39"	10	39.000	10	8	0.5
W10X33	10"x33"	10	33.000	9.75	8	0.4375
W10X29	10"x29"	10	29.000	10.25	5.75	0.5
W10X25	10"x25"	10	25.000	10.125	5.75	0.4375
W10X21	10"x21"	10	21.000	9.875	5.75	0.3125
W10X19	10"x19"	10	19.000	10.25	4	0.375
W10X17	10"x17"	10	17.000	10.125	4	0.3125
W10X15	10"x15"	10	15.000	10	4	0.25
W10X11.5	10"x11.5"	10	11.500	9.875	4	0.1875
W8X67	8"x67"	8	67.000	9	8.25	0.9375
W8X58	8"x58"	8	58.000	8.75	8.25	0.8125
W8X48	8"x48"	8	48.000	8.5	8.125	0.6875
W8X40	8"x40"	8	40.000	8.25	8.125	0.5625
W8X35	8"x35"	8	35.000	8.125	8	0.5
W8X31	8"x31"	8	31.000	8	8	0.4375
W8X28	8"x28"	8	28.000	8	6.5	0.4375
W8X24	8"x24"	8	24.000	7.875	6.5	0.375
W8X20	8"x20"	8	20.000	8.125	5.25	0.375
W8X17	8"x17"	8	17.000	8	5.25	0.3125
W8X15	8"x15"	8	15.000	8.125	4	0.3125
W8X13	8"x13"	8	13.000	8	4	0.25
W8X10	8"x10"	8	10.000	7.875	4	0.1875
W6X25	6"x25"	6	25.000	6.375	6.125	0.4375
W6X20	6"x20"	6	20.000	6.25	6	0.375
W6X15.5	6"x15.5"	6	15.500	6	6	0.25
W6X16	6"x16"	6	16.000	6.25	4	0.375
W6X12	6"x12"	6	12.000	6	4	0.25
W6X8.5	6"x8.5"	6	8.500	5.875	4	0.1875
W5X18.5	5"x18.5"	5	18.500	5.125	5	0.4375
W5X16	5"x16"	5	16.000	5	5	0.375
W4X13	4"x13"	4	13.000	4.125	4	0.375
