14 DENEB_PART_FILE
1
-1
0
0
0
21
6
*
13
-149.999985 -37.499996 300.000000
-77.451912 -37.499996 156.698685
-64.951912 -37.499996 174.999954
-64.951912 -37.499996 300.000000
-149.999985 -37.499996 25.000000
-77.451912 -37.499996 25.000000
-149.999985 37.499996 300.000000
-149.999985 37.499996 25.000000
-77.451912 37.499996 25.000000
-77.451912 37.499996 149.999985
-64.951912 37.499996 300.000000
-64.951912 37.499977 175.000000
-74.999992 0.000000 300.000000
0
21
0 1
1 2
2 3
3 0
4 5
5 1
0 4
6 7
7 4
0 6
7 8
8 5
9 8
6 9
6 10
10 11
11 9
6 12
12 10
0 12
3 12
9
3 -20 -4 21
3 -10 20 -18
3 -15 18 19
4 -14 15 16 17
4 13 -11 -8 14
4 -5 -9 11 12
4 8 9 -7 10
4 5 6 -1 7
4 1 2 3 4
0
0
0
6
*
24
-75.777237 43.749981 500.000000
-87.500000 0.000000 500.000000
-75.777222 -43.750000 500.000000
-43.749996 -75.777229 500.000000
0.000000 -87.500000 500.000000
43.750000 -75.777222 500.000000
75.777237 -43.749985 500.000000
87.500000 0.000000 500.000000
75.777214 43.750015 500.000000
43.749989 75.777229 500.000000
0.000000 87.500000 500.000000
-43.750027 75.777206 500.000000
-43.750027 75.777206 375.000000
-75.777237 43.749981 375.000000
0.000000 87.500000 375.000000
43.749989 75.777229 375.000000
75.777214 43.750015 375.000000
87.500000 0.000000 375.000000
75.777237 -43.749985 375.000000
43.750000 -75.777222 375.000000
0.000000 -87.500000 375.000000
-43.749996 -75.777229 375.000000
-75.777222 -43.750000 375.000000
-87.500000 0.000000 375.000000
0
36
0 1
1 2
2 3
3 4
4 5
5 6
6 7
7 8
8 9
9 10
10 11
11 0
12 13
13 0
11 12
14 12
10 14
15 14
9 15
16 15
8 16
17 16
7 17
18 17
6 18
19 18
5 19
20 19
4 20
21 20
3 21
22 21
2 22
23 22
1 23
13 23
13
4 36 -35 -1 -14
4 34 -33 -2 35
4 32 -31 -3 33
4 30 -29 -4 31
4 28 -27 -5 29
4 26 -25 -6 27
4 24 -23 -7 25
4 22 -21 -8 23
4 20 -19 -9 21
4 18 -17 -10 19
4 16 -15 -11 17
4 13 14 -12 15
12 1 2 3 4 5 6 7 8 9 10 11 12
0
0
0
6
*
24
-75.777222 -43.750000 375.000000
-87.500000 0.000000 375.000000
-74.999992 0.000000 350.000000
-64.951897 -37.499996 350.000000
-43.749996 -75.777229 375.000000
-37.499992 -64.951904 350.000000
0.000000 -87.500000 375.000000
0.000000 -74.999992 350.000000
43.750000 -75.777222 375.000000
37.499996 -64.951897 350.000000
75.777237 -43.749985 375.000000
64.951912 -37.499981 350.000000
87.500000 0.000000 375.000000
74.999992 0.000000 350.000000
75.777214 43.750015 375.000000
64.951897 37.500011 350.000000
43.749989 75.777229 375.000000
37.499985 64.951904 350.000000
0.000000 87.500000 375.000000
0.000000 74.999992 350.000000
-43.750027 75.777206 375.000000
-37.500019 64.951881 350.000000
-75.777237 43.749981 375.000000
-64.951912 37.499977 350.000000
0
36
0 1
1 2
2 3
3 0
4 0
3 5
5 4
6 4
5 7
7 6
8 6
7 9
9 8
10 8
9 11
11 10
12 10
11 13
13 12
14 12
13 15
15 14
16 14
15 17
17 16
18 16
17 19
19 18
20 18
19 21
21 20
22 20
21 23
23 22
1 22
23 2
12
4 35 -34 36 -2
4 32 -31 33 34
4 29 -28 30 31
4 26 -25 27 28
4 23 -22 24 25
4 20 -19 21 22
4 17 -16 18 19
4 14 -13 15 16
4 11 -10 12 13
4 8 -7 9 10
4 5 -4 6 7
4 1 2 3 4
0
0
0
6
*
26
-37.500019 64.951881 175.000000
-64.951912 37.499977 175.000000
-64.951912 37.499977 350.000000
-37.500019 64.951881 350.000000
0.000000 74.999992 175.000000
0.000000 74.999992 350.000000
37.499985 64.951904 175.000000
37.499985 64.951904 350.000000
64.951897 37.500011 175.000000
64.951897 37.500011 350.000000
74.999992 0.000000 175.000000
74.999992 0.000000 350.000000
64.951912 -37.499981 175.000000
64.951912 -37.499981 350.000000
37.499996 -64.951897 175.000000
37.499996 -64.951897 350.000000
0.000000 -74.999992 175.000000
0.000000 -74.999992 350.000000
-37.499992 -64.951904 175.000000
-37.499992 -64.951904 350.000000
-64.951897 -37.499996 175.000000
-64.951897 -37.499996 350.000000
-64.951912 37.499977 300.000000
-74.999992 0.000000 300.000000
-74.999992 0.000000 350.000000
-64.951897 -37.499996 300.000000
0
38
0 1
1 2
2 3
3 0
4 0
3 5
5 4
6 4
5 7
7 6
8 6
7 9
9 8
10 8
9 11
11 10
12 10
11 13
13 12
14 12
13 15
15 14
16 14
15 17
17 16
18 16
17 19
19 18
20 18
19 21
21 20
22 23
23 24
24 2
2 22
23 25
25 21
21 24
12
4 36 37 38 -33
4 32 33 34 35
4 29 -28 30 31
4 26 -25 27 28
4 23 -22 24 25
4 20 -19 21 22
4 17 -16 18 19
4 14 -13 15 16
4 11 -10 12 13
4 8 -7 9 10
4 5 -4 6 7
4 1 2 3 4
0
0
0
6
*
24
-75.777237 43.749981 149.999985
-87.500000 0.000000 149.999985
-74.999992 0.000000 174.999985
-64.951912 37.499977 174.999985
-43.750027 75.777206 149.999985
-37.500019 64.951881 174.999985
0.000000 87.500000 149.999985
0.000000 74.999992 174.999985
43.749989 75.777229 149.999985
37.499985 64.951904 174.999985
75.777214 43.750015 149.999985
64.951897 37.500011 174.999985
87.500000 0.000000 149.999985
74.999992 0.000000 174.999985
75.777237 -43.749985 149.999985
64.951912 -37.499981 174.999985
43.750000 -75.777222 149.999985
37.499996 -64.951897 174.999985
0.000000 -87.500000 149.999985
0.000000 -74.999992 174.999985
-43.749996 -75.777229 149.999985
-37.499992 -64.951904 174.999985
-75.777222 -43.750000 149.999985
-64.951897 -37.499996 174.999985
0
36
0 1
1 2
2 3
3 0
4 0
3 5
5 4
6 4
5 7
7 6
8 6
7 9
9 8
10 8
9 11
11 10
12 10
11 13
13 12
14 12
13 15
15 14
16 14
15 17
17 16
18 16
17 19
19 18
20 18
19 21
21 20
22 20
21 23
23 22
1 22
23 2
12
4 35 -34 36 -2
4 32 -31 33 34
4 29 -28 30 31
4 26 -25 27 28
4 23 -22 24 25
4 20 -19 21 22
4 17 -16 18 19
4 14 -13 15 16
4 11 -10 12 13
4 8 -7 9 10
4 5 -4 6 7
4 1 2 3 4
0
0
0
6
*
24
-43.750027 75.777206 25.000000
-75.777237 43.749981 25.000000
-75.777237 43.749981 150.000000
-43.750027 75.777206 150.000000
0.000000 87.500000 25.000000
0.000000 87.500000 150.000000
43.749989 75.777229 25.000000
43.749989 75.777229 150.000000
75.777214 43.750015 25.000000
75.777214 43.750015 150.000000
87.500000 0.000000 25.000000
87.500000 0.000000 150.000000
75.777237 -43.749985 25.000000
75.777237 -43.749985 150.000000
43.750000 -75.777222 25.000000
43.750000 -75.777222 150.000000
0.000000 -87.500000 25.000000
0.000000 -87.500000 150.000000
-43.749996 -75.777229 25.000000
-43.749996 -75.777229 150.000000
-75.777222 -43.750000 25.000000
-75.777222 -43.750000 150.000000
-87.500000 0.000000 25.000000
-87.500000 0.000000 150.000000
0
36
0 1
1 2
2 3
3 0
4 0
3 5
5 4
6 4
5 7
7 6
8 6
7 9
9 8
10 8
9 11
11 10
12 10
11 13
13 12
14 12
13 15
15 14
16 14
15 17
17 16
18 16
17 19
19 18
20 18
19 21
21 20
22 20
21 23
23 22
1 22
23 2
12
4 35 -34 36 -2
4 32 -31 33 34
4 29 -28 30 31
4 26 -25 27 28
4 23 -22 24 25
4 20 -19 21 22
4 17 -16 18 19
4 14 -13 15 16
4 11 -10 12 13
4 8 -7 9 10
4 5 -4 6 7
4 1 2 3 4
0
0
0
6
*
24
-119.078514 68.749969 0.000000
-68.750038 119.078468 0.000000
0.000000 137.500000 0.000000
68.749977 119.078506 0.000000
119.078484 68.750023 0.000000
137.500000 0.000000 0.000000
119.078514 -68.749977 0.000000
68.750000 -119.078491 0.000000
0.000000 -137.500000 0.000000
-68.749992 -119.078499 0.000000
-119.078491 -68.750000 0.000000
-137.500000 0.000000 0.000000
-119.078514 68.749969 25.000000
-137.500000 0.000000 25.000000
-119.078491 -68.750000 25.000000
-68.749992 -119.078499 25.000000
0.000000 -137.500000 25.000000
68.750000 -119.078491 25.000000
119.078514 -68.749977 25.000000
137.500000 0.000000 25.000000
119.078484 68.750023 25.000000
68.749977 119.078506 25.000000
0.000000 137.500000 25.000000
-68.750038 119.078468 25.000000
0
36
0 1
1 2
2 3
3 4
4 5
5 6
6 7
7 8
8 9
9 10
10 11
11 0
12 13
13 14
14 15
15 16
16 17
17 18
18 19
19 20
20 21
21 22
22 23
23 12
0 12
23 1
22 2
21 3
20 4
19 5
18 6
17 7
16 8
15 9
14 10
13 11
14
4 -12 -36 -13 -25
4 -11 -35 -14 36
4 -10 -34 -15 35
4 -9 -33 -16 34
4 -8 -32 -17 33
4 -7 -31 -18 32
4 -6 -30 -19 31
4 -5 -29 -20 30
4 -4 -28 -21 29
4 -3 -27 -22 28
4 -2 -26 -23 27
4 -1 25 -24 26
12 13 14 15 16 17 18 19 20 21 22 23 24
12 1 2 3 4 5 6 7 8 9 10 11 12
0
0
0
4
*
36
-123.325317 6.249997 305.000000
-125.000000 0.000000 305.000000
-120.000000 0.000000 315.000000
-118.995193 3.749998 315.000000
-118.750000 10.825315 305.000000
-116.250000 6.495189 315.000000
-112.500000 12.500000 305.000000
-112.500000 7.500000 315.000000
-106.250000 10.825319 305.000000
-108.750000 6.495191 315.000000
-101.674683 6.250002 305.000000
-106.004807 3.750001 315.000000
-100.000000 0.000000 305.000000
-105.000000 0.000000 315.000000
-101.674683 -6.249998 305.000000
-106.004807 -3.749999 315.000000
-106.250000 -10.825317 305.000000
-108.750000 -6.495191 315.000000
-112.500000 -12.500000 305.000000
-112.500000 -7.500000 315.000000
-118.750000 -10.825318 305.000000
-116.250000 -6.495191 315.000000
-123.325317 -6.250000 305.000000
-118.995193 -3.750000 315.000000
-118.750000 10.825315 299.999969
-123.325317 6.249997 299.999969
-112.500000 12.500000 299.999969
-106.250000 10.825319 299.999969
-101.674683 6.250002 299.999969
-100.000000 0.000000 299.999969
-101.674683 -6.249998 299.999969
-106.250000 -10.825317 299.999969
-112.500000 -12.500000 299.999969
-118.750000 -10.825318 299.999969
-123.325317 -6.250000 299.999969
-125.000000 0.000000 299.999969
0
60
0 1
1 2
2 3
3 0
4 0
3 5
5 4
6 4
5 7
7 6
8 6
7 9
9 8
10 8
9 11
11 10
12 10
11 13
13 12
14 12
13 15
15 14
16 14
15 17
17 16
18 16
17 19
19 18
20 18
19 21
21 20
22 20
21 23
23 22
1 22
23 2
24 25
25 0
4 24
26 24
6 26
27 26
8 27
28 27
10 28
29 28
12 29
30 29
14 30
31 30
16 31
32 31
18 32
33 32
20 33
34 33
22 34
35 34
1 35
25 35
24
4 60 -59 -1 -38
4 58 -57 -35 59
4 56 -55 -32 57
4 54 -53 -29 55
4 52 -51 -26 53
4 50 -49 -23 51
4 48 -47 -20 49
4 46 -45 -17 47
4 44 -43 -14 45
4 42 -41 -11 43
4 40 -39 -8 41
4 37 38 -5 39
4 35 -34 36 -2
4 32 -31 33 34
4 29 -28 30 31
4 26 -25 27 28
4 23 -22 24 25
4 20 -19 21 22
4 17 -16 18 19
4 14 -13 15 16
4 11 -10 12 13
4 8 -7 9 10
4 5 -4 6 7
4 1 2 3 4
0
0
0
4
*
12
-118.750000 10.825315 315.000000
-106.250000 10.825319 315.000000
-100.000000 0.000000 315.000000
-106.250000 -10.825317 315.000000
-118.750000 -10.825318 315.000000
-125.000000 0.000000 315.000000
-118.750000 10.825315 325.000000
-125.000000 0.000000 325.000000
-118.750000 -10.825318 325.000000
-106.250000 -10.825317 325.000000
-100.000000 0.000000 325.000000
-106.250000 10.825319 325.000000
0
18
0 1
1 2
2 3
3 4
4 5
5 0
6 7
7 8
8 9
9 10
10 11
11 6
0 6
11 1
10 2
9 3
8 4
7 5
8
4 -6 -18 -7 -13
4 -5 -17 -8 18
4 -4 -16 -9 17
4 -3 -15 -10 16
4 -2 -14 -11 15
4 -1 13 -12 14
6 7 8 9 10 11 12
6 1 2 3 4 5 6
0
0
0
4
*
24
-179.999985 -12.990383 32.500004
-179.999985 -15.000000 40.000000
-179.999985 -12.990381 47.500000
-179.999985 -7.500000 52.990379
-179.999985 0.000000 55.000000
-179.999985 7.500000 52.990379
-179.999985 12.990383 47.499996
-179.999985 15.000000 40.000000
-179.999985 12.990380 32.499996
-179.999985 7.499998 27.009617
-179.999985 0.000000 25.000000
-179.999985 -7.500004 27.009621
-149.999985 -7.500004 27.009621
-149.999985 -12.990383 32.500004
-149.999985 0.000000 25.000000
-149.999985 7.499998 27.009617
-149.999985 12.990380 32.499996
-149.999985 15.000000 40.000000
-149.999985 12.990383 47.499996
-149.999985 7.500000 52.990379
-149.999985 0.000000 55.000000
-149.999985 -7.500000 52.990379
-149.999985 -12.990381 47.500000
-149.999985 -15.000000 40.000000
0
36
0 1
1 2
2 3
3 4
4 5
5 6
6 7
7 8
8 9
9 10
10 11
11 0
12 13
13 0
11 12
14 12
10 14
15 14
9 15
16 15
8 16
17 16
7 17
18 17
6 18
19 18
5 19
20 19
4 20
21 20
3 21
22 21
2 22
23 22
1 23
13 23
13
4 36 -35 -1 -14
4 34 -33 -2 35
4 32 -31 -3 33
4 30 -29 -4 31
4 28 -27 -5 29
4 26 -25 -6 27
4 24 -23 -7 25
4 22 -21 -8 23
4 20 -19 -9 21
4 18 -17 -10 19
4 16 -15 -11 17
4 13 14 -12 15
12 1 2 3 4 5 6 7 8 9 10 11 12
0
0
0
4
*
24
-179.999985 -12.990383 82.500000
-179.999985 -15.000000 90.000000
-179.999985 -12.990381 97.500000
-179.999985 -7.500000 102.990379
-179.999985 0.000000 105.000000
-179.999985 7.500000 102.990379
-179.999985 12.990383 97.500000
-179.999985 15.000000 90.000000
-179.999985 12.990380 82.500000
-179.999985 7.499998 77.009621
-179.999985 0.000000 75.000000
-179.999985 -7.500004 77.009621
-149.999985 -7.500004 77.009621
-149.999985 -12.990383 82.500000
-149.999985 0.000000 75.000000
-149.999985 7.499998 77.009621
-149.999985 12.990380 82.500000
-149.999985 15.000000 90.000000
-149.999985 12.990383 97.500000
-149.999985 7.500000 102.990379
-149.999985 0.000000 105.000000
-149.999985 -7.500000 102.990379
-149.999985 -12.990381 97.500000
-149.999985 -15.000000 90.000000
0
36
0 1
1 2
2 3
3 4
4 5
5 6
6 7
7 8
8 9
9 10
10 11
11 0
12 13
13 0
11 12
14 12
10 14
15 14
9 15
16 15
8 16
17 16
7 17
18 17
6 18
19 18
5 19
20 19
4 20
21 20
3 21
22 21
2 22
23 22
1 23
13 23
13
4 36 -35 -1 -14
4 34 -33 -2 35
4 32 -31 -3 33
4 30 -29 -4 31
4 28 -27 -5 29
4 26 -25 -6 27
4 24 -23 -7 25
4 22 -21 -8 23
4 20 -19 -9 21
4 18 -17 -10 19
4 16 -15 -11 17
4 13 14 -12 15
12 1 2 3 4 5 6 7 8 9 10 11 12
0
0
0
4
*
24
-179.999985 -12.990383 132.500000
-179.999985 -15.000000 140.000000
-179.999985 -12.990381 147.500000
-179.999985 -7.500000 152.990387
-179.999985 0.000000 155.000000
-179.999985 7.500000 152.990387
-179.999985 12.990383 147.500000
-179.999985 15.000000 140.000000
-179.999985 12.990380 132.500000
-179.999985 7.499998 127.009621
-179.999985 0.000000 125.000000
-179.999985 -7.500004 127.009621
-149.999985 -7.500004 127.009621
-149.999985 -12.990383 132.500000
-149.999985 0.000000 125.000000
-149.999985 7.499998 127.009621
-149.999985 12.990380 132.500000
-149.999985 15.000000 140.000000
-149.999985 12.990383 147.500000
-149.999985 7.500000 152.990387
-149.999985 0.000000 155.000000
-149.999985 -7.500000 152.990387
-149.999985 -12.990381 147.500000
-149.999985 -15.000000 140.000000
0
36
0 1
1 2
2 3
3 4
4 5
5 6
6 7
7 8
8 9
9 10
10 11
11 0
12 13
13 0
11 12
14 12
10 14
15 14
9 15
16 15
8 16
17 16
7 17
18 17
6 18
19 18
5 19
20 19
4 20
21 20
3 21
22 21
2 22
23 22
1 23
13 23
13
4 36 -35 -1 -14
4 34 -33 -2 35
4 32 -31 -3 33
4 30 -29 -4 31
4 28 -27 -5 29
4 26 -25 -6 27
4 24 -23 -7 25
4 22 -21 -8 23
4 20 -19 -9 21
4 18 -17 -10 19
4 16 -15 -11 17
4 13 14 -12 15
12 1 2 3 4 5 6 7 8 9 10 11 12
0
0
0
6
*
24
-108.508728 8.660254 907.579163
-103.891296 10.000000 905.660889
-110.311462 10.000000 884.582642
-115.214233 8.660254 885.564087
-111.888855 5.000000 908.983398
-118.803223 5.000000 886.282593
-113.126099 0.000000 909.497437
-120.116943 0.000000 886.545593
-111.888855 -5.000000 908.983398
-118.803223 -5.000000 886.282593
-108.508728 -8.660255 907.579163
-115.214233 -8.660255 885.564087
-103.891296 -10.000000 905.660889
-110.311462 -10.000000 884.582642
-99.273926 -8.660254 903.742615
-105.408752 -8.660254 883.601196
-95.893738 -4.999999 902.338318
-101.819672 -4.999999 882.882690
-94.656494 0.000000 901.824402
-100.505981 0.000000 882.619812
-95.893738 5.000003 902.338318
-101.819672 5.000003 882.882690
-99.273926 8.660255 903.742615
-105.408752 8.660255 883.601196
0
36
0 1
1 2
2 3
3 0
4 0
3 5
5 4
6 4
5 7
7 6
8 6
7 9
9 8
10 8
9 11
11 10
12 10
11 13
13 12
14 12
13 15
15 14
16 14
15 17
17 16
18 16
17 19
19 18
20 18
19 21
21 20
22 20
21 23
23 22
1 22
23 2
12
4 35 -34 36 -2
4 32 -31 33 34
4 29 -28 30 31
4 26 -25 27 28
4 23 -22 24 25
4 20 -19 21 22
4 17 -16 18 19
4 14 -13 15 16
4 11 -10 12 13
4 8 -7 9 10
4 5 -4 6 7
4 1 2 3 4
0
0
0
6
*
24
-115.214233 8.660254 885.564087
-110.311462 10.000000 884.582642
-112.499939 10.000000 862.657288
-117.499939 8.660254 862.664307
-118.803223 5.000000 886.282593
-121.160156 5.000000 862.669434
-120.116943 0.000000 886.545593
-122.499939 0.000000 862.671326
-118.803223 -5.000000 886.282593
-121.160156 -5.000000 862.669434
-115.214233 -8.660255 885.564087
-117.499939 -8.660255 862.664307
-110.311462 -10.000000 884.582642
-112.499939 -10.000000 862.657288
-105.408752 -8.660254 883.601196
-107.499939 -8.660254 862.650269
-101.819672 -4.999999 882.882690
-103.839661 -4.999999 862.645142
-100.505981 0.000000 882.619812
-102.499939 0.000000 862.643433
-101.819672 5.000003 882.882690
-103.839661 5.000003 862.645142
-105.408752 8.660255 883.601196
-107.499939 8.660255 862.650269
0
36
0 1
1 2
2 3
3 0
4 0
3 5
5 4
6 4
5 7
7 6
8 6
7 9
9 8
10 8
9 11
11 10
12 10
11 13
13 12
14 12
13 15
15 14
16 14
15 17
17 16
18 16
17 19
19 18
20 18
19 21
21 20
22 20
21 23
23 22
1 22
23 2
12
4 35 -34 36 -2
4 32 -31 33 34
4 29 -28 30 31
4 26 -25 27 28
4 23 -22 24 25
4 20 -19 21 22
4 17 -16 18 19
4 14 -13 15 16
4 11 -10 12 13
4 8 -7 9 10
4 5 -4 6 7
4 1 2 3 4
0
0
0
6
*
24
-97.640686 8.660254 927.864929
-93.485718 10.000000 925.083435
-103.891296 10.000000 905.660889
-108.508728 8.660254 907.579163
-100.682281 5.000000 929.901062
-111.888855 5.000000 908.983398
-101.795593 0.000000 930.646423
-113.126099 0.000000 909.497437
-100.682281 -5.000000 929.901062
-111.888855 -5.000000 908.983398
-97.640686 -8.660255 927.864929
-108.508728 -8.660255 907.579163
-93.485718 -10.000000 925.083435
-103.891296 -10.000000 905.660889
-89.330811 -8.660254 922.301941
-99.273926 -8.660254 903.742615
-86.289185 -4.999999 920.265686
-95.893738 -4.999999 902.338318
-85.175888 0.000000 919.520447
-94.656494 0.000000 901.824402
-86.289185 5.000003 920.265686
-95.893738 5.000003 902.338318
-89.330811 8.660255 922.301941
-99.273926 8.660255 903.742615
0
36
0 1
1 2
2 3
3 0
4 0
3 5
5 4
6 4
5 7
7 6
8 6
7 9
9 8
10 8
9 11
11 10
12 10
11 13
13 12
14 12
13 15
15 14
16 14
15 17
17 16
18 16
17 19
19 18
20 18
19 21
21 20
22 20
21 23
23 22
1 22
23 2
12
4 35 -34 36 -2
4 32 -31 33 34
4 29 -28 30 31
4 26 -25 27 28
4 23 -22 24 25
4 20 -19 21 22
4 17 -16 18 19
4 14 -13 15 16
4 11 -10 12 13
4 8 -7 9 10
4 5 -4 6 7
4 1 2 3 4
0
0
0
6
*
24
-83.027008 8.660254 945.643188
-79.493927 10.000000 942.105164
-93.485718 10.000000 925.083435
-97.640686 8.660254 927.864929
-85.613388 5.000000 948.233154
-100.682281 5.000000 929.901062
-86.560074 0.000000 949.181213
-101.795593 0.000000 930.646423
-85.613388 -5.000000 948.233154
-100.682281 -5.000000 929.901062
-83.027008 -8.660255 945.643188
-97.640686 -8.660255 927.864929
-79.493927 -10.000000 942.105164
-93.485718 -10.000000 925.083435
-75.960876 -8.660254 938.567139
-89.330811 -8.660254 922.301941
-73.374481 -4.999999 935.977051
-86.289185 -4.999999 920.265686
-72.427811 0.000000 935.029114
-85.175888 0.000000 919.520447
-73.374481 5.000003 935.977051
-86.289185 5.000003 920.265686
-75.960876 8.660255 938.567139
-89.330811 8.660255 922.301941
0
36
0 1
1 2
2 3
3 0
4 0
3 5
5 4
6 4
5 7
7 6
8 6
7 9
9 8
10 8
9 11
11 10
12 10
11 13
13 12
14 12
13 15
15 14
16 14
15 17
17 16
18 16
17 19
19 18
20 18
19 21
21 20
22 20
21 23
23 22
1 22
23 2
12
4 35 -34 36 -2
4 32 -31 33 34
4 29 -28 30 31
4 26 -25 27 28
4 23 -22 24 25
4 20 -19 21 22
4 17 -16 18 19
4 14 -13 15 16
4 11 -10 12 13
4 8 -7 9 10
4 5 -4 6 7
4 1 2 3 4
0
0
0
6
*
24
-65.228317 8.660254 960.231934
-62.452637 10.000000 956.073120
-79.493927 10.000000 942.105164
-83.027008 8.660254 945.643188
-67.260254 5.000000 963.276367
-85.613388 5.000000 948.233154
-68.003998 0.000000 964.390747
-86.560074 0.000000 949.181213
-67.260254 -5.000000 963.276367
-85.613388 -5.000000 948.233154
-65.228317 -8.660255 960.231934
-83.027008 -8.660255 945.643188
-62.452637 -10.000000 956.073120
-79.493927 -10.000000 942.105164
-59.676971 -8.660254 951.914368
-75.960876 -8.660254 938.567139
-57.645020 -4.999999 948.869812
-73.374481 -4.999999 935.977051
-56.901306 0.000000 947.755493
-72.427811 0.000000 935.029114
-57.645020 5.000003 948.869812
-73.374481 5.000003 935.977051
-59.676971 8.660255 951.914368
-75.960876 8.660255 938.567139
0
36
0 1
1 2
2 3
3 0
4 0
3 5
5 4
6 4
5 7
7 6
8 6
7 9
9 8
10 8
9 11
11 10
12 10
11 13
13 12
14 12
13 15
15 14
16 14
15 17
17 16
18 16
17 19
19 18
20 18
19 21
21 20
22 20
21 23
23 22
1 22
23 2
12
4 35 -34 36 -2
4 32 -31 33 34
4 29 -28 30 31
4 26 -25 27 28
4 23 -22 24 25
4 20 -19 21 22
4 17 -16 18 19
4 14 -13 15 16
4 11 -10 12 13
4 8 -7 9 10
4 5 -4 6 7
4 1 2 3 4
0
0
0
6
*
24
-22.902985 8.660254 977.746277
-21.928391 10.000000 972.842224
-43.015579 10.000000 966.451538
-44.927383 8.660254 971.071594
-23.616455 5.000000 981.336365
-46.326935 5.000000 974.453735
-23.877579 0.000000 982.650391
-46.839188 0.000000 975.691650
-23.616455 -5.000000 981.336365
-46.326935 -5.000000 974.453735
-22.902985 -8.660255 977.746277
-44.927383 -8.660255 971.071594
-21.928391 -10.000000 972.842224
-43.015579 -10.000000 966.451538
-20.953796 -8.660254 967.938110
-41.103775 -8.660254 961.831482
-20.240341 -4.999999 964.348022
-39.704239 -4.999999 958.449280
-19.979202 0.000000 963.033997
-39.191986 0.000000 957.211365
-20.240341 5.000003 964.348022
-39.704239 5.000003 958.449280
-20.953796 8.660255 967.938110
-41.103775 8.660255 961.831482
0
36
0 1
1 2
2 3
3 0
4 0
3 5
5 4
6 4
5 7
7 6
8 6
7 9
9 8
10 8
9 11
11 10
12 10
11 13
13 12
14 12
13 15
15 14
16 14
15 17
17 16
18 16
17 19
19 18
20 18
19 21
21 20
22 20
21 23
23 22
1 22
23 2
12
4 35 -34 36 -2
4 32 -31 33 34
4 29 -28 30 31
4 26 -25 27 28
4 23 -22 24 25
4 20 -19 21 22
4 17 -16 18 19
4 14 -13 15 16
4 11 -10 12 13
4 8 -7 9 10
4 5 -4 6 7
4 1 2 3 4
0
0
0
6
*
24
0.000000 10.000000 975.000000
0.000000 8.660254 980.000000
0.000000 5.000000 983.660278
0.000000 0.000000 985.000000
0.000000 -5.000000 983.660278
0.000000 -8.660255 980.000000
0.000000 -10.000000 975.000000
0.000000 -8.660254 970.000000
0.000000 -4.999999 966.339722
0.000000 0.000000 965.000000
0.000000 5.000003 966.339722
0.000000 8.660255 970.000000
-21.928391 10.000000 972.842224
-22.902985 8.660254 977.746277
-23.616455 5.000000 981.336365
-23.877579 0.000000 982.650391
-23.616455 -5.000000 981.336365
-22.902985 -8.660255 977.746277
-21.928391 -10.000000 972.842224
-20.953796 -8.660254 967.938110
-20.240341 -4.999999 964.348022
-19.979202 0.000000 963.033997
-20.240341 5.000003 964.348022
-20.953796 8.660255 967.938110
0
36
0 1
1 2
2 3
3 4
4 5
5 6
6 7
7 8
8 9
9 10
10 11
11 0
0 12
12 13
13 1
13 14
14 2
14 15
15 3
15 16
16 4
16 17
17 5
17 18
18 6
18 19
19 7
19 20
20 8
20 21
21 9
21 22
22 10
22 23
23 11
23 12
13
4 -12 -35 36 -13
4 -11 -33 34 35
4 -10 -31 32 33
4 -9 -29 30 31
4 -8 -27 28 29
4 -7 -25 26 27
4 -6 -23 24 25
4 -5 -21 22 23
4 -4 -19 20 21
4 -3 -17 18 19
4 -2 -15 16 17
4 -1 13 14 15
12 1 2 3 4 5 6 7 8 9 10 11 12
0
0
0
6
*
24
-44.927383 8.660254 971.071594
-43.015579 10.000000 966.451538
-62.452637 10.000000 956.073120
-65.228317 8.660254 960.231934
-46.326935 5.000000 974.453735
-67.260254 5.000000 963.276367
-46.839188 0.000000 975.691650
-68.003998 0.000000 964.390747
-46.326935 -5.000000 974.453735
-67.260254 -5.000000 963.276367
-44.927383 -8.660255 971.071594
-65.228317 -8.660255 960.231934
-43.015579 -10.000000 966.451538
-62.452637 -10.000000 956.073120
-41.103775 -8.660254 961.831482
-59.676971 -8.660254 951.914368
-39.704239 -4.999999 958.449280
-57.645020 -4.999999 948.869812
-39.191986 0.000000 957.211365
-56.901306 0.000000 947.755493
-39.704239 5.000003 958.449280
-57.645020 5.000003 948.869812
-41.103775 8.660255 961.831482
-59.676971 8.660255 951.914368
0
36
0 1
1 2
2 3
3 0
4 0
3 5
5 4
6 4
5 7
7 6
8 6
7 9
9 8
10 8
9 11
11 10
12 10
11 13
13 12
14 12
13 15
15 14
16 14
15 17
17 16
18 16
17 19
19 18
20 18
19 21
21 20
22 20
21 23
23 22
1 22
23 2
12
4 35 -34 36 -2
4 32 -31 33 34
4 29 -28 30 31
4 26 -25 27 28
4 23 -22 24 25
4 20 -19 21 22
4 17 -16 18 19
4 14 -13 15 16
4 11 -10 12 13
4 8 -7 9 10
4 5 -4 6 7
4 1 2 3 4
0
0
0
6
*
24
-117.499939 -8.660255 325.000031
-117.499939 -8.660255 862.664307
-121.160156 -5.000000 862.669434
-121.160156 -5.000000 324.999939
-112.499939 -10.000000 325.000031
-112.499939 -10.000000 862.657288
-107.499939 -8.660254 325.000031
-107.499939 -8.660254 862.650269
-103.839661 -4.999999 325.000031
-103.839661 -4.999999 862.645142
-102.499939 0.000000 325.000031
-102.499939 0.000000 862.643433
-103.839661 5.000003 325.000031
-103.839661 5.000003 862.645142
-107.499939 8.660255 325.000031
-107.499939 8.660255 862.650269
-112.499939 10.000000 325.000031
-112.499939 10.000000 862.657288
-117.499939 8.660254 325.000031
-117.499939 8.660254 862.664307
-121.160156 5.000000 325.000031
-121.160156 5.000000 862.669434
-122.499939 0.000000 325.000031
-122.499939 0.000000 862.671326
0
36
0 1
1 2
2 3
3 0
4 5
5 1
0 4
6 7
7 5
4 6
8 9
9 7
6 8
10 11
11 9
8 10
12 13
13 11
10 12
14 15
15 13
12 14
16 17
17 15
14 16
18 19
19 17
16 18
20 21
21 19
18 20
22 23
23 21
20 22
2 23
22 3
12
4 -3 35 -32 36
4 32 33 -29 34
4 29 30 -26 31
4 26 27 -23 28
4 23 24 -20 25
4 20 21 -17 22
4 17 18 -14 19
4 14 15 -11 16
4 11 12 -8 13
4 8 9 -5 10
4 5 6 -1 7
4 1 2 3 4
0
0
0
0
0
3
1
1
2
0
