12
4
-1.000000 0.000000 0.000000
0.000000 -1.000000 0.000000
0.000000 0.000000 1.000000
0.000000 0.000000 0.000000
-1.000000 0.000000 0.000000
0.000000 -1.000000 0.000000
0.000000 0.000000 1.000000
0.000000 0.000000 0.000000
-1.000000 0.000000 0.000000
0.000000 -1.000000 0.000000
0.000000 0.000000 1.000000
0.000000 0.000000 0.000000
-1.000000 0.000000 0.000000
0.000000 -1.000000 0.000000
0.000000 0.000000 1.000000
0.000000 0.000000 -60.000000
0
0
19
5
*
23
-545.595947 315.000122 -60.000000
-608.533325 163.055862 -60.000000
-630.000000 -0.000110 -60.000000
-608.533264 -163.056000 -60.000000
-545.596008 -315.000000 -60.000000
-445.477264 -445.477295 -60.000000
-314.999969 -545.596008 -60.000000
-256.083527 -570.000000 -60.000000
256.083557 -570.000000 -60.000000
315.000031 -545.596008 -60.000000
445.477264 -445.477264 -60.000000
545.596008 -315.000031 -60.000000
608.533264 -163.056061 -60.000000
630.000000 0.000000 -60.000000
608.533264 163.056015 -60.000000
545.596008 315.000000 -60.000000
445.477295 445.477234 -60.000000
314.999939 545.596069 -60.000000
163.055954 608.533264 -60.000000
0.000000 630.000000 -60.000000
-163.055969 608.533264 -60.000000
-314.999939 545.596008 -60.000000
-445.477203 445.477325 -60.000000
0
23
0 1
1 2
2 3
3 4
4 5
5 6
6 7
7 8
8 9
9 10
10 11
11 12
12 13
13 14
14 15
15 16
16 17
17 18
18 19
19 20
20 21
21 22
22 0
1
23 1 2 3 4 5 6 7 8 9 10 11 12 13 14 15 16
   17 18 19 20 21 22 23
0
0
-2
*
8
-1227.262573 789.238098 -228.782318
-1227.262573 969.865601 -227.885361
-1227.262573 789.238098 -48.462624
-1227.262573 969.865601 -47.565659
-650.940369 921.700928 -82.049683
-661.616882 922.593201 -261.730560
-676.607727 743.218506 -261.730560
-665.931152 742.326233 -82.049683
0
12
7 6
6 5
5 4
4 7
3 2
2 7
4 3
1 3
5 1
0 1
6 0
2 0
5
4 1 2 3 4
4 5 6 -4 7
4 8 -7 -3 9
4 10 -9 -2 11
4 12 -11 -1 -6
0
0
5
*
10
-256.083527 -570.000000 -110.000000
-163.056015 -608.533264 -110.000000
-163.056015 -608.533264 -60.000000
-256.083527 -570.000000 -60.000000
0.000000 -630.000000 -110.000000
0.000000 -630.000000 -60.000000
163.056000 -608.533264 -110.000000
163.056000 -608.533264 -60.000000
256.083557 -570.000000 -110.000000
256.083557 -570.000000 -60.000000
0
14
0 1
1 2
2 3
3 0
1 4
4 5
5 2
4 6
6 7
7 5
6 8
8 9
9 7
9 3
5
4 1 2 3 4
4 5 6 7 -2
4 8 9 10 -6
4 11 12 13 -9
5 -3 -7 -10 -13 14
0
0
5
*
10
172.500000 953.659546 -50.000000
172.500000 630.000000 -50.000000
-247.500000 630.000000 -50.000000
-247.500000 953.659546 -50.000000
172.500000 975.000000 70.000000
-247.500000 975.000000 70.000000
-247.500000 630.000000 70.000000
172.500000 630.000000 70.000000
172.500000 975.000000 -18.743872
-247.500000 975.000000 -18.743868
0
15
0 1
1 2
2 3
3 0
4 5
5 6
6 7
7 4
0 8
8 4
7 1
6 2
9 3
5 9
8 9
7
4 1 2 3 4
4 5 6 7 8
5 -1 9 10 -8 11
4 -2 -11 -7 12
5 13 -3 -12 -6 14
4 15 -14 -5 -10
4 -13 -15 -9 -4
0
0
-2
*
10
450.000000 945.000000 -320.000000
450.000000 630.000000 -320.000000
-550.000000 630.000000 -320.000000
-690.000000 722.455994 -320.000000
-690.000000 945.000000 -320.000000
450.000000 945.000000 -50.000000
-690.000000 945.000000 -50.000000
-690.000000 722.455994 -50.000000
-550.000000 630.000000 -50.000000
450.000000 630.000000 -50.000000
0
15
0 1
1 2
2 3
3 4
4 0
5 6
6 7
7 8
8 9
9 5
0 5
9 1
8 2
3 7
6 4
7
5 1 2 3 4 5
5 6 7 8 9 10
4 -1 11 -10 12
4 -2 -12 -9 13
4 -4 14 -7 15
4 -5 -15 -6 -11
4 -13 -8 -14 -3
0
0
-2
*
14
163.056000 -608.533264 -160.000000
0.000000 -630.000000 -160.000000
0.000000 -350.000000 -570.000000
90.586662 -338.074036 -570.000000
-163.056015 -608.533264 -160.000000
-90.586670 -338.074036 -570.000000
237.485764 -577.703491 -159.999954
177.780319 -301.957306 -570.000000
-177.780273 -301.957306 -570.000000
-237.485672 -577.703491 -160.000000
256.083557 -570.000000 -160.000000
152.731049 -570.000000 -218.414124
-152.731064 -570.000000 -218.414124
-256.083527 -570.000000 -160.000000
0
20
0 1
1 2
2 3
3 0
1 4
4 5
5 2
6 0
3 7
7 6
8 5
4 9
9 8
8 7
10 0
0 11
11 10
12 4
4 13
13 12
7
4 1 2 3 4
4 5 6 7 -2
4 8 -4 9 10
4 11 -6 12 13
5 14 -9 -3 -7 -11
3 15 16 17
3 18 19 20
0
0
-2
*
10
256.083557 -570.000000 -160.000000
256.083557 -570.000000 -110.000000
-256.083527 -570.000000 -160.000000
-256.083527 -570.000000 -110.000000
163.056000 -608.533264 -160.000000
163.056000 -608.533264 -110.000000
0.000000 -630.000000 -160.000000
0.000000 -630.000000 -110.000000
-163.056015 -608.533264 -160.000000
-163.056015 -608.533264 -110.000000
0
13
5 7
7 6
6 4
4 5
7 9
9 8
8 6
9 3
3 2
2 8
1 5
4 0
0 1
4
4 1 2 3 4
4 5 6 7 -2
4 8 9 10 -6
4 11 -4 12 13
0
0
-2
*
13
-760.000000 -263.923035 -60.000000
-760.000000 263.923065 -60.000000
-760.000000 242.487122 -140.000000
-760.000000 139.999969 -242.487137
-760.000000 0.000000 -280.000000
-760.000000 -139.999985 -242.487122
-760.000000 -242.487091 -140.000046
-485.263214 284.999939 -493.634521
-485.263184 0.000000 -570.000000
-485.263184 -284.999969 -493.634521
-485.263184 553.923035 -59.999992
-485.263184 493.634491 -285.000000
-485.263123 -493.634430 -285.000092
0
18
0 1
1 2
2 3
3 4
4 5
5 6
6 0
7 8
8 4
3 7
8 9
9 5
10 11
11 2
1 10
11 7
9 12
12 6
6
7 1 2 3 4 5 6 7
4 8 9 -4 10
4 11 12 -5 -9
4 13 14 -2 15
4 16 -10 -3 -14
4 17 18 -6 -12
0
0
-2
*
18
660.000000 -354.969727 114.147804
501.672089 -552.679504 0.000000
660.000000 -385.555542 0.000000
400.000061 -529.957581 13.118497
400.000061 -517.863831 -60.000000
400.000061 -553.922974 -59.999992
400.000061 -567.679443 -8.660219
637.511047 -170.820633 -60.000000
660.000000 -176.846527 115.910721
660.000000 0.000000 -60.000000
592.394714 -342.019348 121.624718
571.576721 -330.000031 -60.000000
466.690491 -466.690460 -60.000000
476.425964 -476.425934 44.025032
660.000000 -205.777710 200.283859
485.263245 -567.679443 -8.660219
485.263245 -570.000000 -60.000000
400.000061 -570.000000 -60.000000
0
24
0 1
1 2
2 0
3 4
4 5
5 6
6 3
7 8
8 9
9 7
10 11
11 12
12 13
13 10
12 4
3 13
10 14
14 8
7 11
6 17
17 16
16 15
15 6
5 17
8
3 1 2 3
4 4 5 6 7
3 8 9 10
4 11 12 13 14
4 -13 15 -4 16
5 17 18 -8 19 -11
4 20 21 22 23
3 24 -20 -6
0
0
-2
*
31
760.000000 263.923096 -60.000000
760.000000 280.000061 0.000000
760.000000 242.487167 140.000000
760.000000 140.000061 242.487122
760.000000 0.000000 280.000000
760.000000 -126.339928 246.147308
760.000000 -149.999786 232.487274
760.000000 -242.487045 140.000015
760.000000 -279.999939 0.000000
760.000000 -263.923004 -60.000000
722.967651 -276.339722 159.544861
672.997131 -338.739746 123.518196
660.000000 -354.969727 114.147804
660.000000 -385.555542 0.000000
760.000000 -262.408844 65.650902
660.000000 333.900940 192.777802
660.000000 246.678696 280.000000
718.963623 161.658127 280.000000
660.000000 385.555603 0.000000
660.000000 -176.846527 115.910721
672.671326 -180.241806 215.027023
696.086426 -67.705338 280.000000
705.000000 0.000000 280.000000
660.000000 0.000000 -60.000000
680.977722 182.467453 280.000000
660.000000 176.846481 115.910484
660.000000 -205.777710 200.283859
660.000000 233.112045 280.000000
742.813232 -67.705338 280.000000
660.000000 369.478638 -60.000000
710.848267 -67.705338 280.000000
0
50
0 1
1 2
2 3
3 4
4 5
5 6
6 7
7 8
8 9
9 0
10 7
6 10
11 12
12 13
13 8
8 14
14 11
15 16
16 17
17 3
2 15
18 15
1 18
10 11
14 7
19 20
20 21
21 22
22 23
23 19
22 24
24 25
25 23
26 20
19 26
24 27
27 25
28 5
4 28
17 4
29 18
0 29
30 22
21 30
17 22
30 28
16 27
24 17
25 29
29 23
19
10 1 2 3 4 5 6 7 8 9 10
3 11 -7 12
5 13 14 15 16 17
5 18 19 20 -3 21
4 22 -21 -2 23
4 24 -17 25 -11
5 26 27 28 29 30
4 -29 31 32 33
3 34 -26 35
3 -32 36 37
3 38 -5 39
3 40 -4 -20
4 41 -23 -1 42
3 43 -28 44
5 45 -43 46 -39 -40
4 47 -36 48 -19
3 -31 -45 -48
3 -33 49 50
6 -37 -47 -18 -22 -41 -49
0
0
-2
*
28
760.000000 263.923096 -60.000000
760.000000 -263.923004 -60.000000
760.000000 -242.487061 -140.000000
760.000000 -139.999908 -242.487137
760.000000 0.000000 -280.000000
760.000000 140.000046 -242.487122
760.000000 242.487152 -140.000046
485.263123 0.000000 -570.000000
485.263123 284.999939 -493.634521
485.263214 -284.999969 -493.634521
485.263153 493.634491 -285.000000
485.263275 -493.634430 -285.000092
485.263123 553.923096 -60.000000
672.671326 -180.241806 215.027023
592.394714 -342.019348 121.624718
722.967651 -276.339722 159.544861
760.000000 -149.999786 232.487274
696.086426 -67.705338 280.000000
760.000000 -126.339928 246.147308
742.813232 -67.705338 280.000000
485.263245 -567.679443 -8.660219
501.672089 -552.679504 0.000000
476.425964 -476.425934 44.025032
400.000061 -529.957581 13.118497
400.000061 -567.679443 -8.660219
485.263245 -570.000000 -60.000000
760.000000 -279.999939 0.000000
485.263245 -570.000000 -171.454102
0
42
0 1
1 2
2 3
3 4
4 5
5 6
6 0
7 8
8 5
4 7
9 7
3 9
8 10
10 6
11 9
2 11
10 12
12 0
13 14
14 15
15 16
16 13
17 13
16 18
18 19
19 17
20 21
21 22
22 23
23 24
24 20
14 22
21 15
25 26
26 21
21 25
20 25
11 25
25 27
27 11
2 26
25 2
15
7 1 2 3 4 5 6 7
4 8 9 -5 10
4 11 -10 -4 12
4 13 14 -6 -9
4 15 -12 -3 16
4 17 18 -7 -14
4 19 20 21 22
5 23 -22 24 25 26
5 27 28 29 30 31
4 -20 32 -28 33
3 34 35 36
3 37 -36 -27
3 38 39 40
3 41 -34 42
3 -16 -42 -38
0
0
-2
*
35
-660.000000 -308.013153 141.258194
-710.848267 -67.705338 280.000000
-660.000000 -369.478607 -60.000000
-660.000000 369.478607 -59.999996
-742.813232 -67.705338 280.000000
-660.000000 233.112000 280.000000
-660.000000 -205.777756 200.283844
-680.977722 182.467270 280.000000
-660.000000 176.846298 115.910255
-660.000000 -176.846466 115.910439
-672.671387 -180.241745 215.027069
-696.086426 -67.705338 280.000000
-705.000000 -0.000123 280.000000
-660.000000 -0.000115 -60.000000
-660.000000 246.678711 280.000000
-718.963623 161.658096 280.000000
-660.000000 -354.969757 114.147789
-660.000000 -385.555573 0.000000
-760.000000 262.408936 65.650749
-660.000000 385.555573 0.000000
-660.000000 350.142670 132.162720
-760.000000 147.934052 234.553070
-660.000000 333.900879 192.777802
-660.000000 280.715912 245.962769
-722.967651 -276.339783 159.544830
-760.000000 263.923065 -60.000000
-760.000000 280.000000 0.000000
-760.000000 242.487106 140.000015
-760.000000 140.000015 242.487106
-760.000000 0.000000 280.000000
-760.000000 -126.339844 246.147354
-760.000000 -149.999924 232.487183
-760.000000 -242.487106 140.000000
-760.000000 -280.000000 0.000000
-760.000000 -263.923035 -60.000000
0
59
34 33
33 32
32 31
31 30
30 29
29 28
28 27
27 26
26 25
25 34
24 31
32 24
23 22
22 27
27 21
21 23
20 19
19 26
26 18
18 20
17 16
16 24
33 17
15 14
14 23
21 28
28 15
22 20
18 27
13 12
12 11
11 10
10 9
9 13
8 7
7 12
13 8
10 6
6 9
5 7
8 5
4 29
30 4
29 15
19 3
3 25
2 17
34 2
5 14
15 7
15 12
4 1
1 12
1 11
16 0
0 24
0 6
10 31
11 4
22
10 1 2 3 4 5 6 7 8 9 10
3 11 -3 12
4 13 14 15 16
4 17 18 19 20
5 21 22 -12 -2 23
5 24 25 -16 26 27
4 28 -20 29 -14
5 30 31 32 33 34
4 35 36 -30 37
3 -33 38 39
3 40 -35 41
3 42 -5 43
3 -27 -6 44
4 45 46 -9 -18
4 47 -23 -1 48
4 49 -24 50 -40
3 -36 -50 51
5 52 53 -51 -44 -42
3 54 -31 -53
3 55 56 -22
5 -56 57 -38 58 -11
5 59 -43 -4 -58 -32
0
0
-2
*
29
-485.263123 -493.634430 -285.000092
-760.000000 -242.487091 -140.000046
-760.000000 -280.000000 0.000000
-400.000000 -570.000000 -60.000000
-485.263184 -570.000000 -60.000000
-660.000000 233.112000 280.000000
-660.000000 246.678711 280.000000
-660.000000 280.715912 245.962769
-660.000000 333.900879 192.777802
-660.000000 385.555573 0.000000
-660.000000 176.846298 115.910255
-660.000000 369.478607 -59.999996
-660.000000 -308.013153 141.258194
-485.263184 -567.679504 -8.660251
-660.000000 -205.777756 200.283844
-592.394714 -342.019318 121.624733
-571.576782 -330.000000 -60.000000
-466.690460 -466.690491 -60.000000
-476.425934 -476.425964 44.025013
-637.511047 -170.820572 -60.000000
-660.000000 -176.846466 115.910439
-660.000000 -0.000115 -60.000000
-400.000000 -553.923035 -60.000000
-400.000000 -567.679504 -8.660251
-400.000000 -529.957642 13.118463
-400.000000 -517.863892 -59.999996
-660.000000 -354.969757 114.147789
-501.672089 -552.679504 0.000000
-660.000000 -385.555573 0.000000
0
46
28 27
27 26
26 28
25 24
24 23
23 22
22 25
21 20
20 19
19 21
18 17
17 16
16 15
15 18
25 17
18 24
20 14
14 15
16 19
27 13
13 23
18 27
15 12
12 26
14 12
10 11
11 9
9 8
8 7
7 10
6 5
5 10
7 6
10 21
21 11
13 4
4 3
3 23
3 22
27 4
27 2
2 4
4 1
1 0
0 4
2 1
18
3 1 2 3
4 4 5 6 7
3 8 9 10
4 11 12 13 14
4 -4 15 -11 16
5 -9 17 18 -13 19
5 20 21 -5 -16 22
5 -2 -22 -14 23 24
3 -23 -18 25
5 26 27 28 29 30
4 31 32 -30 33
3 34 35 -26
4 -21 36 37 38
3 -38 39 -6
3 -36 -20 40
3 -40 41 42
3 43 44 45
3 46 -43 -42
0
0
-2
*
51
-485.263184 379.999908 -570.000000
485.263245 379.999908 -570.000000
485.263245 -301.957275 -570.000000
-485.263214 -301.957275 -570.000000
-485.263184 630.000000 -491.175262
-485.263214 630.000000 -60.000000
485.263245 630.000000 -60.000000
485.263245 630.000000 -491.175262
485.263245 -570.000000 -171.454102
-485.263214 -570.000000 -171.454102
485.263245 -570.000000 -60.000000
-485.263184 -570.000000 -60.000000
-400.000000 -570.000000 -60.000000
-256.083527 -570.000000 -60.000000
-314.999969 -545.596008 -60.000000
-400.000000 -517.863892 -59.999996
400.000061 -570.000000 -60.000000
315.000031 -545.596008 -60.000000
256.083557 -570.000000 -60.000000
400.000061 -517.863831 -60.000000
445.477264 -445.477264 -60.000000
466.690491 -466.690460 -60.000000
-445.477264 -445.477295 -60.000000
-466.690460 -466.690491 -60.000000
-571.576782 -330.000000 -60.000000
-545.596008 -315.000000 -60.000000
-608.533264 -163.056000 -60.000000
-637.511047 -170.820572 -60.000000
-630.000000 -0.000110 -60.000000
-660.000000 -0.000115 -60.000000
-608.533325 163.055862 -60.000000
-660.000000 369.478607 -59.999996
-545.595947 315.000122 -60.000000
-485.263184 553.923035 -59.999992
-445.477203 445.477325 -60.000000
-314.999939 545.596008 -60.000000
0.000000 630.000000 -60.000000
-163.055969 608.533264 -60.000000
163.055954 608.533264 -60.000000
314.999939 545.596069 -60.000000
445.477295 445.477234 -60.000000
485.263123 553.923096 -60.000000
545.596008 315.000000 -60.000000
660.000000 369.478638 -60.000000
608.533264 163.056015 -60.000000
630.000000 0.000000 -60.000000
660.000000 0.000000 -60.000000
608.533264 -163.056061 -60.000000
637.511047 -170.820633 -60.000000
545.596008 -315.000031 -60.000000
571.576721 -330.000031 -60.000000
0
85
0 1
1 2
2 3
3 0
4 5
5 6
6 7
7 4
8 9
9 3
2 8
8 10
10 11
11 9
9 8
6 10
10 8
1 7
9 11
11 5
4 0
12 13
13 14
14 12
14 15
15 12
16 17
17 18
18 16
19 17
16 19
20 17
19 21
21 20
14 22
22 23
23 15
24 23
22 25
25 24
26 27
27 24
25 26
28 29
29 27
26 28
28 30
30 31
31 29
32 31
30 32
33 31
32 34
34 33
35 5
5 33
34 35
36 5
5 37
37 36
35 37
6 36
36 38
38 6
38 39
39 6
40 41
41 6
39 40
40 42
42 43
43 41
42 44
44 43
45 46
46 43
44 45
45 47
47 48
48 46
47 49
49 50
50 48
21 50
49 20
32
4 1 2 3 4
4 5 6 7 8
4 9 10 -3 11
4 -9 12 13 14
4 15 12 13 14
6 -7 16 17 -11 -2 18
6 19 20 -5 21 -4 -10
3 22 23 24
3 -24 25 26
3 27 28 29
3 30 -27 31
4 32 -30 33 34
4 -25 35 36 37
4 38 -36 39 40
4 41 42 -40 43
4 44 45 -41 46
4 -44 47 48 49
3 50 -48 51
4 52 -50 53 54
4 55 56 -54 57
3 58 59 60
3 61 -59 -55
3 62 63 64
3 -64 65 66
4 67 68 -66 69
4 -67 70 71 72
3 -71 73 74
4 75 76 -74 77
4 -75 78 79 80
4 -79 81 82 83
4 84 -82 85 -34
4 -8 -18 -1 -21
0
0
6
*
8
460.263245 -635.000000 -60.000000
420.263245 -635.000000 -60.000000
420.263245 -580.000000 -60.000000
485.263245 -580.000000 -60.000000
420.263245 -580.000000 -75.000000
420.263245 -635.000000 -75.000000
460.263245 -635.000000 -75.000000
485.263245 -580.000000 -75.000000
0
12
7 6
6 5
5 4
4 7
3 2
2 1
1 0
0 3
6 0
1 5
2 4
3 7
5
4 1 2 3 4
4 5 6 7 8
4 -2 9 -7 10
4 -3 -10 -6 11
4 -4 -11 -5 12
0
0
6
*
8
485.263245 -580.000000 -60.000000
345.263245 -580.000000 -60.000000
345.263245 -570.000000 -60.000000
485.263245 -570.000000 -60.000000
345.263245 -570.000000 -165.000000
345.263245 -580.000000 -165.000000
485.263245 -580.000000 -165.000000
485.263245 -570.000000 -165.000000
0
12
7 6
6 5
5 4
4 7
3 2
2 1
1 0
0 3
7 3
0 6
1 5
2 4
6
4 1 2 3 4
4 5 6 7 8
4 -1 9 -8 10
4 -2 -10 -7 11
4 -3 -11 -6 12
4 -4 -12 -5 -9
0
0
6
*
8
460.263245 -635.000000 -75.000000
380.263245 -635.000000 -75.000000
345.263245 -580.000000 -75.000000
485.263245 -580.000000 -75.000000
380.263245 -635.000000 -100.000000
460.263245 -635.000000 -100.000000
485.263245 -580.000000 -100.000000
345.263245 -580.000000 -100.000000
0
12
7 6
6 5
5 4
4 7
3 2
2 1
1 0
0 3
5 0
1 4
7 2
3 6
4
4 1 2 3 4
4 5 6 7 8
4 -3 9 -7 10
4 -1 11 -5 12
0
0
6
*
14
345.263245 -580.000000 -75.000000
380.263245 -635.000000 -75.000000
380.263245 -635.000000 -100.000000
460.263245 -635.000000 -100.000000
460.263245 -635.000000 -60.000000
485.263245 -580.000000 -60.000000
476.172333 -600.000000 -100.000000
357.990540 -600.000000 -100.000000
345.263245 -580.000000 -100.000000
485.263245 -580.000000 -100.000000
357.990540 -600.000000 -165.000000
476.172333 -600.000000 -165.000000
485.263245 -580.000000 -165.000000
345.263245 -580.000000 -165.000000
0
20
13 12
12 11
11 10
10 13
9 8
8 7
7 6
6 9
11 6
7 10
13 8
9 12
5 4
4 3
3 9
9 5
2 1
1 0
0 8
8 2
8
4 1 2 3 4
4 5 6 7 8
4 -3 9 -7 10
4 -1 11 -5 12
4 13 14 15 16
4 -2 -12 -8 -9
4 17 18 19 20
4 -6 -11 -4 -10
0
0
-2
*
10
450.000000 630.000000 -320.000000
450.000000 945.000000 -320.000000
450.000000 945.000000 -345.000000
450.000000 810.000000 -445.000000
450.000000 630.000000 -445.000000
0.000000 630.000000 -320.000000
0.000000 630.000000 -445.000000
0.000000 810.000000 -445.000000
0.000000 945.000000 -345.000000
0.000000 945.000000 -320.000000
0
15
0 4
4 3
3 2
2 1
1 0
5 9
9 8
8 7
7 6
6 5
0 5
6 4
7 3
8 2
9 1
7
5 1 2 3 4 5
5 6 7 8 9 10
4 -1 11 -10 12
4 -2 -12 -9 13
4 -3 -13 -8 14
4 -4 -14 -7 15
4 -5 -15 -6 -11
0
0
