12
5
1.000000 0.000000 0.000000
0.000000 1.000000 0.000000
0.000000 0.000000 1.000000
0.000000 -135.000000 480.000000
1.000000 0.000000 0.000000
0.000000 1.000000 0.000000
0.000000 0.000000 1.000000
-2545.000000 -135.000000 480.000000
-1.000000 0.000000 0.000000
0.000000 -1.000000 0.000000
0.000000 0.000000 1.000000
2685.000000 -135.000000 480.000000
1.000000 0.000000 0.000000
0.000000 1.000000 0.000000
0.000000 0.000000 1.000000
0.000000 285.000000 480.000000
1.000000 0.000000 0.000000
0.000000 1.000000 0.000000
0.000000 0.000000 1.000000
0.000000 705.000000 480.000000
0
0
10
-2
*
10
550.000000 660.000000 480.000000
-550.000000 660.000000 480.000000
-550.000000 400.000000 0.000000
-550.000000 3210.000000 0.000000
550.000000 3210.000000 0.000000
550.000000 400.000031 0.000000
-550.000000 400.000031 480.000000
550.000000 400.000000 480.000000
550.000000 3210.000000 480.000000
-550.000000 3210.000000 480.000000
0
14
2 3
3 4
4 5
5 2
2 6
6 9
9 3
9 8
8 4
8 7
7 5
1 0
0 8
9 1
5
4 1 2 3 4
4 -1 5 6 7
4 -2 -7 8 9
4 -3 -9 10 11
4 12 13 -8 14
0
0
-2
*
8
-1775.000000 -700.000000 0.000000
1775.000000 -700.000000 0.000000
1775.000000 400.000000 0.000000
-1775.000000 400.000000 0.000000
-1775.000000 -700.000000 240.000000
-1775.000000 400.000000 240.000000
1775.000000 400.000000 240.000000
1775.000000 -700.000000 240.000000
0
12
0 3
3 2
2 1
1 0
0 4
4 5
5 3
5 6
6 2
6 7
7 1
7 4
5
4 1 2 3 4
4 -1 5 6 7
4 -2 -7 8 9
4 -3 -9 10 11
4 -4 -11 12 -5
0
0
-2
*
8
-2560.000000 -1200.000000 240.000000
2700.000000 -1200.000000 240.000000
2700.000000 660.000000 240.000000
-2560.000000 660.000000 240.000000
-2560.000000 -1200.000000 480.000000
-2560.000000 660.000000 480.000000
2700.000000 660.000000 480.000000
2700.000000 -1200.000000 480.000000
0
12
0 3
3 2
2 1
1 0
4 7
7 6
6 5
5 4
0 4
5 3
6 2
7 1
6
4 1 2 3 4
4 5 6 7 8
4 -1 9 -8 10
4 -2 -10 -7 11
4 -3 -11 -6 12
4 -4 -12 -5 -9
0
0
-2
*
10
-2545.000000 -135.000000 1060.000000
-2560.000000 -135.000000 1060.000000
-2560.000000 -635.000000 480.000000
-2545.000000 -635.000000 480.000000
-2545.000000 365.000000 480.000000
-2560.000000 365.000000 480.000000
-2560.000000 -635.000000 765.000000
-2560.000000 365.000000 765.000000
-2545.000000 365.000000 765.000000
-2545.000000 -635.000000 765.000000
0
14
2 5
5 4
4 3
3 2
5 7
7 8
8 4
3 9
9 6
6 2
1 7
6 1
0 9
8 0
5
4 1 2 3 4
4 -2 5 6 7
4 -4 8 9 10
5 11 -5 -1 -10 12
5 13 -8 -3 -7 14
0
0
-2
*
6
-2560.000000 -635.000000 765.000000
-2560.000000 365.000000 765.000000
-2560.000000 -135.000000 1060.000000
-2545.000000 -635.000000 765.000000
-2545.000000 -135.000000 1060.000000
-2545.000000 365.000000 765.000000
0
7
2 0
0 3
3 4
4 2
1 2
4 5
5 1
2
4 1 2 3 4
4 5 -4 6 7
0
0
-2
*
10
2685.000000 -135.000000 1060.000000
2700.000000 -135.000000 1060.000000
2700.000000 365.000000 480.000000
2685.000000 365.000000 480.000000
2685.000000 -635.000000 480.000000
2700.000000 -635.000000 480.000000
2700.000000 365.000000 765.000000
2700.000000 -635.000000 765.000000
2685.000000 -635.000000 765.000000
2685.000000 365.000000 765.000000
0
14
2 5
5 4
4 3
3 2
5 7
7 8
8 4
3 9
9 6
6 2
1 7
6 1
0 9
8 0
5
4 1 2 3 4
4 -2 5 6 7
4 -4 8 9 10
5 11 -5 -1 -10 12
5 13 -8 -3 -7 14
0
0
-2
*
6
2700.000000 365.000000 765.000000
2700.000000 -635.000000 765.000000
2700.000000 -135.000000 1060.000000
2685.000000 365.000000 765.000000
2685.000000 -135.000000 1060.000000
2685.000000 -635.000000 765.000000
0
7
2 0
0 3
3 4
4 2
1 2
4 5
5 1
2
4 1 2 3 4
4 5 -4 6 7
0
0
5
*
10
-480.000000 660.000000 480.000000
-480.000000 660.000000 592.941101
0.000000 660.000000 621.176392
480.000000 660.000000 480.000000
480.000000 660.000000 592.941101
480.000000 705.000000 480.000000
480.000000 705.000000 592.941101
0.000000 705.000000 621.176392
-480.000000 705.000000 592.941101
-480.000000 705.000000 480.000000
0
15
9 8
8 7
7 6
6 5
5 9
4 3
3 5
6 4
2 4
7 2
1 2
8 1
0 1
9 0
0 3
6
5 1 2 3 4 5
4 6 7 -4 8
4 9 -8 -3 10
4 11 -10 -2 12
4 13 -12 -1 14
5 -6 -9 -11 -13 15
0
0
5
*
24
0.000000 3640.000244 265.000000
0.000000 3210.000244 265.000000
-37.500000 3210.000244 275.048096
-37.500000 3640.000244 275.048096
-64.951904 3210.000244 302.500000
-64.951904 3640.000244 302.500000
-75.000000 3210.000244 340.000000
-75.000000 3640.000244 340.000000
-64.951904 3210.000244 377.500000
-64.951904 3640.000244 377.500000
-37.500004 3210.000244 404.951904
-37.500004 3640.000244 404.951904
0.000000 3210.000244 415.000000
0.000000 3640.000244 415.000000
37.500000 3210.000244 404.951904
37.500000 3640.000244 404.951904
64.951912 3210.000244 377.500000
64.951912 3640.000244 377.500000
75.000000 3210.000244 340.000000
75.000000 3640.000244 340.000000
64.951912 3210.000244 302.500000
64.951912 3640.000244 302.500000
37.500011 3210.000244 275.048096
37.500011 3640.000244 275.048096
0
36
0 1
1 2
2 3
3 0
2 4
4 5
5 3
4 6
6 7
7 5
6 8
8 9
9 7
8 10
10 11
11 9
10 12
12 13
13 11
12 14
14 15
15 13
14 16
16 17
17 15
16 18
18 19
19 17
18 20
20 21
21 19
20 22
22 23
23 21
22 1
0 23
12
4 1 2 3 4
4 -3 5 6 7
4 -6 8 9 10
4 -9 11 12 13
4 -12 14 15 16
4 -15 17 18 19
4 -18 20 21 22
4 -21 23 24 25
4 -24 26 27 28
4 -27 29 30 31
4 -30 32 33 34
4 -33 35 -1 36
0
0
7
*
24
0.000000 3640.000244 265.000000
-37.500000 3640.000244 275.048096
-37.500000 3690.000244 275.048096
0.000000 3690.000244 265.000000
-64.951904 3640.000244 302.500000
-64.951904 3690.000244 302.500000
-75.000000 3640.000244 340.000000
-75.000000 3690.000244 340.000000
-64.951904 3640.000244 377.500000
-64.951904 3690.000244 377.500000
-37.500004 3640.000244 404.951904
-37.500004 3690.000244 404.951904
0.000000 3640.000244 415.000000
0.000000 3690.000244 415.000000
37.500000 3640.000244 404.951904
37.500000 3690.000244 404.951904
64.951912 3640.000244 377.500000
64.951912 3690.000244 377.500000
75.000000 3640.000244 340.000000
75.000000 3690.000244 340.000000
64.951912 3640.000244 302.500000
64.951912 3690.000244 302.500000
37.500011 3640.000244 275.048096
37.500011 3690.000244 275.048096
0
36
0 1
1 2
2 3
3 0
1 4
4 5
5 2
4 6
6 7
7 5
6 8
8 9
9 7
8 10
10 11
11 9
10 12
12 13
13 11
12 14
14 15
15 13
14 16
16 17
17 15
16 18
18 19
19 17
18 20
20 21
21 19
20 22
22 23
23 21
22 0
3 23
13
4 1 2 3 4
4 5 6 7 -2
4 8 9 10 -6
4 11 12 13 -9
4 14 15 16 -12
4 17 18 19 -15
4 20 21 22 -18
4 23 24 25 -21
4 26 27 28 -24
4 29 30 31 -27
4 32 33 34 -30
4 35 -4 36 -33
12 -3 -7 -10 -13 -16 -19 -22 -25 -28 -31 -34 -36
0
0
