11
1
1.000000 0.000000 0.000000
0.000000 1.000000 0.000000
0.000000 0.000000 1.000000
0.000000 0.000000 75.000000
0
0
1
5
48
608.533264 163.056000 40.000000
608.533264 163.056000 0.000000
545.596008 315.000000 40.000000
545.596008 315.000000 0.000000
445.477264 445.477295 40.000000
445.477264 445.477295 0.000000
314.999969 545.596008 40.000000
314.999969 545.596008 0.000000
163.056015 608.533264 40.000000
163.056015 608.533264 0.000000
0.000000 630.000000 40.000000
0.000000 630.000000 0.000000
-163.056000 608.533264 40.000000
-163.056000 608.533264 0.000000
-315.000031 545.596008 40.000000
-315.000031 545.596008 0.000000
-445.477264 445.477264 40.000000
-445.477264 445.477264 0.000000
-545.596008 315.000031 40.000000
-545.596008 315.000031 0.000000
-608.533264 163.056061 40.000000
-608.533264 163.056061 0.000000
-630.000000 0.000000 40.000000
-630.000000 0.000000 0.000000
-608.533264 -163.056015 40.000000
-608.533264 -163.056015 0.000000
-545.596008 -315.000000 40.000000
-545.596008 -315.000000 0.000000
-445.477295 -445.477234 40.000000
-445.477295 -445.477234 0.000000
-314.999939 -545.596069 40.000000
-314.999939 -545.596069 0.000000
-163.055954 -608.533264 40.000000
-163.055954 -608.533264 0.000000
0.000000 -630.000000 40.000000
0.000000 -630.000000 0.000000
163.055969 -608.533264 40.000000
163.055969 -608.533264 0.000000
314.999939 -545.596008 40.000000
314.999939 -545.596008 0.000000
445.477203 -445.477325 40.000000
445.477203 -445.477325 0.000000
545.595947 -315.000122 40.000000
545.595947 -315.000122 0.000000
608.533325 -163.055862 40.000000
608.533325 -163.055862 0.000000
630.000000 0.000110 40.000000
630.000000 0.000110 0.000000
0
26
4 47 1 0 46
4 1 3 2 0
4 3 5 4 2
4 5 7 6 4
4 7 9 8 6
4 9 11 10 8
4 11 13 12 10
4 13 15 14 12
4 15 17 16 14
4 17 19 18 16
4 19 21 20 18
4 21 23 22 20
4 23 25 24 22
4 25 27 26 24
4 27 29 28 26
4 29 31 30 28
4 31 33 32 30
4 33 35 34 32
4 35 37 36 34
4 37 39 38 36
4 39 41 40 38
4 41 43 42 40
4 43 45 44 42
4 45 47 46 44
24 47 45 43 41 39 37 35 33 31 29 27 25 23 21 19 17
   15 13 11 9 7 5 3 1
24 46 0 2 4 6 8 10 12 14 16 18 20 22 24 26 28
   30 32 34 36 38 40 42 44
0
0
