11
1
1.000000 0.000000 0.000000
0.000000 1.000000 0.000000
0.000000 0.000000 1.000000
0.000000 0.000000 165.000000
0
0
22
-2
18
399.999969 300.000031 0.000000
399.999969 240.000031 0.000000
-400.000031 239.999969 0.000000
-400.000031 299.999969 0.000000
-391.000031 308.999969 0.000000
390.999939 309.000031 0.000000
399.999969 240.000031 165.000000
399.999969 300.000031 165.000000
390.999969 309.000031 165.000000
-391.000031 308.999969 165.000000
-400.000031 299.999969 165.000000
-400.000031 239.999969 165.000000
300.000000 400.000000 165.000000
369.000000 331.000000 165.000000
368.999969 331.000031 0.000000
300.000000 400.000000 0.000000
390.999939 309.000031 121.000000
368.999969 331.000031 121.000000
0
9
6 6 7 8 9 10 11
4 2 1 6 11
4 3 2 11 10
4 5 4 9 8
4 1 0 7 6
6 0 1 2 3 4 5
4 12 13 14 15
4 8 7 0 5
4 16 5 14 17
0
0
-2
8
390.999969 309.000031 0.000000
-391.000031 308.999969 0.000000
-369.000031 330.999969 0.000000
368.999969 331.000031 0.000000
-391.000031 308.999969 121.000000
390.999939 309.000031 121.000000
368.999969 331.000031 121.000000
-369.000031 330.999969 121.000000
0
4
4 0 1 2 3
4 4 5 6 7
4 1 0 5 4
4 3 2 7 6
0
0
-2
8
400.000000 171.000031 121.000000
-400.000000 170.999969 121.000000
-400.000000 148.999969 121.000000
400.000000 149.000031 121.000000
-400.000000 148.999969 0.000000
-400.000000 170.999969 0.000000
400.000000 171.000031 0.000000
400.000000 149.000031 0.000000
0
6
4 7 4 5 6
4 3 0 1 2
4 4 7 3 2
4 5 4 2 1
4 6 5 1 0
4 7 6 0 3
0
0
-2
8
400.000000 149.000031 165.000000
-400.000000 148.999969 165.000000
-400.000000 79.999962 165.000000
400.000000 80.000038 165.000000
-400.000000 79.999962 0.000000
-400.000000 148.999969 0.000000
400.000000 149.000031 0.000000
400.000000 80.000038 0.000000
0
6
4 7 4 5 6
4 3 0 1 2
4 4 7 3 2
4 5 4 2 1
4 6 5 1 0
4 7 6 0 3
0
0
-2
8
400.000000 -79.999962 0.000000
400.000000 -10.999965 0.000000
-400.000000 -11.000035 0.000000
-400.000000 -80.000038 0.000000
400.000000 -79.999962 165.000000
-400.000000 -80.000038 165.000000
-400.000000 -11.000035 165.000000
400.000000 -10.999965 165.000000
0
6
4 0 3 2 1
4 4 7 6 5
4 3 0 4 5
4 2 3 5 6
4 1 2 6 7
4 0 1 7 4
0
0
-2
8
400.000000 -10.999965 0.000000
400.000000 11.000035 0.000000
-400.000000 10.999965 0.000000
-400.000000 -11.000035 0.000000
400.000000 -10.999965 121.000000
-400.000000 -11.000035 121.000000
-400.000000 10.999965 121.000000
400.000000 11.000035 121.000000
0
6
4 0 3 2 1
4 4 7 6 5
4 3 0 4 5
4 2 3 5 6
4 1 2 6 7
4 0 1 7 4
0
0
-2
14
-391.000000 -309.000000 0.000000
391.000000 -309.000000 0.000000
369.000000 -331.000000 0.000000
-369.000000 -331.000000 0.000000
391.000000 -309.000000 121.000000
-391.000000 -309.000000 121.000000
-369.000000 -331.000000 121.000000
369.000000 -331.000000 121.000000
369.000031 -330.999969 165.000000
300.000031 -399.999969 165.000000
300.000031 -399.999969 0.000000
391.000000 -309.000000 165.000000
400.000000 -300.000000 0.000000
400.000000 -300.000000 165.000000
0
7
4 0 1 2 3
4 4 5 6 7
4 1 0 5 4
4 3 2 7 6
4 8 9 10 2
4 4 7 2 1
4 11 1 12 13
0
0
-2
8
-400.000000 -171.000000 121.000000
400.000000 -171.000000 121.000000
400.000000 -149.000000 121.000000
-400.000000 -149.000000 121.000000
400.000000 -149.000000 0.000000
400.000000 -171.000000 0.000000
-400.000000 -171.000000 0.000000
-400.000000 -149.000000 0.000000
0
6
4 7 4 5 6
4 3 0 1 2
4 4 7 3 2
4 5 4 2 1
4 6 5 1 0
4 7 6 0 3
0
0
-2
8
-400.000000 -149.000000 165.000000
400.000000 -149.000000 165.000000
400.000000 -80.000000 165.000000
-400.000000 -80.000000 165.000000
400.000000 -80.000000 0.000000
400.000000 -149.000000 0.000000
-400.000000 -149.000000 0.000000
-400.000000 -80.000000 0.000000
0
6
4 7 4 5 6
4 3 0 1 2
4 4 7 3 2
4 5 4 2 1
4 6 5 1 0
4 7 6 0 3
0
0
-2
8
-400.000000 80.000000 0.000000
-400.000000 11.000000 0.000000
400.000000 11.000000 0.000000
400.000000 80.000000 0.000000
-400.000000 80.000000 165.000000
400.000000 80.000000 165.000000
400.000000 11.000000 165.000000
-400.000000 11.000000 165.000000
0
6
4 0 3 2 1
4 4 7 6 5
4 3 0 4 5
4 2 3 5 6
4 1 2 6 7
4 0 1 7 4
0
0
-2
8
-400.000000 11.000000 0.000000
-400.000000 -11.000000 0.000000
400.000000 -11.000000 0.000000
400.000000 11.000000 0.000000
-400.000000 11.000000 121.000000
400.000000 11.000000 121.000000
400.000000 -11.000000 121.000000
-400.000000 -11.000000 121.000000
0
6
4 0 3 2 1
4 4 7 6 5
4 3 0 4 5
4 2 3 5 6
4 1 2 6 7
4 0 1 7 4
0
0
-2
8
-400.000000 149.000000 121.000000
400.000000 149.000000 121.000000
400.000000 171.000000 121.000000
-400.000000 171.000000 121.000000
400.000000 171.000000 0.000000
400.000000 149.000000 0.000000
-400.000000 149.000000 0.000000
-400.000000 171.000000 0.000000
0
6
4 7 4 5 6
4 3 0 1 2
4 4 7 3 2
4 5 4 2 1
4 6 5 1 0
4 7 6 0 3
0
0
-2
8
-400.000000 171.000000 165.000000
400.000000 171.000000 165.000000
400.000000 240.000000 165.000000
-400.000000 240.000000 165.000000
400.000000 240.000000 0.000000
400.000000 171.000000 0.000000
-400.000000 171.000000 0.000000
-400.000000 240.000000 0.000000
0
6
4 7 4 5 6
4 3 0 1 2
4 4 7 3 2
4 5 4 2 1
4 6 5 1 0
4 7 6 0 3
0
0
-2
14
-300.000000 400.000000 0.000000
300.000000 400.000000 0.000000
369.000000 331.000000 0.000000
-369.000000 331.000000 0.000000
300.000000 400.000000 165.000000
-300.000000 400.000000 165.000000
-369.000000 331.000000 165.000000
369.000000 331.000000 165.000000
-400.000031 299.999969 165.000000
-391.000031 308.999969 165.000000
-391.000031 308.999969 0.000000
-400.000031 299.999969 0.000000
-369.000031 330.999969 121.000000
-391.000031 308.999969 121.000000
0
7
4 0 1 2 3
4 4 5 6 7
4 1 0 5 4
4 3 2 7 6
4 6 5 0 3
4 8 9 10 11
4 12 3 10 13
0
0
-2
8
-369.000000 331.000000 0.000000
369.000000 331.000000 0.000000
391.000000 309.000000 0.000000
-391.000000 309.000000 0.000000
369.000000 331.000000 121.000000
-369.000000 331.000000 121.000000
-391.000000 309.000000 121.000000
391.000000 309.000000 121.000000
0
4
4 0 1 2 3
4 4 5 6 7
4 1 0 5 4
4 3 2 7 6
0
0
-2
8
-368.999969 -331.000031 165.000000
369.000031 -330.999969 165.000000
300.000031 -399.999969 165.000000
-299.999969 -400.000031 165.000000
369.000031 -330.999969 0.000000
-368.999969 -331.000031 0.000000
-299.999969 -400.000031 0.000000
300.000031 -399.999969 0.000000
0
4
4 7 6 5 4
4 3 2 1 0
4 6 7 2 3
4 4 5 0 1
0
0
-2
12
-400.000000 -300.000000 0.000000
-400.000000 -240.000000 0.000000
400.000000 -240.000000 0.000000
400.000000 -300.000000 0.000000
391.000000 -309.000000 0.000000
-391.000000 -309.000000 0.000000
-400.000000 -240.000000 165.000000
-400.000000 -300.000000 165.000000
-391.000000 -309.000000 165.000000
391.000000 -309.000000 165.000000
400.000000 -300.000000 165.000000
400.000000 -240.000000 165.000000
0
6
6 0 1 2 3 4 5
6 6 7 8 9 10 11
4 2 1 6 11
4 3 2 11 10
4 5 4 9 8
4 1 0 7 6
0
0
-2
8
400.000000 -170.999969 165.000000
-400.000000 -171.000031 165.000000
-399.999969 -240.000031 165.000000
400.000031 -239.999969 165.000000
-399.999969 -240.000031 0.000000
-400.000000 -171.000031 0.000000
400.000000 -170.999969 0.000000
400.000031 -239.999969 0.000000
0
6
4 7 4 5 6
4 3 0 1 2
4 4 7 3 2
4 5 4 2 1
4 6 5 1 0
4 7 6 0 3
0
0
4
8
-400.000000 -62.500000 201.000000
-400.000000 62.500000 201.000000
-430.000000 62.500000 201.000000
-430.000000 -62.500000 201.000000
-430.000000 62.500000 101.000000
-400.000000 62.500000 101.000000
-400.000000 -62.500000 101.000000
-430.000000 -62.500000 101.000000
0
6
4 7 4 5 6
4 3 0 1 2
4 4 7 3 2
4 5 4 2 1
4 6 5 1 0
4 7 6 0 3
0
0
4
8
200.000000 400.000000 201.000000
200.000000 430.000000 201.000000
-200.000000 430.000000 201.000000
-200.000000 400.000000 201.000000
-200.000000 430.000000 101.000000
200.000000 430.000000 101.000000
200.000000 400.000000 101.000000
-200.000000 400.000000 101.000000
0
6
4 7 4 5 6
4 3 0 1 2
4 4 7 3 2
4 5 4 2 1
4 6 5 1 0
4 7 6 0 3
0
0
-2
8
400.000000 -170.999969 0.000000
400.000000 -148.999969 0.000000
-400.000000 -149.000031 0.000000
-400.000000 -171.000031 0.000000
400.000000 -170.999969 121.000000
-400.000000 -171.000031 121.000000
-400.000000 -149.000031 121.000000
400.000000 -148.999969 121.000000
0
6
4 0 3 2 1
4 4 7 6 5
4 3 0 4 5
4 2 3 5 6
4 1 2 6 7
4 0 1 7 4
0
0
-2
14
369.000031 -330.999969 0.000000
-368.999969 -331.000031 0.000000
-390.999969 -309.000031 0.000000
391.000000 -308.999969 0.000000
-368.999969 -331.000031 121.000000
369.000031 -330.999969 121.000000
391.000031 -308.999969 121.000000
-390.999969 -309.000031 121.000000
-299.999969 -400.000031 165.000000
-368.999969 -331.000031 165.000000
-299.999969 -400.000031 0.000000
-391.000000 -309.000000 165.000000
-400.000000 -300.000000 165.000000
-400.000000 -300.000000 0.000000
0
7
4 0 1 2 3
4 4 5 6 7
4 1 0 5 4
4 3 2 7 6
4 8 9 1 10
4 11 12 13 2
4 2 1 4 7
0
0
