12
0
0
0
1
4
*
24
51.961525 30.000000 12.000000
51.961525 30.000000 0.000000
29.999998 51.961525 12.000000
29.999998 51.961525 0.000000
0.000000 60.000000 12.000000
0.000000 60.000000 0.000000
-30.000004 51.961521 12.000000
-30.000004 51.961521 0.000000
-51.961521 30.000002 12.000000
-51.961521 30.000002 0.000000
-60.000000 0.000000 12.000000
-60.000000 0.000000 0.000000
-51.961525 -30.000000 12.000000
-51.961525 -30.000000 0.000000
-29.999994 -51.961529 12.000000
-29.999994 -51.961529 0.000000
0.000000 -60.000000 12.000000
0.000000 -60.000000 0.000000
29.999994 -51.961529 12.000000
29.999994 -51.961529 0.000000
51.961517 -30.000010 12.000000
51.961517 -30.000010 0.000000
60.000000 0.000000 12.000000
60.000000 0.000000 0.000000
0
36
23 1
1 0
0 22
22 23
1 3
3 2
2 0
3 5
5 4
4 2
5 7
7 6
6 4
7 9
9 8
8 6
9 11
11 10
10 8
11 13
13 12
12 10
13 15
15 14
14 12
15 17
17 16
16 14
17 19
19 18
18 16
19 21
21 20
20 18
21 23
22 20
13
4 1 2 3 4
4 5 6 7 -2
4 8 9 10 -6
4 11 12 13 -9
4 14 15 16 -12
4 17 18 19 -15
4 20 21 22 -18
4 23 24 25 -21
4 26 27 28 -24
4 29 30 31 -27
4 32 33 34 -30
4 35 -4 36 -33
12 -3 -7 -10 -13 -16 -19 -22 -25 -28 -31 -34 -36
0
0
