11
1
-1.000000 0.000000 0.000000
0.000000 0.000000 1.000000
0.000000 1.000000 0.000000
-0.000001 420.000000 0.000000
0
0
2
5
24
0.000000 323.000000 62.500000
0.000000 420.000000 62.500000
-31.250011 323.000000 54.126583
-31.250011 420.000000 54.126583
-54.126591 323.000000 31.249994
-54.126591 420.000000 31.249994
-62.500000 323.000000 0.000000
-62.500000 420.000000 0.000000
-54.126591 323.000000 -31.249994
-54.126591 420.000000 -31.249994
-31.250000 323.000000 -54.126587
-31.250000 420.000000 -54.126587
0.000000 323.000000 -62.500000
0.000000 420.000000 -62.500000
31.250002 323.000000 -54.126587
31.250002 420.000000 -54.126587
54.126587 323.000000 -31.250004
54.126587 420.000000 -31.250004
62.500000 323.000000 0.000000
62.500000 420.000000 0.000000
54.126587 323.000000 31.249998
54.126587 420.000000 31.249998
31.250000 323.000000 54.126587
31.250000 420.000000 54.126587
0
13
4 0 22 23 1
4 22 20 21 23
4 20 18 19 21
4 18 16 17 19
4 16 14 15 17
4 14 12 13 15
4 12 10 11 13
4 10 8 9 11
4 8 6 7 9
4 6 4 5 7
4 4 2 3 5
4 2 0 1 3
12 1 23 21 19 17 15 13 11 9 7 5 3
0
0
5
24
0.000000 290.000000 117.500000
0.000000 323.000000 117.500000
-58.750019 290.000000 101.757973
-58.750019 323.000000 101.757973
-101.757988 290.000000 58.749992
-101.757988 323.000000 58.749992
-117.500000 290.000000 0.000000
-117.500000 323.000000 0.000000
-101.757996 290.000000 -58.749989
-101.757996 323.000000 -58.749989
-58.750000 290.000000 -101.757988
-58.750000 323.000000 -101.757988
0.000000 290.000000 -117.500000
0.000000 323.000000 -117.500000
58.750004 290.000000 -101.757980
58.750004 323.000000 -101.757980
101.757980 290.000000 -58.750008
101.757980 323.000000 -58.750008
117.500000 290.000000 0.000000
117.500000 323.000000 0.000000
101.757988 290.000000 58.749996
101.757988 323.000000 58.749996
58.750000 290.000000 101.757980
58.750000 323.000000 101.757980
0
13
4 0 22 23 1
4 22 20 21 23
4 20 18 19 21
4 18 16 17 19
4 16 14 15 17
4 14 12 13 15
4 12 10 11 13
4 10 8 9 11
4 8 6 7 9
4 6 4 5 7
4 4 2 3 5
4 2 0 1 3
12 1 23 21 19 17 15 13 11 9 7 5 3
0
0
