11
0
0
0
5
-2
10
672.000000 525.000061 0.000000
672.000000 525.000061 299.249603
672.000000 0.000000 608.999207
672.000000 -525.000061 299.249603
672.000000 -525.000061 0.000000
840.000000 0.000000 608.999207
840.000000 -525.000061 299.249603
840.000000 -525.000061 0.000000
840.000000 525.000061 299.249603
840.000000 525.000061 0.000000
0
5
4 5 2 3 6
4 7 6 3 4
4 2 5 8 1
4 9 0 1 8
5 4 3 2 1 0
0
0
-2
10
504.000000 516.250061 0.000000
504.000000 516.250061 294.261871
504.000000 0.000000 598.848694
504.000000 -516.250061 294.261871
504.000000 -516.250061 0.000000
672.000000 0.000000 598.848694
672.000000 -516.250061 294.261871
672.000000 -516.250061 0.000000
672.000000 516.250061 294.261871
672.000000 516.250061 0.000000
0
5
4 5 2 3 6
4 7 6 3 4
4 2 5 8 1
4 9 0 1 8
5 4 3 2 1 0
0
0
-2
10
336.000000 507.500061 0.000000
336.000000 507.500061 289.274750
336.000000 0.000000 588.699463
336.000000 -507.500061 289.274750
336.000000 -507.500061 0.000000
504.000000 0.000000 588.699463
504.000000 -507.500061 289.274750
504.000000 -507.500061 0.000000
504.000000 507.500061 289.274750
504.000000 507.500061 0.000000
0
5
4 5 2 3 6
4 7 6 3 4
4 2 5 8 1
4 9 0 1 8
5 4 3 2 1 0
0
0
-2
10
168.000000 498.750031 0.000000
168.000000 498.750031 284.288330
168.000000 0.000000 578.551697
168.000000 -498.750031 284.288330
168.000000 -498.750031 0.000000
336.000000 0.000000 578.551697
336.000000 -498.750031 284.288330
336.000000 -498.750031 0.000000
336.000000 498.750031 284.288330
336.000000 498.750031 0.000000
0
5
4 5 2 3 6
4 7 6 3 4
4 2 5 8 1
4 9 0 1 8
5 4 3 2 1 0
0
0
-2
10
0.000000 490.000000 0.000000
0.000000 490.000000 279.300018
0.000000 0.000000 568.400024
0.000000 -490.000000 279.300018
0.000000 -490.000000 0.000000
168.000000 0.000000 568.400024
168.000000 -490.000000 279.300018
168.000000 -490.000000 0.000000
168.000000 490.000000 279.300018
168.000000 490.000000 0.000000
0
5
4 5 2 3 6
4 7 6 3 4
4 2 5 8 1
4 9 0 1 8
5 4 3 2 1 0
0
0
