0
1
0.56 0.00 0

16
11
0.00 0.20 0
0.10 0.00 1
0.50 0.00 1
0.60 0.20 1
0.60 0.80 1
0.50 1.00 1
0.10 1.00 1
0.00 0.80 1
0.00 0.20 1
0.10 0.20 0
0.50 0.80 1

17
5
0.00 0.00 0
0.60 0.00 1
0.30 0.00 0
0.30 1.00 1
0.00 0.70 1

18
11
0.60 0.00 0
0.00 0.00 1
0.00 0.40 1
0.10 0.50 1
0.50 0.50 1
0.60 0.60 1
0.60 0.90 1
0.50 1.00 1
0.10 1.00 1
0.00 0.90 1
0.00 0.80 1

19
15
0.00 0.80 0
0.00 0.90 1
0.10 1.00 1
0.50 1.00 1
0.60 0.90 1
0.60 0.60 1
0.50 0.50 1
0.20 0.50 1
0.50 0.50 0
0.60 0.40 1
0.60 0.10 1
0.50 0.00 1
0.10 0.00 1
0.00 0.10 1
0.00 0.20 1

20
4
0.50 0.00 0
0.50 1.00 1
0.00 0.40 1
0.60 0.40 1

21
11
0.60 0.90 0
0.60 1.00 1
0.00 1.00 1
0.00 0.60 1
0.50 0.60 1
0.60 0.50 1
0.60 0.10 1
0.50 0.00 1
0.10 0.00 1
0.00 0.10 1
0.00 0.20 1

22
13
0.60 0.80 0
0.60 0.90 1
0.50 1.00 1
0.10 1.00 1
0.00 0.90 1
0.00 0.10 1
0.10 0.00 1
0.50 0.00 1
0.60 0.10 1
0.60 0.50 1
0.50 0.60 1
0.10 0.60 1
0.00 0.50 1

23
4
0.00 0.90 0
0.00 1.00 1
0.60 1.00 1
0.20 0.00 1

24
16
0.10 0.50 0
0.00 0.60 1
0.00 0.90 1
0.10 1.00 1
0.50 1.00 1
0.60 0.90 1
0.60 0.60 1
0.50 0.50 1
0.10 0.50 1
0.00 0.40 1
0.00 0.10 1
0.10 0.00 1
0.50 0.00 1
0.60 0.10 1
0.60 0.40 1
0.50 0.50 1

25
13
0.00 0.20 0
0.00 0.10 1
0.10 0.00 1
0.50 0.00 1
0.60 0.10 1
0.60 0.90 1
0.50 1.00 1
0.10 1.00 1
0.00 0.90 1
0.00 0.50 1
0.10 0.40 1
0.50 0.40 1
0.60 0.50 1

33
10
0.00 0.00 0
0.00 0.50 1
0.00 0.70 1
0.20 1.00 1
0.00 0.50 0
0.60 0.50 1
0.20 1.00 0
0.40 1.00 1
0.60 0.70 1
0.60 0.00 1

34
13
0.00 0.00 0
0.00 1.00 1
0.50 1.00 1
0.60 0.90 1
0.60 0.60 1
0.00 0.50 0
0.50 0.50 1
0.60 0.60 0
0.50 0.50 1
0.60 0.40 1
0.60 0.10 1
0.50 0.00 1
0.00 0.00 1

35
8
0.60 0.10 0
0.50 0.00 1
0.10 0.00 1
0.00 0.10 1
0.00 0.90 1
0.10 1.00 1
0.50 1.00 1
0.60 0.90 1

36
7
0.60 0.20 0
0.40 0.00 1
0.00 0.00 1
0.00 1.00 1
0.40 1.00 1
0.60 0.80 1
0.60 0.20 1

37
7
0.60 0.00 0
0.00 0.00 1
0.00 1.00 1
0.00 0.50 0
0.40 0.50 1
0.00 1.00 0
0.60 1.00 1

38
5
0.00 0.00 0
0.00 1.00 1
0.60 1.00 1
0.00 0.50 0
0.40 0.50 1

39
10
0.40 0.40 0
0.60 0.40 1
0.60 0.10 1
0.50 0.00 1
0.10 0.00 1
0.00 0.10 1
0.00 0.90 1
0.10 1.00 1
0.50 1.00 1
0.60 0.90 1

40
6
0.00 1.00 0
0.00 0.00 1
0.60 1.00 0
0.60 0.00 1
0.00 0.50 0
0.60 0.50 1

41
6
0.00 1.00 0
0.60 1.00 1
0.30 1.00 0
0.30 0.00 1
0.00 0.00 0
0.60 0.00 1

42
6
0.60 1.00 0
0.60 0.10 1
0.50 0.00 1
0.10 0.00 1
0.00 0.10 1
0.00 0.20 1

43
5
0.00 1.00 0
0.00 0.00 1
0.60 1.00 0
0.00 0.50 1
0.60 0.00 1

44
3
0.00 1.00 0
0.00 0.00 1
0.60 0.00 1

45
5
0.00 0.00 0
0.00 1.00 1
0.30 0.50 1
0.60 1.00 1
0.60 0.00 1

46
4
0.00 0.00 0
0.00 1.00 1
0.60 0.00 1
0.60 1.00 1

47
9
0.10 0.00 0
0.00 0.10 1
0.00 0.90 1
0.10 1.00 1
0.50 1.00 1
0.60 0.90 1
0.60 0.10 1
0.50 0.00 1
0.10 0.00 1

48
7
0.00 0.00 0
0.00 1.00 1
0.50 1.00 1
0.60 0.90 1
0.60 0.60 1
0.50 0.50 1
0.00 0.50 1

49
11
0.10 0.00 0
0.00 0.10 1
0.00 0.90 1
0.10 1.00 1
0.50 1.00 1
0.60 0.90 1
0.60 0.10 1
0.50 0.00 1
0.10 0.00 1
0.40 0.20 0
0.60 0.00 1

50
9
0.00 0.00 0
0.00 1.00 1
0.50 1.00 1
0.60 0.90 1
0.60 0.60 1
0.50 0.50 1
0.00 0.50 1
0.40 0.50 0
0.60 0.00 1

51
12
0.00 0.10 0
0.10 0.00 1
0.50 0.00 1
0.60 0.10 1
0.60 0.40 1
0.50 0.50 1
0.10 0.50 1
0.00 0.60 1
0.00 0.90 1
0.10 1.00 1
0.50 1.00 1
0.60 0.90 1

52
4
0.00 1.00 0
0.60 1.00 1
0.30 1.00 0
0.30 0.00 1

53
6
0.00 1.00 0
0.00 0.10 1
0.10 0.00 1
0.50 0.00 1
0.60 0.10 1
0.60 1.00 1

54
3
0.00 1.00 0
0.30 0.00 1
0.60 1.00 1

55
5
0.00 1.00 0
0.00 0.00 1
0.30 0.50 1
0.60 0.00 1
0.60 1.00 1

56
4
0.00 1.00 0
0.60 0.00 1
0.60 1.00 0
0.00 0.00 1

57
5
0.00 1.00 0
0.30 0.50 1
0.60 1.00 1
0.30 0.50 0
0.30 0.00 1

58
4
0.00 1.00 0
0.60 1.00 1
0.00 0.00 1
0.60 0.00 1

14
5
0.00 0.00 0
0.10 0.00 1
0.10 0.10 1
0.00 0.10 1
0.00 0.00 1

94
6
0.00 0.50 0
0.60 0.50 1
0.30 0.80 0
0.30 0.20 1
0.00 0.10 0
0.60 0.10 1

11
4
0.00 0.50 0
0.60 0.50 1
0.30 0.80 0
0.30 0.20 1

13
2
0.00 0.50 0
0.60 0.50 1

3
8
0.32 0.72 0
0.16 0.16 1
0.52 0.72 0
0.36 0.16 1
0.08 0.52 0
0.64 0.52 1
0.04 0.36 0
0.60 0.36 1

4
14
0.00 0.20 0
0.10 0.10 1
0.30 0.10 1
0.40 0.20 1
0.40 0.40 1
0.30 0.50 1
0.10 0.50 1
0.00 0.60 1
0.00 0.80 1
0.10 0.90 1
0.30 0.90 1
0.40 0.80 1
0.20 1.00 0
0.20 0.00 1

12
6
0.00 -0.10 0
0.10 0.00 1
0.10 0.10 1
0.00 0.10 1
0.00 0.00 1
0.10 0.00 1

1
11
0.00 0.10 0
0.00 0.00 1
0.10 0.00 1
0.10 0.10 1
0.00 0.10 1
0.05 0.20 0
0.00 0.90 1
0.00 1.00 1
0.10 1.00 1
0.10 0.90 1
0.05 0.20 1

5
12
0.00 0.00 0
0.60 1.00 1
0.00 0.90 0
0.00 0.70 1
0.20 0.70 1
0.20 0.90 1
0.00 0.90 1
0.60 0.10 0
0.60 0.30 1
0.40 0.30 1
0.40 0.10 1
0.60 0.10 1

62
3
0.00 0.61 0
0.30 1.00 1
0.60 0.60 1

6
13
0.60 0.20 0
0.60 0.10 1
0.50 0.00 1
0.10 0.00 1
0.00 0.10 1
0.00 0.40 1
0.40 0.70 1
0.40 0.90 1
0.30 1.00 1
0.20 1.00 1
0.10 0.90 1
0.10 0.70 1
0.60 0.00 1

10
6
0.00 0.50 0
0.60 0.50 1
0.10 0.20 0
0.50 0.80 1
0.10 0.80 0
0.50 0.20 1

8
6
0.20 1.00 0
0.10 0.90 1
0.00 0.60 1
0.00 0.40 1
0.10 0.10 1
0.20 0.00 1

9
6
0.00 1.00 0
0.10 0.90 1
0.20 0.60 1
0.20 0.40 1
0.10 0.10 1
0.00 0.00 1

29
4
0.00 0.60 0
0.60 0.60 1
0.00 0.40 0
0.60 0.40 1

26
10
0.00 0.00 0
0.10 0.00 1
0.10 0.10 1
0.00 0.10 1
0.00 0.00 1
0.00 0.50 0
0.10 0.50 1
0.10 0.60 1
0.00 0.60 1
0.00 0.50 1

27
12
0.00 -0.10 0
0.10 0.00 1
0.10 0.10 1
0.00 0.10 1
0.00 0.00 1
0.00 0.50 0
0.10 0.50 1
0.10 0.60 1
0.00 0.60 1
0.00 0.50 1
0.00 0.00 0
0.10 0.00 1

7
6
0.00 0.80 0
0.10 0.90 1
0.10 1.00 1
0.00 1.00 1
0.00 0.90 1
0.10 0.90 1

2
12
0.05 0.80 0
0.10 0.90 1
0.10 1.00 1
0.00 1.00 1
0.00 0.90 1
0.05 0.80 1
0.25 0.80 0
0.30 0.90 1
0.30 1.00 1
0.20 1.00 1
0.20 0.90 1
0.25 0.80 1

28
3
0.60 0.80 0
0.00 0.50 1
0.60 0.20 1

30
3
0.00 0.80 0
0.60 0.50 1
0.00 0.20 1

15
2
0.00 0.00 0
0.60 1.00 1

31
13
0.00 0.80 0
0.00 0.90 1
0.10 1.00 1
0.50 1.00 1
0.60 0.90 1
0.60 0.60 1
0.30 0.40 1
0.30 0.20 1
0.25 0.10 0
0.25 0.00 1
0.35 0.00 1
0.35 0.10 1
0.25 0.10 1

65
13
0.50 0.00 0
0.50 0.50 1
0.40 0.60 1
0.10 0.60 1
0.00 0.50 1
0.50 0.10 0
0.40 0.00 1
0.10 0.00 1
0.00 0.10 1
0.00 0.30 1
0.10 0.40 1
0.40 0.40 1
0.50 0.30 1

66
7
0.00 1.00 0
0.00 0.00 1
0.40 0.00 1
0.50 0.10 1
0.50 0.50 1
0.40 0.60 1
0.00 0.60 1

67
8
0.50 0.10 0
0.40 0.00 1
0.10 0.00 1
0.00 0.10 1
0.00 0.50 1
0.10 0.60 1
0.40 0.60 1
0.50 0.50 1

68
7
0.50 1.00 0
0.50 0.00 1
0.10 0.00 1
0.00 0.10 1
0.00 0.50 1
0.10 0.60 1
0.50 0.60 1

69
10
0.50 0.10 0
0.40 0.00 1
0.10 0.00 1
0.00 0.10 1
0.00 0.50 1
0.10 0.60 1
0.40 0.60 1
0.50 0.50 1
0.50 0.30 1
0.00 0.30 1

70
7
0.10 0.00 0
0.10 0.90 1
0.20 1.00 1
0.30 1.00 1
0.40 0.90 1
0.00 0.60 0
0.20 0.60 1

71
12
0.00 -0.10 0
0.10 -0.20 1
0.40 -0.20 1
0.50 -0.10 1
0.50 0.50 1
0.40 0.60 1
0.10 0.60 1
0.00 0.50 1
0.00 0.10 1
0.10 0.00 1
0.40 0.00 1
0.50 0.10 1

72
7
0.00 1.00 0
0.00 0.00 1
0.00 0.50 0
0.10 0.60 1
0.40 0.60 1
0.50 0.50 1
0.50 0.00 1

73
6
0.00 0.00 0
0.10 0.00 1
0.05 0.00 0
0.05 0.60 1
0.05 0.70 0
0.05 0.75 1

74
7
0.00 -0.15 0
0.05 -0.20 1
0.10 -0.20 1
0.15 -0.15 1
0.15 0.60 1
0.15 0.70 0
0.15 0.75 1

75
5
0.00 1.00 0
0.00 0.00 1
0.30 0.60 0
0.00 0.30 1
0.30 0.00 1

76
5
0.00 1.00 0
0.10 1.00 1
0.10 0.00 1
0.00 0.00 0
0.20 0.00 1

77
12
0.00 0.00 0
0.00 0.60 1
0.00 0.50 0
0.10 0.60 1
0.20 0.60 1
0.30 0.50 1
0.40 0.60 1
0.50 0.60 1
0.60 0.50 1
0.60 0.00 1
0.30 0.50 0
0.30 0.10 1

78
7
0.00 0.60 0
0.00 0.00 1
0.00 0.50 0
0.10 0.60 1
0.40 0.60 1
0.50 0.50 1
0.50 0.00 1

79
9
0.00 0.10 0
0.10 0.00 1
0.40 0.00 1
0.50 0.10 1
0.50 0.50 1
0.40 0.60 1
0.10 0.60 1
0.00 0.50 1
0.00 0.10 1

80
10
0.00 -0.20 0
0.00 0.60 1
0.00 0.50 0
0.10 0.60 1
0.40 0.60 1
0.50 0.50 1
0.50 0.10 1
0.40 0.00 1
0.10 0.00 1
0.00 0.10 1

81
12
0.50 0.60 0
0.50 -0.20 1
0.40 -0.20 0
0.60 -0.20 1
0.50 0.50 0
0.40 0.60 1
0.10 0.60 1
0.00 0.50 1
0.00 0.10 1
0.10 0.00 1
0.40 0.00 1
0.50 0.10 1

82
6
0.00 0.60 0
0.00 0.00 1
0.00 0.50 0
0.10 0.60 1
0.20 0.60 1
0.30 0.50 1

83
12
0.50 0.50 0
0.40 0.60 1
0.10 0.60 1
0.00 0.50 1
0.00 0.40 1
0.10 0.30 1
0.40 0.30 1
0.50 0.20 1
0.50 0.10 1
0.40 0.00 1
0.10 0.00 1
0.00 0.10 1

84
7
0.10 0.90 0
0.10 0.05 1
0.15 0.00 1
0.20 0.00 1
0.25 0.05 1
0.00 0.60 0
0.20 0.60 1

85
7
0.00 0.60 0
0.00 0.10 1
0.10 0.00 1
0.40 0.00 1
0.50 0.10 1
0.50 0.60 0
0.50 0.00 1

86
3
0.00 0.60 0
0.25 0.00 1
0.50 0.60 1

87
5
0.00 0.60 0
0.15 0.00 1
0.25 0.30 1
0.35 0.00 1
0.50 0.60 1

88
4
0.00 0.00 0
0.50 0.60 1
0.00 0.60 0
0.50 0.00 1

89
5
0.00 -0.20 0
0.10 -0.20 1
0.50 0.60 1
0.00 0.60 0
0.25 0.10 1

90
4
0.00 0.60 0
0.50 0.60 1
0.00 0.00 1
0.50 0.00 1

59
4
0.20 1.00 0
0.00 1.00 1
0.00 0.00 1
0.20 0.00 1

61
4
0.00 0.00 0
0.20 0.00 1
0.20 1.00 1
0.00 1.00 1

91
9
0.30 1.00 0
0.20 1.00 1
0.10 0.90 1
0.10 0.60 1
0.00 0.50 1
0.10 0.40 1
0.10 0.10 1
0.20 0.00 1
0.30 0.00 1

93
9
0.00 1.00 0
0.10 1.00 1
0.20 0.90 1
0.20 0.60 1
0.30 0.50 1
0.20 0.40 1
0.20 0.10 1
0.10 0.00 1
0.00 0.00 1

64
6
0.10 0.80 0
0.00 0.90 1
0.00 1.00 1
0.10 1.00 1
0.10 0.90 1
0.00 0.90 1

60
2
0.15 0.95 0
0.85 0.05 1

63
2
0.05 0.00 0
0.95 0.00 1

94
4
0.15 0.5 0
0.35 0.75 1
0.6 0.5 1
0.85 0.75 1

92
2
0.0 0.0 0
0.0 1.0 1

32
15
0.60 0.30 0
0.60 0.80 1
0.50 0.90 1
0.10 0.90 1
0.05 0.80 1
0.05 0.10 1
0.10 0.05 1
0.65 0.05 1
0.75 0.15 1
0.60 0.60 0
0.54 0.70 1
0.20 0.70 1
0.15 0.60 1
0.15 0.30 1
0.60 0.30 1
-1
