65
32
0.000000 0.002024 0
0.000000 0.121457 1
0.000000 0.224696 1
0.050847 0.322874 1
0.165503 0.359312 1
0.495513 0.420040 1
0.543370 0.536437 1
0.477567 0.609312 1
0.393819 0.670040 1
0.177468 0.682186 1
0.062812 0.597166 1
0.044865 0.560729 1
0.068794 0.530364 1
0.074776 0.578947 1
0.591226 0.480769 0
0.597208 0.176113 1
0.646062 0.060729 1
0.753739 -0.034413 1
0.646062 0.012146 1
0.543370 0.127530 1
0.555334 0.548583 1
0.549352 0.145749 0
0.356929 -0.034413 1
0.171486 -0.022267 1
0.104686 0.060729 1
0.044865 0.133603 1
0.050847 0.224696 1
0.110668 0.316802 1
0.183450 0.365385 1
0.195414 -0.040486 0
0.074776 0.030364 1
-0.005982 0.127530 1

66
28
0.000000 0.008000 0
0.002991 0.988000 0
0.201396 0.988000 1
0.201396 -0.006000 1
0.153539 -0.006000 0
0.153539 1.000000 1
0.201396 0.524000 0
0.249252 0.566000 1
0.315055 0.608000 1
0.374875 0.668000 1
0.501496 0.686000 1
0.652044 0.626000 1
0.759721 0.524000 1
0.807577 0.391000 1
0.801595 0.283000 1
0.735793 0.144000 1
0.646062 0.048000 1
0.525424 0.006000 1
0.380857 0.006000 1
0.285145 0.072000 1
0.213360 0.132000 1
0.495513 0.668000 0
0.652044 0.560000 1
0.735793 0.439000 1
0.747757 0.265000 1
0.693918 0.156000 1
0.615155 0.054000 1
0.501496 -0.006000 1

67
28
0.002022 0.000998 0
0.000000 0.256487 0
-0.002022 0.384232 1
0.047523 0.533932 1
0.142568 0.628743 1
0.285136 0.670659 1
0.445905 0.670659 1
0.550051 0.623753 1
0.654196 0.516966 1
0.654196 0.479042 1
0.605662 0.423154 1
0.550051 0.483034 1
0.601618 0.525948 1
0.658241 0.144711 0
0.550051 0.059880 1
0.402427 0.011976 1
0.311426 0.003992 1
0.146613 0.046906 1
0.055612 0.144711 1
0.008089 0.277445 1
0.237614 0.029940 0
0.104146 0.131737 1
0.060667 0.269461 1
0.055612 0.367266 1
0.099090 0.512974 1
0.146613 0.563872 1
0.199191 0.615769 1
0.290192 0.666667 1

68
31
0.001988 -0.000996 0
0.000000 0.257968 0
-0.001988 0.394422 1
0.046720 0.526892 1
0.136183 0.624502 1
0.272366 0.671315 1
0.387674 0.671315 1
0.494036 0.624502 1
0.604374 0.521912 1
0.438370 0.996016 0
0.643141 1.000000 1
0.651093 0.005976 1
0.796223 0.005976 0
0.600398 0.001992 1
0.591451 0.996016 1
0.595427 0.155378 0
0.501988 0.061753 1
0.395626 0.013944 1
0.268390 0.013944 1
0.149105 0.052789 1
0.097416 0.112550 1
0.037773 0.159363 1
0.007952 0.270916 1
0.250497 0.039841 0
0.166004 0.069721 1
0.106362 0.138446 1
0.050696 0.274900 1
0.037773 0.385458 1
0.102386 0.526892 1
0.162028 0.586653 1
0.293241 0.671315 1

69
29
0.000000 -0.005000 0
0.002008 0.228000 0
0.000000 0.400000 1
0.040161 0.533000 1
0.143574 0.636000 1
0.281124 0.687000 1
0.440763 0.678000 1
0.544177 0.627000 1
0.651606 0.473000 1
0.655623 0.374000 1
0.036145 0.383000 1
0.535141 0.627000 0
0.591365 0.516000 1
0.591365 0.396000 1
0.655623 0.160000 0
0.544177 0.061000 1
0.380522 0.010000 1
0.268072 0.023000 1
0.135542 0.061000 1
0.040161 0.151000 1
0.000000 0.250000 1
0.255020 0.031000 0
0.169679 0.074000 1
0.092369 0.156000 1
0.027108 0.271000 1
0.040161 0.387000 1
0.083333 0.507000 1
0.194779 0.636000 1
0.290161 0.674000 1

70
18
0.000000 0.004980 0
0.002008 0.328685 0
0.405622 0.324701 1
0.418675 0.627490 0
0.380522 0.575697 1
0.418675 0.528884 1
0.478916 0.567729 1
0.478916 0.618526 1
0.431727 0.665339 1
0.333333 0.665339 1
0.224900 0.614542 1
0.173695 0.515936 1
0.169679 -0.991036 1
0.010040 -1.000000 0
0.363454 -1.000000 1
0.220884 -0.991036 0
0.212851 0.515936 1
0.320281 0.661355 1

71
51
0.006012 -0.004042 0
0.043086 0.004850 0
0.043086 0.046079 1
0.141283 0.164107 1
0.103206 0.232821 1
0.094188 0.316087 1
0.137275 0.392886 1
0.201403 0.426839 1
0.296593 0.479386 1
0.386774 0.479386 1
0.545090 0.406629 1
0.609218 0.323363 1
0.614228 0.250606 1
0.554108 0.160065 1
0.407816 0.084074 1
0.304609 0.080841 1
0.146293 0.167340 1
0.497996 0.430881 0
0.554108 0.350849 1
0.554108 0.205335 1
0.502004 0.129345 1
0.201403 0.434115 0
0.146293 0.358124 1
0.146293 0.212611 1
0.184369 0.150364 1
0.566132 0.392886 0
0.596192 0.430881 1
0.699399 0.472110 1
0.699399 0.434115 1
0.605210 0.434115 1
0.039078 0.035570 0
0.103206 -0.190784 1
0.253507 -0.308003 1
0.502004 -0.312045 1
0.648297 -0.418755 1
0.699399 -0.530315 1
0.699399 -0.668553 1
0.652305 -0.886823 1
0.488978 -1.000000 1
0.207415 -1.000000 1
0.057114 -0.898141 1
-0.003006 -0.675829 1
0.003006 -0.535166 1
0.051102 -0.316896 1
0.237475 -0.181083 1
0.045090 0.033953 0
0.105210 -0.059822 1
0.243487 -0.195635 1
0.488978 -0.195635 1
0.657315 -0.312045 1
0.711423 -0.530315 1

72
21
0.003015 -0.000997 0
0.108543 0.013958 0
0.120603 0.988036 1
-0.009045 0.994018 0
0.186935 0.994018 1
0.174874 0.007976 1
0.174874 0.552343 0
0.289447 0.630110 1
0.427136 0.666002 1
0.523618 0.666002 1
0.680402 0.612163 1
0.734673 0.522433 1
0.728643 -0.005982 1
0.680402 -0.005982 0
0.680402 0.498504 1
0.638191 0.612163 1
0.547739 0.654038 1
0.535678 -0.029910 0
0.885427 -0.023928 1
-0.003015 -0.029910 0
0.325628 -0.029910 1

73
13
0.002979 0.006993 0
0.339623 0.000000 0
-0.008937 -0.005994 1
0.142999 -0.007992 0
0.154916 0.647353 1
0.005958 0.677323 0
0.184707 0.653347 1
0.196624 0.000000 1
0.154916 0.898102 0
0.083416 0.940060 1
0.160874 0.988012 1
0.184707 0.934066 1
0.142999 0.880120 1

74
21
0.002997 -0.000976 0
0.071928 0.640000 0
0.299700 0.645854 1
0.305694 -0.567805 1
0.245754 -0.825366 1
0.143856 -0.994146 1
0.041958 -1.000000 1
0.000000 -0.859512 1
0.000000 -0.720000 1
0.029970 -0.591220 1
0.095904 -0.720000 1
0.047952 -0.842927 1
0.137862 -0.988293 0
0.191808 -0.825366 1
0.245754 -0.573659 1
0.233766 0.634146 1
0.257742 0.890732 0
0.203796 0.925854 1
0.245754 0.966829 1
0.299700 0.920000 1
0.257742 0.890732 1

75
23
0.002979 -0.000997 0
0.345581 0.007976 1
0.541212 0.000000 0
0.845084 0.001994 1
0.154916 0.000000 0
0.154916 0.994018 1
0.011917 0.988036 0
0.196624 0.994018 1
0.202582 0.000000 1
0.202582 0.181456 0
0.696127 0.660020 1
0.565045 0.660020 0
0.839126 0.660020 1
0.398213 0.372881 0
0.684211 0.007976 1
0.553128 0.000000 0
0.833168 0.000000 1
0.755710 0.000000 0
0.428004 0.414756 1
0.547170 0.660020 0
0.833168 0.666002 1
0.690169 0.666002 0
0.202582 0.193420 1

76
7
0.002997 -0.012808 0
0.353646 0.013793 1
0.149850 0.013793 0
0.155844 0.988177 1
-0.002997 0.994089 0
0.191808 0.988177 1
0.197802 0.019704 1

77
35
0.000495 -0.002973 0
0.061851 0.000000 0
0.061851 0.639247 1
0.000000 0.649158 0
0.091044 0.659068 1
0.091044 0.005946 1
-0.004948 -0.029732 0
0.173676 -0.019822 1
0.086096 0.522299 0
0.139535 0.600595 1
0.202870 0.659068 1
0.265710 0.677899 1
0.333993 0.629336 1
0.368135 0.522299 1
0.372588 0.005946 1
0.333993 0.005946 0
0.338941 0.542121 1
0.304800 0.629336 1
0.260762 0.668979 1
0.294904 -0.019822 0
0.450767 -0.019822 1
0.363187 0.532210 0
0.397328 0.580773 1
0.450767 0.629336 1
0.494310 0.649158 1
0.542801 0.649158 1
0.625433 0.570862 1
0.640277 0.483647 1
0.645225 0.000000 1
0.606136 0.000000 0
0.616032 0.503469 1
0.571994 0.610505 1
0.552697 0.659068 1
0.547749 -0.019822 0
0.727363 -0.019822 1

78
19
0.016129 -0.003003 0
0.326613 0.006006 1
0.118952 0.016016 0
0.118952 0.665666 1
0.000000 0.675676 0
0.187500 0.655656 1
0.178427 0.016016 1
0.168347 0.547548 0
0.287298 0.616617 1
0.435484 0.655656 1
0.554436 0.655656 1
0.673387 0.635636 1
0.741936 0.527528 1
0.752016 0.006006 1
0.682460 0.000000 0
0.692540 0.498498 1
0.554436 0.655656 1
0.564516 0.000000 0
0.930444 0.000000 1

79
32
0.002002 0.001001 0
0.000000 0.291291 0
0.000000 0.369369 1
0.039039 0.509510 1
0.160160 0.621622 1
0.296296 0.660661 1
0.407407 0.674675 1
0.524525 0.621622 1
0.650651 0.514515 1
0.694695 0.393393 1
0.694695 0.257257 1
0.640641 0.136136 1
0.558559 0.048048 1
0.403403 0.000000 1
0.301301 0.000000 1
0.160160 0.034034 1
0.058058 0.111111 1
0.005005 0.257257 1
0.286286 0.664665 0
0.189189 0.601602 1
0.107107 0.524525 1
0.039039 0.359359 1
0.044044 0.257257 1
0.087087 0.136136 1
0.213213 0.029029 1
0.466466 0.024024 0
0.577578 0.131131 1
0.650651 0.281281 1
0.650651 0.354354 1
0.587588 0.509510 1
0.504505 0.582583 1
0.407407 0.669670 1

80
35
0.000000 0.000976 0
0.142147 0.004878 0
0.147117 0.647805 1
0.006958 0.643902 0
0.194831 0.643902 1
0.199801 -0.991220 1
0.001988 -1.000000 0
0.353877 -0.991220 1
0.147117 -0.991220 0
0.151093 0.639024 1
0.204771 0.506341 0
0.247515 0.549268 1
0.301193 0.596098 1
0.402585 0.647805 1
0.499006 0.643902 1
0.648111 0.610732 1
0.749503 0.524878 1
0.788270 0.383415 1
0.802187 0.274146 1
0.749503 0.146341 1
0.705765 0.089756 1
0.653081 0.038049 1
0.517893 -0.006829 1
0.397614 -0.001951 1
0.330020 0.042927 1
0.272366 0.084878 1
0.204771 0.141463 1
0.507952 0.652683 0
0.643141 0.562927 1
0.695825 0.506341 1
0.754473 0.388293 1
0.739563 0.283902 1
0.700795 0.156098 1
0.609344 0.066341 1
0.502982 0.000000 1

81
31
0.000000 0.000986 0
0.000000 0.268245 0
0.000000 0.387574 1
0.055221 0.535503 1
0.143574 0.617357 1
0.280120 0.659763 1
0.386546 0.664694 1
0.498996 0.607495 1
0.601406 0.516765 1
0.280120 0.654832 0
0.152610 0.573964 1
0.123494 0.550296 1
0.046185 0.377712 1
0.099398 0.152860 1
0.206827 0.047337 1
0.280120 0.018738 1
0.299197 0.000000 1
0.391566 0.013807 1
0.478916 0.038462 1
0.542169 0.085799 1
0.596386 0.147929 1
0.313253 0.004931 0
0.157631 0.043393 1
0.065261 0.114398 1
0.007028 0.268245 1
0.601406 0.654832 0
0.605422 -0.973373 1
0.454819 -0.987179 0
0.805221 -0.987179 1
0.664659 -0.987179 0
0.649598 0.645957 1

82
17
0.012195 -0.005935 0
0.354675 0.011869 1
0.162602 0.011869 0
0.167683 0.659743 1
0.014228 0.668645 0
0.216463 0.668645 1
0.221545 0.006924 1
0.221545 0.380811 0
0.266260 0.510386 1
0.373984 0.621167 1
0.482724 0.673590 1
0.620935 0.673590 1
0.679878 0.621167 1
0.669715 0.577646 1
0.615854 0.539070 1
0.571138 0.587537 1
0.631098 0.616222 1

83
28
0.004970 -0.005935 0
0.006958 0.217606 1
0.059642 0.097923 1
0.011928 0.011869 1
0.064612 0.097923 0
0.127237 0.045500 1
0.204771 0.004946 1
0.416501 0.004946 1
0.517893 0.059347 1
0.561630 0.107814 1
0.561630 0.242334 1
0.527833 0.299703 1
0.079523 0.481701 1
0.030815 0.530168 1
0.016899 0.606330 1
0.055666 0.654797 1
0.166004 0.707221 1
0.353877 0.707221 1
0.455268 0.654797 1
0.522863 0.621167 1
0.570577 0.697329 1
0.570577 0.520277 1
0.512922 0.611276 1
0.556660 0.217606 0
0.503976 0.256182 1
0.074553 0.443126 1
0.021869 0.496538 1
0.016899 0.553907 1

84
14
0.000000 -0.000994 0
-0.004995 0.666998 0
0.384615 0.671968 1
0.142857 0.995030 0
0.137862 0.204771 1
0.181818 0.045726 1
0.282717 -0.018887 1
0.384615 -0.018887 1
0.476523 0.040755 1
0.535465 0.127237 1
0.297702 0.006958 0
0.244755 0.025845 1
0.200799 0.175944 1
0.200799 1.000000 1

85
20
0.002012 -0.005906 0
0.000000 0.651575 0
0.219316 0.651575 1
0.092555 0.656496 0
0.087525 0.145669 1
0.146881 0.050197 1
0.268612 0.016732 1
0.405433 0.006890 1
0.537223 0.050197 1
0.658954 0.135827 1
0.150905 0.656496 0
0.150905 0.174213 1
0.214286 0.050197 1
0.273642 0.011811 1
0.556338 0.651575 0
0.770624 0.651575 1
0.770624 -0.008858 1
0.917505 -0.023622 0
0.717304 -0.018701 1
0.712274 0.656496 1

86
11
0.002022 0.005976 0
-0.002022 0.666335 0
0.299292 0.661355 1
0.049545 0.661355 0
0.352882 -0.004980 1
0.397371 -0.004980 0
0.701719 0.661355 1
0.505561 0.661355 0
0.794742 0.661355 1
0.098079 0.652391 0
0.347826 0.110558 1


87
14
0.001982 -0.000994 0
-0.001982 0.662028 0
0.345887 0.658052 1
0.144698 0.662028 0
0.350842 0.000000 1
0.543112 0.662028 1
0.740337 0.006958 1
0.942517 0.662028 1
0.797820 0.662028 0
1.000000 0.662028 1
0.600595 0.653081 0
0.754212 0.127237 1
0.202180 0.658052 0
0.355798 0.137177 1

88
14
0.002002 0.001001 0
0.286286 0.000000 1
0.097097 0.000000 0
0.694695 0.664665 1
0.490490 0.664665 0
0.791792 0.669670 1
0.005005 0.664665 0
0.286286 0.664665 1
0.087087 0.660661 0
0.640641 0.014014 1
0.150150 0.669670 0
0.694695 0.010010 1
0.504505 -0.002002 0
0.805806 -0.002002 1

89
18
0.000000 0.001001 0
0.007064 0.703704 0
0.281534 0.708709 1
0.065590 0.708709 0
0.374369 0.034034 1
0.115035 0.703704 0
0.369324 0.131131 1
0.491423 0.698699 0
0.800202 0.698699 1
0.716448 0.703704 0
0.412714 0.048048 1
0.281534 -0.477477 1
0.192735 -0.700701 1
0.094854 -0.885886 1
0.041372 -0.885886 1
0.000000 -0.744745 1
0.036327 -0.603604 1
0.094854 -0.729730 1

90
16
0.002002 0.014940 0
0.601602 -0.015936 1
0.597598 0.164343 1
0.548549 -0.013944 1
0.063063 -0.008964 0
0.597598 0.643426 1
-0.002002 0.643426 1
-0.002002 0.464143 1
0.053053 0.647410 1
0.538539 0.647410 0
0.005005 -0.013944 1
0.601602 0.647410 0
0.601602 0.657370 0
0.005005 0.652390 1
0.005005 0.454183 1
0.053053 0.647410 1

17
11
0.001002 0.000987 0
0.454910 0.000000 1
0.000000 0.796644 0
0.091182 0.848964 1
0.182365 0.928924 1
0.244489 0.990128 1
0.253507 1.000000 1
0.249499 0.004936 1
0.182365 0.000000 0
0.196393 0.000000 0
0.196393 0.928924 1

18
41
0.000001 0.000000 0
0.004985 0.085044 0
0.014955 0.164223 1
0.061815 0.304985 1
0.147557 0.389052 1
0.271186 0.449658 1
0.461615 0.510264 1
0.652044 0.626588 1
0.713858 0.729228 1
0.713858 0.823069 1
0.628116 0.929619 1
0.605184 0.957967 1
0.471585 0.995112 1
0.257228 1.000000 1
0.119641 0.967742 1
0.004985 0.823069 1
0.000000 0.776149 1
0.042871 0.724340 1
0.090728 0.757576 1
0.047856 0.799609 1
0.305085 0.453568 0
0.409771 0.491691 1
0.523430 0.570870 1
0.628116 0.650049 1
0.662014 0.710655 1
0.657029 0.784946 1
0.619143 0.869013 1
0.557328 0.925709 1
0.461615 0.991202 1
0.014955 0.085044 0
0.057827 0.131965 1
0.147557 0.131965 1
0.395813 0.039101 1
0.552343 0.039101 1
0.648056 0.094819 1
0.709870 0.136852 1
0.670987 0.066471 1
0.619143 0.019550 1
0.605184 0.000000 1
0.414756 0.000000 1
0.190429 0.118280 1

19
44
0.001012 0.000000 0
0.048583 0.188605 0
0.097166 0.230845 1
0.048583 0.277996 1
-0.001012 0.226916 1
0.005061 0.179764 1
0.058704 0.090373 1
0.116397 0.039293 1
0.256073 0.005894 1
0.468623 0.000982 1
0.623482 0.043222 1
0.652834 0.071709 1
0.724696 0.174853 1
0.724696 0.325147 1
0.667004 0.409627 1
0.565789 0.517682 1
0.468623 0.563851 1
0.483806 0.587426 1
0.574899 0.634578 1
0.614373 0.719057 1
0.614373 0.850688 1
0.574899 0.953831 1
0.464575 0.996071 1
0.271255 1.000000 1
0.116397 0.957760 1
0.043522 0.883104 1
0.010121 0.827112 1
0.010121 0.770138 1
0.048583 0.727898 1
0.102227 0.770138 1
0.053644 0.812377 1
0.503036 0.597250 0
0.590081 0.653242 1
0.628543 0.719057 1
0.623482 0.864440 1
0.560729 0.948919 1
0.459514 1.000000 1
0.541498 0.043222 0
0.618421 0.109037 1
0.652834 0.188605 1
0.628543 0.399804 1
0.565789 0.498035 1
0.483806 0.550098 1
0.440283 0.578586 1

20
8
0.006042 0.000997 0
0.000000 0.281157 0
0.552870 1.000000 1
0.543807 0.004985 1
0.495468 0.004985 0
0.495468 0.919242 1
0.000000 0.276172 0
0.793555 0.291127 1

21
33
0.000997 -0.009960 0
-0.010967 0.187251 0
-0.010967 0.249004 0
0.042871 0.296813 1
0.090728 0.244024 1
0.047856 0.197211 1
-0.015952 0.197211 0
0.057827 0.091633 1
0.100698 0.049801 1
0.233300 0.009960 1
0.390828 0.010956 1
0.552343 0.049801 1
0.643071 0.144422 1
0.699900 0.286853 1
0.704885 0.387450 1
0.643071 0.519920 1
0.543370 0.624502 1
0.395813 0.667331 1
0.252243 0.672311 1
0.109671 0.624502 1
0.004985 0.529880 1
0.095713 0.986056 1
0.576271 0.991036 1
0.366899 0.943227 1
0.095713 0.938247 1
0.471585 0.034861 0
0.552343 0.115538 1
0.609173 0.197211 1
0.652044 0.310757 1
0.600199 0.482072 1
0.538385 0.557769 1
0.490528 0.615538 1
0.395813 0.667331 1

22
50
0.000000 0.000000 0
0.001001 0.291833 0
0.011011 0.566733 1
0.063063 0.756972 1
0.145145 0.881474 1
0.211211 0.962151 1
0.350350 1.000000 1
0.517517 1.000000 1
0.627628 0.938247 1
0.670671 0.852590 1
0.684685 0.799801 1
0.631632 0.761952 1
0.579580 0.809761 1
0.631632 0.847610 1
0.345345 0.995020 0
0.264264 0.947211 1
0.211211 0.909363 1
0.121121 0.776892 1
0.087087 0.672311 1
0.049049 0.566733 1
0.059059 0.324701 1
0.092092 0.153386 1
0.216216 0.034861 1
0.297297 0.015936 1
0.421421 0.000996 1
0.546547 0.034861 1
0.560561 0.067729 1
0.660661 0.139442 1
0.717718 0.300797 1
0.660661 0.477092 1
0.598599 0.533865 1
0.569570 0.566733 1
0.417417 0.614542 1
0.369369 0.624502 1
0.226226 0.586653 1
0.159159 0.524900 1
0.116116 0.491036 1
0.049049 0.338645 1
0.488488 0.029880 0
0.560561 0.091633 1
0.617618 0.187251 1
0.651652 0.291833 1
0.631632 0.400398 1
0.574575 0.500996 1
0.498498 0.566733 1
0.340340 0.000996 0
0.164164 0.048805 1
0.092092 0.115538 1
0.059059 0.144422 1
0.001001 0.305777 1

23
39
0.000997 0.000000 0
0.000000 0.698699 0
-0.005982 1.000000 1
-0.000997 0.803804 0
0.057827 0.904905 1
0.147557 1.000000 1
0.252243 0.994995 1
0.414756 0.899900 1
0.500499 0.851852 1
0.600199 0.861862 1
0.662014 0.908909 1
0.709870 1.000000 1
0.718844 0.866867 1
0.662014 0.727728 1
0.600199 0.636637 1
0.519442 0.546547 1
0.423729 0.393393 1
0.361914 0.269269 1
0.361914 0.011011 1
0.300100 0.006006 1
0.300100 0.245245 1
0.347956 0.374374 1
0.409771 0.479479 1
0.495513 0.569570 1
0.557328 0.632633 1
0.657029 0.713714 1
0.004985 0.799800 0
0.038883 0.880881 1
0.114656 0.923924 1
0.162512 0.956957 1
0.262213 0.951952 1
0.390828 0.908909 1
0.490528 0.856857 1
0.004985 0.799800 0
0.057827 0.894895 0
0.114656 0.956957 1
0.152542 0.994995 1
0.257228 0.990991 1
0.399801 0.908909 1

24
53
0.001002 0.000000 0
-0.001002 0.172311 0
-0.001002 0.372510 1
0.082164 0.509960 1
0.244489 0.571713 1
0.425852 0.566733 1
0.598196 0.614542 1
0.660321 0.710159 1
0.660321 0.847610 1
0.612224 0.943227 1
0.454910 0.995020 1
0.253507 1.000000 1
0.105210 0.947211 1
0.039078 0.842629 1
0.043086 0.714143 1
0.096192 0.624502 1
0.249499 0.562749 1
0.444890 0.562749 0
0.584168 0.524900 1
0.636273 0.486056 1
0.708417 0.367530 1
0.708417 0.196215 1
0.612224 0.043825 1
0.449900 0.000000 1
0.253507 0.005976 1
0.110220 0.039841 1
0.000000 0.172311 1
0.244489 0.005976 0
0.148297 0.043825 1
0.053106 0.153386 1
0.048096 0.348606 1
0.091182 0.443227 1
0.153307 0.509960 1
0.249499 0.562749 1
0.440882 0.571713 0
0.550100 0.504980 1
0.631263 0.419323 1
0.665331 0.367530 1
0.665331 0.182271 1
0.608216 0.096614 1
0.463928 0.000000 1
0.449900 0.566733 0
0.565130 0.619522 1
0.612224 0.705179 1
0.608216 0.838645 1
0.550100 0.933267 1
0.449900 0.986056 1
0.249499 0.990040 0
0.163327 0.947211 1
0.091182 0.852590 1
0.091182 0.748008 1
0.163327 0.600598 1
0.234469 0.562749 1

25
45
0.000992 0.000000 0
0.000000 0.641642 0
-0.000992 0.703704 1
0.042659 0.846847 1
0.132937 0.951952 1
0.279762 0.994995 1
0.378968 1.000000 1
0.540675 0.951952 1
0.648810 0.856857 1
0.691468 0.713714 1
0.701389 0.412412 1
0.639881 0.211211 1
0.540675 0.092092 1
0.478175 0.044044 1
0.336310 0.001001 1
0.180556 0.001001 1
0.085317 0.049049 1
0.028770 0.135135 1
0.033730 0.202202 1
0.081349 0.231231 1
0.081349 0.250250 1
0.137897 0.197197 1
0.081349 0.149149 1
0.478175 0.966967 0
0.559524 0.880881 1
0.587302 0.832833 1
0.621032 0.717718 1
0.629960 0.622623 1
0.629960 0.464464 1
0.597222 0.312312 1
0.540675 0.188188 1
0.421627 0.059059 1
0.621032 0.608609 0
0.573413 0.488488 1
0.493056 0.426426 1
0.331349 0.374374 1
0.165675 0.412412 1
0.052579 0.503503 1
0.000000 0.660661 1
0.284722 0.383383 0
0.165675 0.455455 1
0.100198 0.522522 1
0.038690 0.675676 1
0.081349 0.856857 1
0.175595 0.961962 1

16
39
0.000992 0.000000 0
0.000000 0.421421 0
0.000000 0.560561 1
0.047619 0.784785 1
0.151786 0.951952 1
0.293651 0.994995 1
0.388889 1.000000 1
0.540675 0.942943 1
0.644841 0.813814 1
0.691468 0.593594 1
0.701389 0.412412 1
0.648810 0.202202 1
0.544643 0.040040 1
0.397817 0.001001 1
0.293651 0.001001 1
0.132937 0.049049 1
0.047619 0.173173 1
-0.000992 0.393393 1
0.242063 0.025025 0
0.146825 0.073073 1
0.100198 0.154154 1
0.071429 0.278278 1
0.047619 0.421421 1
0.042659 0.517517 1
0.066468 0.684685 1
0.090278 0.813814 1
0.175595 0.918919 1
0.289683 0.980981 1
0.436508 0.980981 1
0.587302 0.837838 1
0.621032 0.689690 1
0.648810 0.550551 1
0.648810 0.412412 1
0.621032 0.254254 1
0.606151 0.178178 1
0.563492 0.125125 1
0.506944 0.049049 1
0.455357 0.025025 1
0.412698 0.001001 1

94
22
0.004955 0.001002 0
0.005946 -0.001002 0
0.005946 0.363727 0
0.005946 0.478958 1
0.058474 0.603206 1
0.148662 0.670341 1
0.237859 0.675351 1
0.635282 0.416834 1
0.744301 0.420842 1
0.848365 0.468938 1
0.909812 0.565130 1
0.919722 0.660321 1
0.919722 0.569138 1
0.867195 0.420842 1
0.773043 0.382766 1
0.677899 0.373747 1
0.261645 0.627255 1
0.171457 0.632265 1
0.082260 0.589178 1
0.024777 0.473948 1
0.010902 0.440882 1
1.000000 1.000000 0

1
13
0.000000 0.006073 0
0.044044 -0.005061 0
0.000000 0.034413 1
0.040040 0.087045 1
0.087087 0.034413 1
0.049049 0.000000 1
0.049049 0.334008 0
0.000000 0.898785 1
0.049049 0.995951 1
0.102102 0.903846 1
0.049049 0.353239 1
0.054054 0.990891 1
1.000000 1.000000 0

32
49
0.005650 0.000981 0
-0.005650 0.405299 0
-0.009416 0.577036 1
0.041431 0.708538 1
0.147834 0.854760 1
0.176083 0.900883 1
0.426554 1.000000 1
0.548964 1.000000 1
0.738230 0.927380 1
0.803202 0.900883 1
0.938795 0.730128 1
1.000000 0.568204 1
1.000000 0.457311 1
0.951036 0.337586 1
0.853107 0.234544 1
0.762712 0.239450 1
0.713748 0.285574 1
0.750471 0.747792 1
0.754237 0.243376 0
0.676083 0.285574 1
0.660075 0.375859 1
0.721281 0.760550 1
0.696799 0.623160 0
0.647834 0.713445 1
0.548964 0.768400 1
0.418079 0.768400 1
0.320151 0.713445 1
0.262712 0.670265 1
0.221281 0.529931 1
0.221281 0.388616 1
0.270245 0.298332 1
0.348399 0.230618 1
0.508475 0.239450 1
0.594162 0.281649 1
0.656309 0.379784 1
0.377589 0.252208 0
0.295669 0.384691 1
0.287194 0.533857 1
0.327684 0.670265 1
0.421846 0.755643 1
0.844633 0.136408 0
0.795669 0.089303 1
0.688324 0.042198 1
0.569680 0.000000 1
0.418079 -0.001963 1
0.188324 0.093229 1
0.130885 0.149166 1
0.078154 0.230618 1
-0.005650 0.401374 1

3
9
-0.005298 -0.004363 0
0.005298 0.294066 0
0.924503 0.289703 1
0.076821 0.541012 0
1.000000 0.536649 1
0.936424 0.993019 0
0.456954 -0.501745 1
0.544371 1.000000 0
0.076821 -0.482548 1

4
24
0.000000 -0.000838 0
0.000000 0.128141 0
0.161290 0.025126 1
0.353436 -0.015913 1
0.650771 -0.011725 1
0.855540 0.029313 1
1.000000 0.139866 1
1.000000 0.246231 1
0.880785 0.336683 1
0.722300 0.391960 1
0.307153 0.486600 1
0.161290 0.518425 1
0.075736 0.573702 1
0.002805 0.640703 1
0.002805 0.727806 1
0.148668 0.814070 1
0.353436 0.853434 1
0.617111 0.845896 1
0.841515 0.818258 1
1.000000 0.727806 1
0.629734 -0.449749 0
0.636746 1.000000 1
0.353436 -0.438023 0
0.353436 0.995812 1

5
27
0.002212 -0.005941 0
0.994469 1.000000 1
0.740044 0.893069 1
0.563053 0.898020 1
0.276549 1.000000 1
0.176991 1.000000 1
0.057522 0.948515 1
-0.002212 0.860396 1
-0.002212 0.767327 1
0.099558 0.669307 1
0.219027 0.659406 1
0.332965 0.720792 1
0.386062 0.803960 1
0.386062 0.898020 1
0.280973 0.995050 1
0.672566 0.282178 0
0.786504 0.337624 1
0.880531 0.347525 1
0.994469 0.249505 1
1.000000 0.160396 1
0.938053 0.067327 1
0.828540 -0.008911 1
0.728982 -0.008911 1
0.603982 0.081188 1
0.603982 0.202970 1
0.672566 0.277228 1
0.780973 0.347525 1

62
4
0.002849 -0.005994 0
-0.002849 0.670330 0
0.497151 1.000000 1
1.000000 0.670330 1

6
46
0.000000 0.001006 0
0.011202 0.136821 0
0.011202 0.269618 1
0.074338 0.365191 1
0.414460 0.601610 1
0.476578 0.662978 1
0.538697 0.748491 1
0.538697 0.848089 1
0.476578 0.956740 1
0.380855 1.000000 1
0.280041 0.956740 1
0.203666 0.853119 1
0.217923 0.748491 1
0.256619 0.620724 1
0.649694 0.108652 1
0.731161 0.028169 1
0.860489 -0.030181 1
0.922607 -0.011066 1
0.980652 0.047284 1
0.980652 0.075453 1
0.879837 -0.021127 0
0.716904 0.094567 1
0.212831 0.762575 1
0.179226 0.440644 0
0.112016 0.388330 1
0.054990 0.283702 1
0.054990 0.141851 1
0.107943 0.042254 1
0.208758 -0.011066 1
0.380855 -0.030181 1
0.490835 0.056338 1
0.591650 0.165996 1
0.702648 0.307847 1
0.768839 0.487928 1
0.836049 0.610664 1
0.865580 0.643863 1
0.894094 0.673038 1
0.936864 0.668008 1
0.994908 0.625755 1
1.000000 0.573441 1
0.936864 0.516097 1
0.894094 0.563380 1
0.941955 0.615694 1
0.223014 -0.035211 0
0.069246 0.028169 1
0.011202 0.132797 1

10
7
0.003968 0.001335 0
0.000000 0.452603 0
1.000000 0.823765 1
0.503968 1.000000 0
0.496032 0.238985 1
0.000000 0.817089 0
0.990079 0.427236 1

8
14
0.004938 0.000810 0
0.000000 0.286062 0
0.906173 1.000000 0
0.767901 0.957861 1
0.395062 0.808752 1
0.140741 0.667747 1
0.012346 0.469206 1
0.012346 0.274716 1
0.128395 0.106969 1
0.266667 -0.059157 1
0.454321 -0.207455 1
0.545679 -0.310373 1
0.767901 -0.532415 1
1.000000 -0.658023 1

9
14
0.019337 -0.000818 0
-0.013812 1.000000 0
0.154696 0.953355 1
0.533149 0.822422 1
0.831492 0.668576 1
1.000000 0.448445 1
1.000000 0.294599 1
0.831492 0.078560 1
0.754144 -0.011457 1
0.635359 -0.150573 1
0.428177 -0.319967 1
0.284530 -0.458265 1
0.168508 -0.558920 1
-0.019337 -0.705401 1

63
4
0.000000 -0.004950 0
-0.040877 -0.084158 0
0.948156 -0.088119 1
1.000000 1.000000 0

13
4
0.003015 -0.004990 0
0.000000 0.534930 0
0.892462 0.530938 1
1.000000 1.000000 0

11
6
0.003000 0.000000 0
0.000000 0.496503 0
0.901000 0.496503 1
0.453000 0.919081 0
0.448000 0.077922 1
1.000000 1.000000 0

29
6
0.003000 0.000000 0
0.000000 0.323589 0
0.901000 0.328629 1
-0.003000 0.616936 0
0.897000 0.620968 1
1.000000 1.000000 0

92
5
0.001988 -0.008052 0
0.006958 1.000000 1
0.006958 0.008052 0
0.006958 -0.680354 1
1.000000 0.818035 0

60
4
-0.000991 0.010285 0
0.000000 1.000000 0
0.910803 -0.584652 1
1.000000 0.790348 0

61
8
0.001988 -0.007886 0
0.000000 0.994480 0
0.333996 1.000000 1
0.352883 -0.604890 1
-0.002982 -0.610410 1
0.295229 -0.600158 0
0.301193 0.994480 1
1.000000 0.796530 0

93
43
-0.007874 0.000000 0
0.009843 0.191489 0
0.029528 0.990122 0
0.193898 0.901976 1
0.238189 0.852584 1
0.238189 0.759878 1
0.168307 0.676292 1
0.092520 0.612462 1
0.079724 0.519757 1
0.175197 0.446049 1
0.283465 0.392097 1
0.200787 0.367781 1
0.092520 0.298632 1
0.079724 0.259878 1
0.086614 0.205927 1
0.149606 0.112462 1
0.245079 0.029635 1
0.232283 -0.105623 1
0.219488 -0.227964 1
0.181102 -0.340426 1
0.136811 -0.448328 1
0.035433 -0.590425 1
0.118110 -0.463526 1
0.175197 -0.301672 1
0.187992 -0.134498 1
0.175197 -0.007599 1
0.124016 0.058511 1
0.079724 0.098024 1
0.035433 0.156535 1
0.035433 0.250000 1
0.061024 0.313830 1
0.175197 0.362462 1
0.270669 0.401976 1
0.073819 0.480243 1
0.035433 0.563830 1
0.029528 0.626900 1
0.099409 0.710486 1
0.156496 0.759878 1
0.187992 0.818389 1
0.175197 0.886778 1
0.099409 0.960486 1
0.029528 1.000000 1
1.000000 0.759878 0

91
37
0.001976 0.005431 0
0.236166 1.000000 0
0.159091 0.979829 1
0.095850 0.934833 1
0.025692 0.860357 1
0.038538 0.779674 1
0.121541 0.680372 1
0.197628 0.625291 1
0.191700 0.529868 1
0.127470 0.480217 1
0.019763 0.399535 1
0.171937 0.294802 1
0.204545 0.249806 1
0.166008 0.164469 1
0.121541 0.094647 1
0.051383 0.019395 1
0.032609 -0.148177 1
0.114625 -0.413499 1
0.242095 -0.613654 1
0.147233 -0.458495 1
0.095850 -0.262995 1
0.095850 -0.023274 1
0.147233 0.039566 1
0.254941 0.154383 1
0.249012 0.239721 1
0.210474 0.309542 1
0.000000 0.394880 1
0.217391 0.489527 1
0.242095 0.529868 1
0.261858 0.560124 1
0.261858 0.640031 1
0.134387 0.779674 1
0.089921 0.815361 1
0.095850 0.879752 1
0.159091 0.960434 1
0.249012 1.000000 1
1.000000 0.770365 0

59
8
-0.000997 -0.002379 0
0.356929 1.000000 0
0.009970 1.000000 1
0.009970 -0.624108 1
0.343968 -0.624108 1
0.060818 -0.613799 0
0.060818 1.000000 1
1.000000 0.795400 0

27
14
-0.007921 -0.002973 0
0.074257 0.009911 0
0.009901 0.047572 1
0.067327 0.086224 1
0.111881 0.041625 1
0.111881 -0.134787 1
0.067327 -0.396432 1
0.000000 -0.562934 1
0.054455 0.565907 0
0.009901 0.603568 1
0.054455 0.661051 1
0.105941 0.610505 1
0.074257 0.571853 1
1.000000 1.000000 0

26
10
0.009128 -0.003030 0
0.045639 0.856566 0
-0.010142 0.824242 1
0.045639 0.765657 1
0.097363 0.824242 1
0.045639 0.295960 0
-0.007099 0.237374 1
0.038540 0.191919 1
0.110548 0.237374 1
1.000000 1.000000 0

7
9
-0.000997 -0.009901 0
0.099701 0.948515 0
0.047856 0.909901 1
0.009970 0.961386 1
0.054835 1.000000 1
0.099701 0.954456 1
0.105683 0.859406 1
-0.006979 0.724753 1
1.000000 1.000000 0

2
18
-0.007921 -0.002991 0
0.118812 0.948156 0
0.054455 0.916251 1
0.006931 0.954138 1
0.061386 1.000000 1
0.111881 0.948156 1
0.105941 0.851446 1
0.074257 0.787637 1
0.016832 0.709870 1
0.400000 0.954138 0
0.348515 0.909272 1
0.291089 0.948156 1
0.348515 0.987039 1
0.400000 0.948156 1
0.411881 0.864407 1
0.380198 0.787637 1
0.297030 0.716849 1
1.000000 0.993021 0

31
35
0.002014 -0.002935 0
0.045317 0.772994 0
0.116818 0.747554 1
0.058409 0.696673 1
0.000000 0.747554 1
0.000000 0.822896 1
0.039275 0.892368 1
0.208459 1.000000 1
0.357503 0.987280 1
0.519637 0.936399 1
0.585096 0.848337 1
0.617321 0.791585 1
0.617321 0.716243 1
0.578046 0.621331 1
0.493454 0.551859 1
0.421954 0.526419 1
0.325277 0.463796 1
0.305136 0.318982 1
0.474320 0.558708 0
0.551863 0.634051 1
0.564955 0.709393 1
0.551863 0.822896 1
0.506546 0.873777 1
0.421954 0.924658 1
0.370594 0.987280 1
0.480363 0.570450 0
0.408862 0.526419 1
0.318228 0.463796 1
0.318228 0.337573 1
0.318228 0.078278 0
0.259819 0.046967 1
0.312185 -0.038160 1
0.350453 0.034247 1
0.292044 0.078278 1
1.000000 0.987280 0

15
4
-0.007921 -0.008052 0
0.903960 1.000000 0
0.009901 -0.674718 1
1.000000 0.813204 0

30
5
0.001988 -0.009785 0
-0.002982 0.918787 0
0.775348 0.514677 1
-0.002982 0.073386 1
1.000000 1.000000 0

14
7
-0.000991 0.007099 0
0.002973 0.051724 0
0.047572 0.078093 1
0.093162 0.045639 1
0.047572 -0.007099 1
0.009911 0.045639 1
1.000000 1.000000 0

28
5
0.001988 -0.015748 0
0.808151 0.930118 0
0.012922 0.504921 1
0.801193 0.079724 1
1.000000 1.000000 0

12
10
0.001988 0.000000 0
0.096421 0.051690 0
0.044732 0.006958 1
-0.009940 0.051690 1
0.044732 0.083499 1
0.083499 0.051690 1
0.090457 -0.151093 1
0.044732 -0.349901 1
-0.009940 -0.535785 1
1.000000 1.000000 0
33
11
0.000000 -0.002012 0
0.295991 0.000000 1
0.056604 0.000000 0
0.470519 1.000000 1
0.887972 0.002012 1
0.821934 0.002012 0
0.470519 0.857143 1
0.709906 0.287726 0
0.180425 0.284708 1
1.000000 0.000000 0
0.645047 0.000000 1

34
36
0.000000 0.000000 0
0.695853 -0.003949 1
0.870968 0.039487 1
1.000000 0.185587 1
0.990783 0.323790 1
0.861751 0.470878 1
0.705070 0.518262 1
0.239632 0.518262 1
0.691245 0.514314 0
0.870968 0.581441 1
0.986175 0.723593 1
0.986175 0.834156 1
0.907834 0.913129 1
0.847926 0.956565 1
0.700461 1.000000 1
0.009217 1.000000 1
0.700461 -0.003949 0
0.843318 0.063179 1
0.884792 0.118460 1
0.935484 0.169793 1
0.940092 0.319842 1
0.870968 0.415597 1
0.783410 0.474827 1
0.691245 0.522211 1
0.788018 0.557749 1
0.857143 0.613031 1
0.907834 0.684107 1
0.940092 0.727542 1
0.940092 0.810464 1
0.875576 0.885489 1
0.806451 0.936821 1
0.686636 1.000000 1
0.239632 1.000000 0
0.235024 0.000000 1
0.175116 1.000000 0
0.175116 0.000000 1

 
35
31
0.000000 -0.005946 0
0.005161 0.364718 0
0.005161 0.614470 1
0.080000 0.767096 1
0.197419 0.883053 1
0.283871 0.941526 1
0.459355 0.995045 1
0.603871 0.995045 1
0.779355 0.941526 1
0.918710 0.856293 1
0.976774 0.991080 1
0.976774 0.717542 1
0.907097 0.852329 1
0.470968 1.000000 0
0.348387 0.945491 1
0.225806 0.861249 1
0.132903 0.726462 1
0.080000 0.614470 1
0.080000 0.368682 1
0.179355 0.194252 1
0.301935 0.073340 1
0.371613 0.019822 1
0.580645 0.004955 1
0.756129 0.037661 1
0.867097 0.109019 1
0.953548 0.194252 1
1.000000 0.238850 1
0.376774 0.014866 0
0.278710 0.051536 1
0.156129 0.144698 1
0.005161 0.368682 1


36
26
-0.002317 -0.000987 0
0.571263 0.000000 1
0.743917 0.046397 1
0.874855 0.139191 1
0.974508 0.330701 1
1.000000 0.612043 1
0.921205 0.771964 1
0.816918 0.879566 1
0.743917 0.941757 1
0.581692 0.991115 1
0.002317 0.986180 1
0.577057 1.000000 0
0.685979 0.932873 1
0.770568 0.874630 1
0.864426 0.768016 1
0.921205 0.629812 1
0.937428 0.518263 1
0.910776 0.317868 1
0.848204 0.193485 1
0.801854 0.130306 1
0.727694 0.076999 1
0.577057 0.005923 1
0.236385 0.009872 0
0.231750 0.995064 1
0.173812 0.986180 0
0.173812 0.005923 1


37
18
0.000000 0.000000 0
1.000000 -0.001002 1
1.000000 0.276553 1
0.932668 -0.001002 1
0.258105 -0.001002 0
0.251870 0.990982 1
0.184539 0.000000 0
0.184539 0.995992 1
0.184539 0.500000 0
0.623441 0.500000 1
0.004988 1.000000 0
0.988778 1.000000 1
0.995012 0.724449 1
0.932668 0.995992 1
0.258105 0.521042 0
0.618454 0.521042 0
0.623441 0.710421 0
0.623441 0.330661 1
38
14
0.000000 -0.009872 0
0.434837 0.009872 1
0.180451 0.008885 0
0.191729 0.991116 1
0.253133 0.009872 0
0.248120 0.995064 1
0.000000 0.995064 0
1.000000 1.000000 1
1.000000 0.718657 1
0.943609 0.995064 1
0.259399 0.523198 0
0.621554 0.523198 1
0.621554 0.709773 0
0.621554 0.335637 1
39
40
-0.002281 -0.001001 0
0.000000 0.372372 0
0.000000 0.620621 1
0.068415 0.787788 1
0.160775 0.891892 1
0.269099 0.967968 1
0.397948 1.000000 1
0.525656 1.000000 1
0.670467 0.963964 1
0.803877 0.859860 1
0.860889 0.990991 1
0.865450 0.715716 1
0.803877 0.850851 1
0.392246 0.995996 0
0.273660 0.949950 1
0.212087 0.877878 1
0.156214 0.814815 1
0.072976 0.647648 1
0.052452 0.444444 1
0.083238 0.308308 1
0.144812 0.177177 1
0.222349 0.092092 1
0.304447 0.038038 1
0.397948 0.001001 1
0.510832 0.000000 1
0.701254 0.042042 1
0.748005 0.101101 1
0.793615 0.155155 1
0.803877 0.245245 1
0.304447 0.024024 0
0.238312 0.038038 1
0.144812 0.110110 1
0.078677 0.200200 1
0.000000 0.381381 1
0.803877 -0.036036 0
0.799316 0.358358 1
0.855188 -0.045045 0
0.855188 0.367367 1
0.592930 0.367367 0
1.000000 0.358358 1
40
18
0.004975 0.000995 0
0.316418 0.000000 1
0.151244 0.000000 0
0.144279 0.993035 1
0.194030 -0.004975 0
0.194030 0.986070 1
0.000000 0.993035 0
0.352239 1.000000 1
0.200995 0.510448 0
0.784080 0.510448 1
0.647761 -0.011940 0
1.000000 -0.011940 1
0.791045 0.006965 0
0.784080 0.986070 1
0.841791 -0.004975 0
0.841791 0.993035 1
0.647761 0.993035 0
1.000000 0.993035 1
41
8
0.000000 0.000000 0
0.588119 -0.005976 1
0.005941 1.000000 0
0.605941 1.000000 1
0.301980 1.000000 0
0.293069 0.000000 1
0.350000 -0.005976 0
0.350000 1.000000 1
42
18
0.002167 -0.010891 0
0.786736 0.190099 0
0.808843 0.247525 1
0.786736 0.291089 1
0.761595 0.240594 1
0.758561 0.154455 1
0.793238 0.032673 1
0.837018 -0.021782 1
0.883832 0.000000 1
0.928045 0.061386 1
0.943650 0.233663 1
0.943650 1.000000 1
0.915475 0.993069 0
0.915475 0.176238 1
0.899870 0.104950 1
0.877763 0.018812 1
1.000000 1.000000 0
0.849588 1.000000 1 
43
18
0.001060 0.000000 0
0.363733 -0.009009 1
-0.007423 0.993994 0
0.363733 1.000000 1
0.679745 0.993994 0
0.996819 0.996997 1
0.683987 -0.005005 0
1.000000 0.000000 1
0.144221 0.000000 0
0.144221 0.993994 1
0.208908 0.002002 0
0.205726 0.993994 1
0.417815 0.565566 0
0.834571 0.000000 1
0.899258 0.000000 0
0.449629 0.599600 1
0.205726 0.378378 0
0.896076 0.989990 1
44
10
0.001339 -0.002004 0
1.000000 0.000000 1
1.000000 0.282565 1
0.931727 0.002004 1
0.273092 0.002004 0
0.267738 0.996994 1
0.195448 0.002004 0
0.195448 1.000000 1
0.000000 1.000000 0
0.463186 1.000000 1
45
17
0.000953 -0.001990 0
0.285033 0.000000 1
0.142993 0.000000 0
0.139180 0.996020 1
0.000000 0.996020 0
0.184938 0.993035 1
0.472831 0.149254 1
0.139180 0.990050 0
0.475691 0.003980 1
0.805529 0.996020 1
0.808389 0.003980 1
0.663489 0.000000 0
1.000000 0.000000 1
0.808389 0.996020 0
0.996187 0.996020 1
0.857007 1.000000 0
0.854147 0.001990 1
46
12
0.000000 -0.004980 0
0.314136 0.000000 1
0.158115 0.006972 0
0.153927 1.000000 1
0.001047 0.994024 0
0.207330 0.994024 1
0.832461 0.108566 1
0.207330 0.905378 0
0.839791 0.004980 1
0.839791 1.000000 1
0.665969 1.000000 0
1.000000 1.000000 1
47
43
0.001238 -0.001990 0
-0.012376 0.425871 0
-0.004950 0.564179 1
0.047030 0.767164 1
0.256188 0.939303 1
0.424505 1.000000 1
0.558168 0.993035 1
0.738861 0.946269 1
0.924505 0.773134 1
1.000000 0.588060 1
0.995050 0.428856 1
0.945545 0.253731 1
0.861386 0.142289 1
0.773515 0.054726 1
0.629951 0.023881 1
0.558168 0.006965 1
0.440594 0.006965 1
0.306931 0.037811 1
0.164604 0.115423 1
0.080446 0.186070 1
-0.012376 0.411940 1
0.105198 0.229851 0
0.047030 0.411940 1
0.050743 0.581095 1
0.168317 0.837811 1
0.277228 0.912438 1
0.327970 0.966169 1
0.436881 0.993035 1
0.579208 0.983085 1
0.705446 0.929353 1
0.827970 0.817910 1
0.907178 0.661692 1
0.924505 0.466667 1
0.924505 0.358209 1
0.870050 0.226866 1
0.814356 0.159204 1
0.696782 0.060697 1
0.647277 0.030846 1
0.521040 0.010945 1
0.357673 0.026866 1
0.261139 0.077612 1
0.185644 0.155224 1
0.108911 0.222886 1
48
24
0.000000 -0.003968 0
0.005841 -0.046627 0
0.397196 -0.046627 1
0.155374 -0.041667 0
0.168224 0.989087 1
0.248832 -0.036706 0
0.235981 0.979167 1
-0.002336 0.989087 0
0.707944 1.000000 1
0.838785 0.968254 1
0.919393 0.899802 1
1.000000 0.783730 1
0.969626 0.604167 1
0.913551 0.540675 1
0.838785 0.508929 1
0.689252 0.472222 1
0.235981 0.472222 1
0.751168 0.503968 0
0.863318 0.567460 1
0.938084 0.651786 1
0.938084 0.783730 1
0.894860 0.863095 1
0.782710 0.952381 1
0.702103 0.989087 1
49
58
-0.002404 -0.003988 0
-0.007212 0.421735 0
0.002404 0.607178 1
0.066106 0.787637 1
0.162260 0.893320 1
0.264423 0.973081 1
0.399038 1.000000 1
0.545673 1.000000 1
0.647836 0.989033 1
0.788462 0.904287 1
0.915865 0.771685 1
0.954327 0.644068 1
0.973558 0.474576 1
0.935096 0.305085 1
0.865385 0.172483 1
0.763221 0.076770 1
0.653846 0.028913 1
0.437500 0.018943 1
0.277644 0.028913 1
0.162260 0.108674 1
0.027644 0.289133 1
0.002404 0.400798 1
0.353365 0.018943 0
0.258413 0.066800 1
0.110577 0.268195 1
0.060096 0.426720 1
0.085337 0.607178 1
0.129808 0.760718 1
0.156250 0.808574 1
0.258413 0.920239 1
0.418269 1.000000 1
0.545673 1.000000 1
0.686298 0.920239 1
0.813702 0.803589 1
0.915865 0.549352 1
0.890625 0.373878 1
0.832933 0.199402 1
0.622596 0.066800 1
0.545673 0.044865 1
0.418269 0.023928 1
0.328125 0.023928 1
0.245192 0.098704 0
0.239183 0.167498 1
0.302885 0.246261 1
0.430288 0.289133 1
0.564904 0.257228 1
0.667067 0.177468 1
0.730769 0.003988 1
0.763221 -0.185444 1
0.871394 -0.561316 1
0.929087 -0.561316 1
0.948317 -0.503490 1
0.980769 -0.444666 1
1.000000 -0.296112 1
0.923077 -0.709870 1
0.807692 -0.714855 1
0.743990 -0.583250 1
0.692308 0.124626 1
50
35
0.005464 -0.003949 0
0.383607 0.003949 1
0.145355 0.007897 0
0.145355 1.000000 1
0.220765 0.018756 0
0.215301 1.000000 1
-0.007650 1.000000 0
0.645902 1.000000 1
0.796721 0.958539 1
0.918033 0.863771 1
0.935519 0.732478 1
0.895082 0.653504 1
0.697268 0.553801 1
0.628415 0.538006 1
0.220765 0.538006 1
0.448087 0.533070 0
0.598907 0.464956 1
0.668852 0.365252 1
0.732240 0.275420 1
0.790164 0.154985 1
0.849180 0.055281 1
0.959563 0.066140 1
1.000000 0.118460 1
0.935519 -0.025666 1
0.825137 -0.025666 1
0.761749 0.028628 1
0.604372 0.444225 1
0.628415 0.538006 0
0.726776 0.574531 1
0.854645 0.669299 1
0.884153 0.753208 1
0.860109 0.847976 1
0.790164 0.922014 1
0.732240 0.963475 1
0.633880 0.995064 1
51
33
0.007013 0.000000 0
0.000000 0.274736 1
0.096774 0.136407 1
0.015428 0.003842 1
0.089762 0.136407 0
0.208976 0.054755 1
0.402525 0.003842 1
0.642356 0.008646 1
0.842917 0.054755 1
1.000000 0.131604 1
1.000000 0.330451 1
0.865358 0.463977 1
0.642356 0.525456 1
0.239832 0.632085 1
0.141655 0.673391 1
0.030856 0.729107 1
-0.007013 0.841499 1
0.127630 0.949087 1
0.328191 0.984630 1
0.500701 1.000000 1
0.633941 0.975024 1
0.851332 0.878002 1
0.903226 0.856868 1
0.977560 0.984630 1
0.984572 0.734870 1
0.903226 0.878002 1
1.000000 0.330451 0
0.828892 0.438040 1
0.604488 0.510086 1
0.231417 0.585975 1
0.150070 0.637848 1
0.053296 0.688761 1
0.008415 0.744476 1
52
16
-0.002642 0.003956 0
0.235139 -0.003956 0
0.733157 -0.007913 1
0.430647 0.010880 0
0.466314 0.978239 1
0.542933 -0.003956 0
0.550859 0.978239 1
0.002642 1.000000 0
0.985469 0.994065 0
0.985469 0.715133 1
0.915456 0.994065 1
0.009247 0.994065 0
0.000000 0.694362 1
0.080581 0.973294 1
0.002642 0.989120 0
1.000000 1.000000 1
53
28
0.004004 -0.006000 0
0.144144 0.285000 0
0.144144 0.993000 1
0.195195 1.000000 0
0.198198 0.292000 1
-0.003003 0.993000 0
0.349349 0.993000 1
0.144144 0.282000 0
0.198198 0.141000 1
0.255255 0.094000 1
0.285285 0.061000 1
0.396396 0.017000 1
0.510510 0.010000 1
0.624625 0.020000 1
0.701702 0.064000 1
0.781782 0.154000 1
0.845846 0.275000 1
0.842843 1.000000 1
0.698699 1.000000 0
1.000000 1.000000 1
0.198198 0.285000 0
0.225225 0.195000 1
0.201201 0.282000 0
0.231231 0.178000 1
0.302302 0.118000 1
0.339339 0.084000 1
0.406406 0.027000 1
0.473473 0.003000 1
54
11
0.000000 0.000997 0
0.497219 -0.000997 0
0.112347 0.993021 1
-0.006674 1.000000 0
0.335929 0.993021 1
0.169077 1.000000 0
0.503893 0.143569 1
0.668521 0.990030 0
1.000000 0.990030 1
0.884316 0.993021 0
0.497219 -0.000997 1
55
17
0.000000 -0.002970 0
0.316123 0.000000 1
0.137681 0.987129 1
0.006341 0.990099 0
0.316123 0.990099 1
0.182971 0.990099 0
0.313406 0.239604 1
0.313406 0.002970 0
0.495471 0.983168 1
0.677536 -0.006931 1
0.860507 0.990099 1
0.714674 0.993069 0
1.000000 0.993069 1
0.681159 0.239604 0
0.541667 1.000000 1
0.182971 0.993069 0
0.316123 0.236634 1
57
15
0.000000 -0.002959 0
0.309650 0.000000 0
0.679746 0.000000 1
0.474019 0.000000 0
0.474019 0.473373 1
0.096501 0.989152 1
-0.006363 0.989152 0
0.306469 1.000000 1
0.153765 0.986193 0
0.527041 0.480276 1
0.527041 0.006903 1
0.519618 0.483235 0
0.892895 0.989152 1
0.690350 0.983235 0
1.000000 0.986193 1
58
11
0.001427 0.000994 0
1.000000 0.000000 1
1.000000 0.280318 1
0.918688 0.006958 1
0.071327 -0.000994 0
0.994294 0.990060 1
0.004280 0.993042 1
-0.001427 0.709742 1
0.067047 1.000000 1
0.918688 0.997018 0
0.000000 0.002982 1
56
16
0.002237 0.011964 0
0.322148 0.000000 1
0.654362 -0.010967 0
1.000000 -0.005982 1
-0.013423 0.994018 0
0.345638 0.994018 1
0.666667 0.994018 0
1.000000 0.994018 1
0.105145 0.000000 0
0.876957 0.994018 1
0.123043 0.989033 0
0.818792 0.000000 1
0.175615 1.000000 0
0.894855 0.004985 1
0.117450 0.000000 0
0.894855 0.994018 1 
-1
