0
1
0.56 0.00 0

16
11
0.00 0.20 0
0.10 0.00 1
0.50 0.00 1
0.60 0.20 1
0.60 0.80 1
0.50 1.00 1
0.10 1.00 1
0.00 0.80 1
0.00 0.20 1
0.10 0.20 0
0.50 0.80 1

17
5
0.00 0.00 0
0.60 0.00 1
0.30 0.00 0
0.30 1.00 1
0.00 0.70 1

18
11
0.60 0.00 0
0.00 0.00 1
0.00 0.40 1
0.10 0.50 1
0.50 0.50 1
0.60 0.60 1
0.60 0.90 1
0.50 1.00 1
0.10 1.00 1
0.00 0.90 1
0.00 0.80 1

19
15
0.00 0.80 0
0.00 0.90 1
0.10 1.00 1
0.50 1.00 1
0.60 0.90 1
0.60 0.60 1
0.50 0.50 1
0.20 0.50 1
0.50 0.50 0
0.60 0.40 1
0.60 0.10 1
0.50 0.00 1
0.10 0.00 1
0.00 0.10 1
0.00 0.20 1

20
4
0.50 0.00 0
0.50 1.00 1
0.00 0.40 1
0.60 0.40 1

21
11
0.60 0.90 0
0.60 1.00 1
0.00 1.00 1
0.00 0.60 1
0.50 0.60 1
0.60 0.50 1
0.60 0.10 1
0.50 0.00 1
0.10 0.00 1
0.00 0.10 1
0.00 0.20 1

22
13
0.60 0.80 0
0.60 0.90 1
0.50 1.00 1
0.10 1.00 1
0.00 0.90 1
0.00 0.10 1
0.10 0.00 1
0.50 0.00 1
0.60 0.10 1
0.60 0.50 1
0.50 0.60 1
0.10 0.60 1
0.00 0.50 1

23
4
0.00 0.90 0
0.00 1.00 1
0.60 1.00 1
0.20 0.00 1

24
16
0.10 0.50 0
0.00 0.60 1
0.00 0.90 1
0.10 1.00 1
0.50 1.00 1
0.60 0.90 1
0.60 0.60 1
0.50 0.50 1
0.10 0.50 1
0.00 0.40 1
0.00 0.10 1
0.10 0.00 1
0.50 0.00 1
0.60 0.10 1
0.60 0.40 1
0.50 0.50 1

25
13
0.00 0.20 0
0.00 0.10 1
0.10 0.00 1
0.50 0.00 1
0.60 0.10 1
0.60 0.90 1
0.50 1.00 1
0.10 1.00 1
0.00 0.90 1
0.00 0.50 1
0.10 0.40 1
0.50 0.40 1
0.60 0.50 1

33
10
0.00 0.00 0
0.00 0.50 1
0.00 0.70 1
0.20 1.00 1
0.00 0.50 0
0.60 0.50 1
0.20 1.00 0
0.40 1.00 1
0.60 0.70 1
0.60 0.00 1

34
13
0.00 0.00 0
0.00 1.00 1
0.50 1.00 1
0.60 0.90 1
0.60 0.60 1
0.00 0.50 0
0.50 0.50 1
0.60 0.60 0
0.50 0.50 1
0.60 0.40 1
0.60 0.10 1
0.50 0.00 1
0.00 0.00 1

35
8
0.60 0.10 0
0.50 0.00 1
0.10 0.00 1
0.00 0.10 1
0.00 0.90 1
0.10 1.00 1
0.50 1.00 1
0.60 0.90 1

36
7
0.60 0.20 0
0.40 0.00 1
0.00 0.00 1
0.00 1.00 1
0.40 1.00 1
0.60 0.80 1
0.60 0.20 1

37
7
0.60 0.00 0
0.00 0.00 1
0.00 1.00 1
0.00 0.50 0
0.40 0.50 1
0.00 1.00 0
0.60 1.00 1

38
5
0.00 0.00 0
0.00 1.00 1
0.60 1.00 1
0.00 0.50 0
0.40 0.50 1

39
10
0.40 0.40 0
0.60 0.40 1
0.60 0.10 1
0.50 0.00 1
0.10 0.00 1
0.00 0.10 1
0.00 0.90 1
0.10 1.00 1
0.50 1.00 1
0.60 0.90 1

40
6
0.00 1.00 0
0.00 0.00 1
0.60 1.00 0
0.60 0.00 1
0.00 0.50 0
0.60 0.50 1

41
6
0.00 1.00 0
0.60 1.00 1
0.30 1.00 0
0.30 0.00 1
0.00 0.00 0
0.60 0.00 1

42
6
0.60 1.00 0
0.60 0.10 1
0.50 0.00 1
0.10 0.00 1
0.00 0.10 1
0.00 0.20 1

43
5
0.00 1.00 0
0.00 0.00 1
0.60 1.00 0
0.00 0.50 1
0.60 0.00 1

44
3
0.00 1.00 0
0.00 0.00 1
0.60 0.00 1

45
5
0.00 0.00 0
0.00 1.00 1
0.30 0.50 1
0.60 1.00 1
0.60 0.00 1

46
4
0.00 0.00 0
0.00 1.00 1
0.60 0.00 1
0.60 1.00 1

47
9
0.10 0.00 0
0.00 0.10 1
0.00 0.90 1
0.10 1.00 1
0.50 1.00 1
0.60 0.90 1
0.60 0.10 1
0.50 0.00 1
0.10 0.00 1

48
7
0.00 0.00 0
0.00 1.00 1
0.50 1.00 1
0.60 0.90 1
0.60 0.60 1
0.50 0.50 1
0.00 0.50 1

49
11
0.10 0.00 0
0.00 0.10 1
0.00 0.90 1
0.10 1.00 1
0.50 1.00 1
0.60 0.90 1
0.60 0.10 1
0.50 0.00 1
0.10 0.00 1
0.40 0.20 0
0.60 0.00 1

50
9
0.00 0.00 0
0.00 1.00 1
0.50 1.00 1
0.60 0.90 1
0.60 0.60 1
0.50 0.50 1
0.00 0.50 1
0.40 0.50 0
0.60 0.00 1

51
12
0.00 0.10 0
0.10 0.00 1
0.50 0.00 1
0.60 0.10 1
0.60 0.40 1
0.50 0.50 1
0.10 0.50 1
0.00 0.60 1
0.00 0.90 1
0.10 1.00 1
0.50 1.00 1
0.60 0.90 1

52
4
0.00 1.00 0
0.60 1.00 1
0.30 1.00 0
0.30 0.00 1

53
6
0.00 1.00 0
0.00 0.10 1
0.10 0.00 1
0.50 0.00 1
0.60 0.10 1
0.60 1.00 1

54
3
0.00 1.00 0
0.30 0.00 1
0.60 1.00 1

55
5
0.00 1.00 0
0.00 0.00 1
0.30 0.50 1
0.60 0.00 1
0.60 1.00 1

56
4
0.00 1.00 0
0.60 0.00 1
0.60 1.00 0
0.00 0.00 1

57
5
0.00 1.00 0
0.30 0.50 1
0.60 1.00 1
0.30 0.50 0
0.30 0.00 1

58
4
0.00 1.00 0
0.60 1.00 1
0.00 0.00 1
0.60 0.00 1

14
5
0.00 0.00 0
0.10 0.00 1
0.10 0.10 1
0.00 0.10 1
0.00 0.00 1

94
6
0.00 0.50 0
0.60 0.50 1
0.30 0.80 0
0.30 0.20 1
0.00 0.10 0
0.60 0.10 1

11
4
0.00 0.50 0
0.60 0.50 1
0.30 0.80 0
0.30 0.20 1

13
2
0.00 0.50 0
0.60 0.50 1

62
3
0.00 0.61 0
0.30 1.00 1
0.60 0.60 1

26
2
0.0 -1.0 0
0.0 2.0 1

15
2
0.00 0.00 0
0.60 1.00 1

65
13
0.50 0.00 0
0.50 0.50 1
0.40 0.60 1
0.10 0.60 1
0.00 0.50 1
0.50 0.10 0
0.40 0.00 1
0.10 0.00 1
0.00 0.10 1
0.00 0.30 1
0.10 0.40 1
0.40 0.40 1
0.50 0.30 1

66
7
0.00 1.00 0
0.00 0.00 1
0.40 0.00 1
0.50 0.10 1
0.50 0.50 1
0.40 0.60 1
0.00 0.60 1

67
8
0.50 0.10 0
0.40 0.00 1
0.10 0.00 1
0.00 0.10 1
0.00 0.50 1
0.10 0.60 1
0.40 0.60 1
0.50 0.50 1

68
7
0.50 1.00 0
0.50 0.00 1
0.10 0.00 1
0.00 0.10 1
0.00 0.50 1
0.10 0.60 1
0.50 0.60 1

69
10
0.50 0.10 0
0.40 0.00 1
0.10 0.00 1
0.00 0.10 1
0.00 0.50 1
0.10 0.60 1
0.40 0.60 1
0.50 0.50 1
0.50 0.30 1
0.00 0.30 1

70
7
0.10 0.00 0
0.10 0.90 1
0.20 1.00 1
0.30 1.00 1
0.40 0.90 1
0.00 0.60 0
0.20 0.60 1

71
12
0.00 -0.10 0
0.10 -0.20 1
0.40 -0.20 1
0.50 -0.10 1
0.50 0.50 1
0.40 0.60 1
0.10 0.60 1
0.00 0.50 1
0.00 0.10 1
0.10 0.00 1
0.40 0.00 1
0.50 0.10 1

72
7
0.00 1.00 0
0.00 0.00 1
0.00 0.50 0
0.10 0.60 1
0.40 0.60 1
0.50 0.50 1
0.50 0.00 1

73
6
0.00 0.00 0
0.10 0.00 1
0.05 0.00 0
0.05 0.60 1
0.05 0.70 0
0.05 0.75 1

74
7
0.00 -0.15 0
0.05 -0.20 1
0.10 -0.20 1
0.15 -0.15 1
0.15 0.60 1
0.15 0.70 0
0.15 0.75 1

75
5
0.00 1.00 0
0.00 0.00 1
0.30 0.60 0
0.00 0.30 1
0.30 0.00 1

76
5
0.00 1.00 0
0.10 1.00 1
0.10 0.00 1
0.00 0.00 0
0.20 0.00 1

77
12
0.00 0.00 0
0.00 0.60 1
0.00 0.50 0
0.10 0.60 1
0.20 0.60 1
0.30 0.50 1
0.40 0.60 1
0.50 0.60 1
0.60 0.50 1
0.60 0.00 1
0.30 0.50 0
0.30 0.10 1

78
7
0.00 0.60 0
0.00 0.00 1
0.00 0.50 0
0.10 0.60 1
0.40 0.60 1
0.50 0.50 1
0.50 0.00 1

79
9
0.00 0.10 0
0.10 0.00 1
0.40 0.00 1
0.50 0.10 1
0.50 0.50 1
0.40 0.60 1
0.10 0.60 1
0.00 0.50 1
0.00 0.10 1

80
10
0.00 -0.20 0
0.00 0.60 1
0.00 0.50 0
0.10 0.60 1
0.40 0.60 1
0.50 0.50 1
0.50 0.10 1
0.40 0.00 1
0.10 0.00 1
0.00 0.10 1

81
12
0.50 0.60 0
0.50 -0.20 1
0.40 -0.20 0
0.60 -0.20 1
0.50 0.50 0
0.40 0.60 1
0.10 0.60 1
0.00 0.50 1
0.00 0.10 1
0.10 0.00 1
0.40 0.00 1
0.50 0.10 1

82
6
0.00 0.60 0
0.00 0.00 1
0.00 0.50 0
0.10 0.60 1
0.20 0.60 1
0.30 0.50 1

83
12
0.50 0.50 0
0.40 0.60 1
0.10 0.60 1
0.00 0.50 1
0.00 0.40 1
0.10 0.30 1
0.40 0.30 1
0.50 0.20 1
0.50 0.10 1
0.40 0.00 1
0.10 0.00 1
0.00 0.10 1

84
7
0.10 0.90 0
0.10 0.05 1
0.15 0.00 1
0.20 0.00 1
0.25 0.05 1
0.00 0.60 0
0.20 0.60 1

85
7
0.00 0.60 0
0.00 0.10 1
0.10 0.00 1
0.40 0.00 1
0.50 0.10 1
0.50 0.60 0
0.50 0.00 1

86
3
0.00 0.60 0
0.25 0.00 1
0.50 0.60 1

87
5
0.00 0.60 0
0.15 0.00 1
0.25 0.30 1
0.35 0.00 1
0.50 0.60 1

88
4
0.00 0.00 0
0.50 0.60 1
0.00 0.60 0
0.50 0.00 1

89
5
0.00 -0.20 0
0.10 -0.20 1
0.50 0.60 1
0.00 0.60 0
0.25 0.10 1

90
4
0.00 0.60 0
0.50 0.60 1
0.00 0.00 1
0.50 0.00 1

59
5
-0.25 0.0 0
1.25 0.0 1
1.5 1.0 1
0.0 1.0 1
-0.25 0.0 1

61
4
0.00 0.00 0
0.20 0.00 1
0.20 1.00 1
0.00 1.00 1

91
9
0.30 1.00 0
0.20 1.00 1
0.10 0.90 1
0.10 0.60 1
0.00 0.50 1
0.10 0.40 1
0.10 0.10 1
0.20 0.00 1
0.30 0.00 1

93
9
0.00 1.00 0
0.10 1.00 1
0.20 0.90 1
0.20 0.60 1
0.30 0.50 1
0.20 0.40 1
0.20 0.10 1
0.10 0.00 1
0.00 0.00 1

64
6
0.10 0.80 0
0.00 0.90 1
0.00 1.00 1
0.10 1.00 1
0.10 0.90 1
0.00 0.90 1

60
2
0.15 0.95 0
0.85 0.05 1

63
2
0.05 0.00 0
0.95 0.00 1

94
4
0.15 0.5 0
0.35 0.75 1
0.6 0.5 1
0.85 0.75 1

92
2
0.0 0.0 0
0.0 1.0 1

1
2
0.0 0.5 0
2.0 0.5 1

2
5
0.0  0.0 0
0.9  0.0 1
1.0  0.8 1
0.1  0.8 1
0.0  0.0 1

3
19
1.250000 0.500000 0
1.204769 0.756515 1
1.074533 0.982091 1
0.875000 1.149519 1
0.630236 1.238606 1
0.369764 1.238606 1
0.125000 1.149519 1
-0.074533 0.982091 1
-0.204769 0.756515 1
-0.250000 0.500000 1
-0.204769 0.243485 1
-0.074533 0.017909 1
0.125000 -0.149519 1
0.369764 -0.238606 1
0.630236 -0.238606 1
0.875000 -0.149519 1
1.074533 0.017909 1
1.204769 0.243485 1
1.250000 0.500000 1

4
23
1.470000 0.610000 0
1.439846 0.781010 1
1.353022 0.931394 1
1.220000 1.043013 1
1.056824 1.102404 1
0.883176 1.102404 1
0.720000 1.043013 1
0.586978 0.931394 1
0.500154 0.781010 1
0.470000 0.610000 1
0.500154 0.438990 1
0.586978 0.288606 1
0.720000 0.176987 1
0.883176 0.117596 1
1.056824 0.117596 1
1.220000 0.176987 1
1.353022 0.288606 1
1.439846 0.438990 1
1.470000 0.610000 1
0.000000 0.000000 0
0.792658 1.273458 1
1.180000 0.000000 0
1.972658 1.273458 1

5
19
2.000000 0.000000 0
1.984808 0.173648 1
1.939693 0.342020 1
1.866025 0.500000 1
1.766044 0.642788 1
1.642788 0.766044 1
1.500000 0.866025 1
1.342020 0.939693 1
1.173648 0.984808 1
1.000000 1.000000 1
0.826352 0.984808 1
0.657980 0.939693 1
0.500000 0.866025 1
0.357212 0.766044 1
0.233956 0.642788 1
0.133975 0.500000 1
0.060307 0.342020 1
0.015192 0.173648 1
0.000000 0.000000 1

6
20
2.000000 0.000000 0
1.984808 0.173648 1
1.939693 0.342020 1
1.866025 0.500000 1
1.766044 0.642788 1
1.642788 0.766044 1
1.500000 0.866025 1
1.342020 0.939693 1
1.173648 0.984808 1
1.000000 1.000000 1
0.826352 0.984808 1
0.657980 0.939693 1
0.500000 0.866025 1
0.357212 0.766044 1
0.233956 0.642788 1
0.133975 0.500000 1
0.060307 0.342020 1
0.015192 0.173648 1
0.000000 0.000000 1
2.000000 0.000000 1

7
3
1.500000 0.000000 0
0.000000 0.000000 1
1.299038 0.750000 1

8
4
0.000000 0.000000 0
2.000000 0.000000 1
1.000000 0.000000 0
1.000000 1.500000 1


9
4
0.000000 0.000000 0
0.750000 1.299038 1
0.600000 0.000000 0
1.350000 1.299038 1

10
23
1.000000 0.500000 0
0.969846 0.671010 1
0.883022 0.821394 1
0.750000 0.933013 1
0.586824 0.992404 1
0.413176 0.992404 1
0.250000 0.933013 1
0.116978 0.821394 1
0.030154 0.671010 1
0.000000 0.500000 1
0.030154 0.328990 1
0.116978 0.178606 1
0.250000 0.066987 1
0.413176 0.007596 1
0.586824 0.007596 1
0.750000 0.066987 1
0.883022 0.178606 1
0.969846 0.328990 1
1.000000 0.500000 1
-0.25000 0.500000 0
1.250000 0.500000 1
0.500000 -0.25000 0
0.500000 1.250000 1

12
38
1.000000 0.500000 0
0.969846 0.671010 1
0.883022 0.821394 1
0.750000 0.933013 1
0.586824 0.992404 1
0.413176 0.992404 1
0.250000 0.933013 1
0.116978 0.821394 1
0.030154 0.671010 1
0.000000 0.500000 1
0.030154 0.328990 1
0.116978 0.178606 1
0.250000 0.066987 1
0.413176 0.007596 1
0.586824 0.007596 1
0.750000 0.066987 1
0.883022 0.178606 1
0.969846 0.328990 1
1.000000 0.500000 1
1.250000 0.500000 0
1.204769 0.756515 1
1.074533 0.982091 1
0.875000 1.149519 1
0.630236 1.238606 1
0.369764 1.238606 1
0.125000 1.149519 1
-0.074533 0.982091 1
-0.204769 0.756515 1
-0.250000 0.500000 1
-0.204769 0.243485 1
-0.074533 0.017909 1
0.125000 -0.149519 1
0.369764 -0.238606 1
0.630236 -0.238606 1
0.875000 -0.149519 1
1.074533 0.017909 1
1.204769 0.243485 1
1.250000 0.500000 1


27
6
0.000000 0.000000 0
0.934315 0.934315 1
0.722183 1.14645  1
1.641420 1.641420 1
1.146450 0.722182 1
0.934315 0.934315 1

28
14
-0.500000 0.000000 0
0.600000 0.000000  1
0.600000 0.000000 0
1.448528 0.848528 1
1.236396 1.060660 1
2.014214 1.414214 1
1.660660 0.636396 1
1.448528 0.848528 1
-0.500000 0.000000 0
0.348528 0.848528 1
0.136396 1.060660 1
0.914214 1.414214 1
0.560660 0.636396 1
0.348528 0.848528 1


29
24
1.250000 0.500000 0
1.204769 0.756515 1
1.074533 0.982091 1
0.875000 1.149519 1
0.630236 1.238606 1
0.369764 1.238606 1
0.125000 1.149519 1
-0.074533 0.982091 1
-0.204769 0.756515 1
-0.250000 0.500000 1
-0.204769 0.243485 1
-0.074533 0.017909 1
0.125000 -0.149519 1
0.369764 -0.238606 1
0.630236 -0.238606 1
0.875000 -0.149519 1
1.074533 0.017909 1
1.204769 0.243485 1
1.250000 0.500000 1
0.050000 0.050000 0
0.050000 0.850000 1
0.450000 0.050000 1
0.850000 0.850000 1
0.850000 0.050000 1

30
22
1.250000 0.500000 0
1.204769 0.756515 1
1.074533 0.982091 1
0.875000 1.149519 1
0.630236 1.238606 1
0.369764 1.238606 1
0.125000 1.149519 1
-0.074533 0.982091 1
-0.204769 0.756515 1
-0.250000 0.500000 1
-0.204769 0.243485 1
-0.074533 0.017909 1
0.125000 -0.149519 1
0.369764 -0.238606 1
0.630236 -0.238606 1
0.875000 -0.149519 1
1.074533 0.017909 1
1.204769 0.243485 1
1.250000 0.500000 1
0.900000 0.000000 0
0.100000 0.000000 1
0.100000 0.800000 1

31
31
1.250000 0.500000 0
1.204769 0.756515 1
1.074533 0.982091 1
0.875000 1.149519 1
0.630236 1.238606 1
0.369764 1.238606 1
0.125000 1.149519 1
-0.074533 0.982091 1
-0.204769 0.756515 1
-0.250000 0.500000 1
-0.204769 0.243485 1
-0.074533 0.017909 1
0.125000 -0.149519 1
0.369764 -0.238606 1
0.630236 -0.238606 1
0.875000 -0.149519 1
1.074533 0.017909 1
1.204769 0.243485 1
1.250000 0.500000 1
0.175000 0.105000 0
0.255000 0.025000 1
0.575000 0.025000 1
0.655000 0.105000 1
0.655000 0.345000 1
0.575000 0.425000 1
0.255000 0.425000 1
0.175000 0.505000 1
0.175000 0.745000 1
0.255000 0.825000 1
0.575000 0.825000 1
0.655000 0.745000 1


32
21
1.000000 0.500000 0
0.969846 0.671010 1
0.883022 0.821394 1
0.750000 0.933013 1
0.586824 0.992404 1
0.413176 0.992404 1
0.250000 0.933013 1
0.116978 0.821394 1
0.030154 0.671010 1
0.000000 0.500000 1
0.030154 0.328990 1
0.116978 0.178606 1
0.250000 0.066987 1
0.413176 0.007596 1
0.586824 0.007596 1
0.750000 0.066987 1
0.883022 0.178606 1
0.969846 0.328990 1
1.000000 0.500000 1
-0.25000 -0.25000 0
1.250000 1.250000 1

91
13
0.000000 0.300000 0
0.400000 0.600000 1
0.400000 0.000000 1
0.000000 0.300000 1
0.400000 0.300000 0
1.600000 0.300000 1
1.600000 0.600000 0
2.000000 0.300000 1
1.600000 0.000000 1
1.600000 0.600000 1
0.870000 0.770000 0
0.870000 0.370000 1
1.110000 0.370000 1

92
15
0.000000 0.300000 0
0.400000 0.600000 1
0.400000 0.000000 1
0.000000 0.300000 1
0.400000 0.300000 0
1.600000 0.300000 1
1.600000 0.600000 0
2.000000 0.300000 1
1.600000 0.000000 1
1.600000 0.600000 1
0.840000 0.690000 0
0.840000 0.370000 1
0.936000 0.530000 1
1.032000 0.370000 1
1.032000 0.690000 1

93
17
0.000000 0.300000 0
0.400000 0.600000 1
0.400000 0.000000 1
0.000000 0.300000 1
0.400000 0.300000 0
1.600000 0.300000 1
1.600000 0.600000 0
2.000000 0.300000 1
1.600000 0.000000 1
1.600000 0.600000 1
1.080000 0.410000 0
1.020000 0.350000 1
0.900000 0.350000 1
0.900000 0.650000 1
1.020000 0.650000 1
1.080000 0.590000 1
1.080000 0.410000 1

94
15
0.000000 0.300000 0
1.000000 0.300000 1
1.000000 0.600000 1
1.500000 0.300000 1
1.000000 0.000000 1
1.000000 0.300000 1
0.390000 0.330000 0
0.390000 0.730000 1
0.590000 0.730000 1
0.630000 0.690000 1
0.630000 0.570000 1
0.590000 0.530000 1
0.390000 0.530000 1
0.550000 0.530000 0
0.630000 0.330000 1

-1
