33
13
0.005025 0.007049 0
-0.008040 -0.007049 0
0.294472 -0.007049 1
0.098492 -0.007049 0
0.749749 1.000000 1
0.801005 -0.010070 1
0.749749 -0.010070 0
0.691457 0.910373 1
0.732663 0.281974 0
0.294472 0.281974 1
0.907538 -0.010070 0
0.603015 -0.010070 1
1.000000 0.995972 0

34
35
0.002846 -0.000991 0
0.568311 0.000000 1
0.752372 0.044599 1
0.840607 0.114965 1
0.857685 0.140733 1
0.911765 0.277502 1
0.907970 0.360753 1
0.857685 0.469772 1
0.752372 0.522299 1
0.345351 0.522299 1
0.580645 0.000000 0
0.706831 0.044599 1
0.795066 0.123885 1
0.852941 0.285431 1
0.852941 0.373637 1
0.757116 0.518335 1
0.757116 0.522299 0
0.899431 0.561943 1
0.954459 0.614470 1
1.000000 0.746283 1
1.000000 0.847374 1
0.949715 0.938553 1
0.819734 1.000000 1
0.287476 1.000000 1
0.760911 0.522299 0
0.849146 0.565907 1
0.899431 0.619425 1
0.958254 0.750248 1
0.958254 0.833498 1
0.911765 0.943508 1
0.815939 0.987116 1
0.476281 0.991080 0
0.199241 0.004955 1
0.140417 0.009911 0
0.429791 0.991080 1

35
33
0.002970 -0.000995 0
0.000000 0.247761 0
0.000000 0.384080 1
0.098020 0.713433 1
0.286139 0.947264 1
0.426733 0.995025 1
0.584158 1.000000 1
0.689109 0.951244 1
0.750495 0.898507 1
0.794059 0.911443 1
0.833663 0.991045 1
0.794059 0.713433 1
0.785148 0.810945 1
0.746535 0.898507 1
0.439604 0.991045 0
0.352475 0.938308 1
0.260396 0.854726 1
0.155446 0.727363 1
0.058416 0.375124 1
0.058416 0.229851 1
0.098020 0.102488 1
0.229703 0.013930 1
0.233663 0.000995 1
0.396040 0.000995 1
0.492079 0.044776 1
0.540594 0.097512 1
0.593069 0.137313 1
0.640594 0.238806 1
0.246535 0.004975 0
0.119802 0.035821 1
0.041584 0.093532 1
0.000000 0.216915 1
1.000000 0.995025 0

36
26
0.002970 -0.000991 0
0.448515 0.000000 1
0.632673 0.053518 1
0.750495 0.102081 1
0.837624 0.189296 1
0.960396 0.426164 1
1.000000 0.549058 1
0.987129 0.763132 1
0.943564 0.903865 1
0.882178 0.943508 1
0.754455 0.996036 1
0.300000 0.996036 1
0.452475 0.000991 0
0.685148 0.084242 1
0.790099 0.207136 1
0.895049 0.386521 1
0.943564 0.557978 1
0.943564 0.755203 1
0.886139 0.886026 1
0.833663 0.947473 1
0.754455 1.000000 1
0.504950 0.983152 0
0.207921 0.009911 1
0.155446 0.004955 0
0.443564 0.996036 1
0.996040 0.991080 0

37
16
0.002846 -0.000978 0
0.706831 0.000978 1
0.807400 0.225806 1
0.672676 0.000978 1
0.194497 0.009775 0
0.480076 0.973607 1
0.291271 0.982405 0
1.000000 1.000000 1
0.954459 0.693060 1
0.958254 0.977517 1
0.425047 0.977517 0
0.140417 0.000978 1
0.337761 0.515151 0
0.610057 0.511241 1
0.668880 0.696970 0
0.576850 0.329423 1

38
16
0.002822 -0.000995 0
0.334901 0.000995 1
0.139229 0.000995 0
0.426152 0.995025 1
0.280339 0.995025 0
1.000000 0.995025 1
0.946378 0.722388 1
0.941674 1.000000 1
0.484478 0.995025 0
0.192850 0.000000 1
0.338664 0.524378 0
0.608655 0.529353 1
0.663217 0.705473 0
0.563500 0.339303 1
0.426152 0.991045 0
0.142992 0.004975 1

39
37
0.000000 -0.005917 0
0.003006 0.223866 0
0.003006 0.380671 1
0.096192 0.699211 1
0.304609 0.947732 1
0.454910 0.996055 1
0.592184 1.000000 1
0.694389 0.943787 1
0.756513 0.895464 1
0.809619 0.900394 1
0.849699 0.987179 1
0.805611 0.725838 1
0.800601 0.794872 1
0.756513 0.895464 1
0.441884 1.000000 0
0.348697 0.938856 1
0.260521 0.856016 1
0.154309 0.716962 1
0.061122 0.389546 1
0.048096 0.227811 1
0.101202 0.084813 1
0.154309 0.049310 1
0.255511 0.004931 1
0.000000 0.223866 0
0.070140 0.075937 1
0.251503 0.004931 1
0.366733 0.005917 1
0.494990 0.058185 1
0.606212 0.141026 1
0.707415 0.328402 1
0.348697 0.014793 0
0.476954 0.075937 1
0.535070 0.137081 1
0.654309 0.333333 1
0.513026 0.328402 0
0.844689 0.328402 1
1.000000 0.991124 0

40
20
0.002281 -0.000986 0
0.257034 0.000986 1
0.112548 0.000986 0
0.340684 0.982249 1
0.230418 0.995069 0
0.495818 0.995069 1
0.384791 0.986193 0
0.155894 0.004931 1
0.276806 0.519724 0
0.717871 0.519724 1
0.841825 0.991124 0
0.606844 0.000986 1
0.495818 0.000000 0
0.758175 0.000986 1
0.653992 0.000986 0
0.882129 0.978304 1
0.606844 0.009862 0
0.838783 0.986193 1
0.727757 0.991124 0
1.000000 0.991124 1

41
9
0.002982 -0.000986 0
0.353877 0.000000 1
0.147117 0.000000 0
0.454274 0.982249 1
0.301193 0.995069 0
0.661034 0.986193 1
0.499006 0.986193 0
0.208748 0.000986 1
1.000000 0.982249 0

42
21
0.002970 0.000000 0
0.050495 0.177177 0
0.102970 0.230230 1
0.054455 0.279279 1
0.002970 0.234234 1
0.002970 0.128128 1
0.058416 0.049049 1
0.137624 0.000000 1
0.251485 0.004004 1
0.360396 0.044044 1
0.404950 0.111111 1
0.698020 0.995996 1
0.497030 1.000000 0
0.846535 1.000000 1
0.649505 1.000000 0
0.396040 0.181181 1
0.356436 0.102102 1
0.334653 0.066066 1
0.277228 0.026026 1
0.246535 -0.006006 1
1.000000 0.991992 0

43
18
0.000000 -0.000995 0
0.283558 0.000995 1
0.111199 0.004975 0
0.357427 1.000000 1
0.238284 0.995025 0
0.518666 0.995025 1
0.402701 0.995025 0
0.164416 0.004975 1
0.248610 0.388060 0
0.908658 0.995025 1
0.764893 1.000000 0
1.000000 1.000000 1
0.473392 0.568159 0
0.631454 0.009950 1
0.518666 0.560199 0
0.673550 0.013930 1
0.508340 0.000000 0
0.750596 0.000000 1
44
12
0.000000 0.000000 0
0.750247 0.029354 1
0.750247 0.224070 1
0.663376 0.029354 1
0.695953 0.093933 0
0.228036 0.093933 1
0.217177 0.018591 0
0.499506 0.989237 1
0.141165 0.040117 0
0.456071 0.989237 1
0.304047 1.000000 0
0.674235 1.000000 1

45
19
0.002214 0.009009 0
0.216974 -0.005005 1
0.112177 -0.005005 0
0.330627 0.990991 1
0.373432 0.000000 1
0.226568 0.995996 0
0.373432 0.995996 1
0.409594 0.075075 1
0.370480 -0.010010 0
0.846494 1.000000 1
0.630996 -0.009009 1
0.520295 -0.009009 0
0.774908 -0.010010 1
0.849446 0.995996 0
1.000000 0.990991 1
0.889299 0.995996 0
0.670111 0.000000 1
0.516605 -0.010010 0
0.777860 -0.010010 1

46
12
0.000000 0.000000 0
0.230404 -0.000992 1
0.117973 0.003968 0
0.356295 0.991071 1
0.237530 0.996032 0
0.352336 0.996032 1
0.629454 0.144841 1
0.349169 0.847222 0
0.632621 -0.000992 1
0.866983 0.991071 1
0.745051 1.000000 0
1.000000 1.000000 1

47
37
0.000000 -0.000986 0
0.000000 0.222880 0
-0.002991 0.380671 1
0.091725 0.694280 1
0.299103 0.942801 1
0.435693 0.991124 1
0.603190 0.995069 1
0.703888 0.929980 1
0.752742 0.890533 1
0.787637 0.759369 1
0.796610 0.633136 1
0.708873 0.284024 1
0.550349 0.087771 1
0.497507 0.044379 1
0.351944 0.000000 1
0.192423 0.000000 1
0.108674 0.035503 1
0.060818 0.087771 1
0.002991 0.210059 1
0.443669 0.986193 0
0.346959 0.942801 1
0.228315 0.816568 1
0.153539 0.712032 1
0.051844 0.366864 1
0.051844 0.240631 1
0.104686 0.092702 1
0.201396 0.000986 1
0.346959 0.000986 0
0.435693 0.040434 1
0.527418 0.118343 1
0.598205 0.210059 1
0.660020 0.306706 1
0.743769 0.580868 1
0.743769 0.755424 1
0.708873 0.886588 1
0.598205 0.982249 1
1.000000 1.000000 0

48
22
0.000000 0.003984 0
0.322374 -0.003984 1
0.127854 0.000000 0
0.406393 0.996016 1
0.180822 0.004980 0
0.459361 0.991036 1
0.277626 1.000000 0
0.814612 1.000000 1
0.959817 0.938247 1
1.000000 0.846614 1
1.000000 0.749004 1
0.956164 0.617530 1
0.879452 0.524900 1
0.689498 0.467131 1
0.322374 0.467131 1
0.689498 0.467131 0
0.818265 0.528884 1
0.911416 0.621514 1
0.956164 0.749004 1
0.964384 0.850598 1
0.919635 0.938247 1
0.831050 0.987052 1

49
55
0.002982 -0.000995 0
0.000000 0.220896 0
0.000000 0.388060 1
0.098410 0.713433 1
0.199801 0.841791 1
0.296223 0.951244 1
0.432406 1.000000 1
0.590457 0.995025 1
0.682903 0.956219 1
0.731610 0.920398 1
0.784294 0.784080 1
0.797217 0.621890 1
0.695825 0.286567 1
0.599404 0.133333 1
0.499006 0.040796 1
0.375746 0.009950 1
0.177932 0.004975 1
0.085487 0.066667 1
0.045726 0.097512 1
0.002982 0.220896 1
0.432406 0.995025 0
0.357853 0.960199 1
0.287276 0.889552 1
0.151093 0.722388 1
0.050696 0.379104 1
0.050696 0.255721 1
0.103380 0.102488 1
0.194831 0.004975 1
0.366799 0.013930 1
0.463221 0.062687 1
0.582505 0.199005 1
0.648111 0.282587 1
0.695825 0.431841 1
0.749503 0.638806 1
0.740557 0.766169 1
0.695825 0.889552 1
0.608350 0.995025 1
0.103380 0.102488 0
0.107356 0.137313 1
0.156064 0.233831 1
0.243539 0.286567 1
0.292247 0.286567 1
0.397614 0.251741 1
0.450298 0.137313 1
0.450298 -0.550249 1
0.490060 -0.691542 1
0.582505 -0.709453 1
0.648111 -0.440796 1
0.648111 -0.290547 1
0.648111 -0.435821 1
0.595427 -0.559204 1
0.546720 -0.577114 1
0.502982 -0.435821 1
0.454274 0.119403 1
1.000000 0.995025 0

50
36
0.002833 0.000000 0
0.336166 0.000000 1
0.135033 0.003968 0
0.419263 0.996032 1
0.277620 0.996032 0
0.798867 1.000000 1
0.941454 0.952381 1
1.000000 0.847222 1
1.000000 0.754960 1
0.953730 0.623016 1
0.899906 0.561508 1
0.757318 0.517857 1
0.339943 0.517857 1
0.474032 0.996032 0
0.193579 0.003968 1
0.807366 0.991071 0
0.895184 0.947421 1
0.945231 0.847222 1
0.949953 0.741071 1
0.912181 0.640873 1
0.882908 0.601190 1
0.812087 0.543651 1
0.769594 0.521825 1
0.569405 0.517857 0
0.665722 0.474206 1
0.724268 0.407738 1
0.812087 0.092262 1
0.836638 0.048611 1
0.899906 0.048611 1
0.941454 0.070437 1
0.945231 0.131944 1
0.953730 0.074405 1
0.903683 0.000000 1
0.803588 0.000000 1
0.753541 0.048611 1
0.711992 0.412698 1

51
35
0.000000 -0.000995 0
0.104686 0.084577 0
0.055833 0.093532 1
0.002991 0.000000 1
0.051844 0.278607 1
0.051844 0.195025 1
0.100698 0.088557 1
0.153539 0.040796 1
0.272183 0.004975 1
0.497507 0.000995 1
0.638086 0.044776 1
0.703888 0.093532 1
0.748754 0.181095 1
0.743769 0.335323 1
0.647059 0.427861 1
0.303091 0.607960 1
0.245264 0.665672 1
0.201396 0.753234 1
0.197408 0.854726 1
0.299103 0.947264 1
0.443669 1.000000 1
0.647059 0.995025 1
0.787637 0.960199 1
0.845464 0.907463 1
0.898305 0.907463 1
0.947159 0.987065 1
0.898305 0.713433 1
0.893320 0.823881 1
0.845464 0.898507 1
0.201396 0.758209 0
0.303091 0.660696 1
0.647059 0.480597 1
0.699900 0.427861 1
0.743769 0.331343 1
1.000000 1.000000 0

52
15
0.002970 0.000000 0
0.002970 0.708709 0
0.150495 1.000000 0
0.002970 0.703704 1
0.102970 1.000000 1
0.855446 1.000000 1
0.790099 0.712713 1
0.794059 1.000000 1
0.497030 1.000000 0
0.202970 -0.001001 1
0.352475 0.000000 0
0.005941 0.000000 1
0.150495 0.004004 0
0.443564 1.000000 1
1.000000 1.000000 0

53
19
0.000000 -0.005917 0
0.049477 0.991124 0
0.390105 0.991124 1
0.183635 0.996055 0
0.002854 0.281065 1
0.002854 0.132150 1
0.049477 0.054241 1
0.179829 0.005917 1
0.381541 0.004931 1
0.516651 0.054241 1
0.621313 0.149901 1
0.857279 0.996055 1
0.718364 1.000000 0
1.000000 1.000000 1
0.192198 0.014793 0
0.108468 0.049310 1
0.049477 0.132150 1
0.049477 0.288955 1
0.238820 0.987179 1

54
11
0.003009 -0.000991 0
0.003009 0.991080 0
0.294885 0.991080 1
0.099298 0.991080 0
0.143430 0.000991 1
0.791374 0.996036 1
0.613842 0.991080 0
0.893681 0.991080 1
0.152457 0.991080 0
0.205617 0.097126 1
1.000000 1.000000 0

55
15
0.000000 -0.000995 0
-0.006364 0.995025 0
0.312727 1.000000 1
0.140000 0.995025 0
0.047273 0.004975 1
0.501818 0.995025 1
0.183636 0.995025 0
0.099091 0.119403 1
0.497273 1.000000 0
0.409091 0.000995 1
0.859091 1.000000 1
0.734545 0.995025 0
1.000000 1.000000 1
0.541818 0.991045 0
0.460909 0.124378 1

56
14
0.000000 -0.000995 0
0.248756 0.000995 1
0.079602 0.000000 0
0.901327 0.995025 1
0.742952 1.000000 0
1.000000 1.000000 1
0.248756 1.000000 0
0.501658 1.000000 1
0.497512 0.004975 0
0.750415 0.000995 1
0.329187 0.995025 0
0.622720 0.004975 1
0.376451 0.995025 0
0.659204 0.000995 1

57
15
0.000000 0.000000 0
0.351944 0.000000 1
0.144566 0.000000 0
0.299103 0.517857 1
0.095713 0.996032 1
-0.002991 0.991071 0
0.303091 0.991071 1
0.144566 0.987103 0
0.351944 0.517857 1
0.206381 0.000000 1
0.351944 0.526786 0
0.845464 0.991071 1
0.656032 0.991071 0
0.960120 0.991071 1
1.000000 1.000000 0

58
11
0.000000 -0.000995 0
0.934459 0.991045 1
0.354518 1.000000 0
0.200596 0.709453 1
0.297915 0.995025 1
1.000000 0.995025 1
0.064548 0.000995 1
-0.002979 0.000000 0
0.697120 -0.004975 1
0.798411 0.278607 1
0.653426 0.000995 1

65
35
0.000000 0.000000 0
0.003006 0.174729 0
-0.003006 0.335637 1
0.048096 0.462981 1
0.140281 0.611056 1
0.295591 0.663376 1
0.410822 0.650543 1
0.500000 0.602172 1
0.557114 0.466930 1
0.553106 0.340573 1
0.504008 0.174729 1
0.401804 0.048371 1
0.295591 -0.000987 1
0.202405 -0.000987 1
0.083166 0.052320 1
0.034068 0.091807 1
-0.003006 0.169793 1
0.291583 0.654492 0
0.198397 0.602172 1
0.105210 0.466930 1
0.048096 0.318855 1
0.048096 0.148075 1
0.087174 0.048371 1
0.650301 0.659427 0
0.500000 0.153011 1
0.500000 0.056269 1
0.544088 0.000000 1
0.703407 -0.000987 1
0.756513 0.048371 1
0.796593 0.082922 1
0.844689 0.178677 1
0.698397 0.650543 0
0.553106 0.139191 1
0.553106 0.048371 1
0.601202 0.000000 1

66
31
-0.002982 -0.005941 0
0.002982 0.228713 0
0.002982 0.378218 1
0.199801 1.000000 1
0.054672 1.000000 0
0.247515 0.995050 1
0.107356 0.522772 1
0.058648 0.369307 1
0.058648 0.211881 1
0.103380 0.054455 1
0.499006 0.614851 0
0.546720 0.517822 1
0.546720 0.334653 1
0.506958 0.206931 1
0.406561 0.058416 1
0.292247 0.009901 1
0.103380 0.526733 0
0.142147 0.566337 1
0.221670 0.618812 1
0.278330 0.662376 1
0.410537 0.667327 1
0.494036 0.623762 1
0.551690 0.570297 1
0.595427 0.479208 1
0.604374 0.325743 1
0.555666 0.199010 1
0.445328 0.058416 1
0.296223 0.004950 1
0.203777 0.005941 1
0.072565 0.071287 1
0.000000 0.224752 1

67
24
-0.002970 0.000000 0
0.002970 0.177889 0
0.000000 0.355779 1
0.058416 0.488442 1
0.141584 0.609045 1
0.282178 0.671357 1
0.452475 0.671357 1
0.540594 0.618090 1
0.601980 0.528643 1
0.601980 0.475377 1
0.553465 0.480402 1
0.295049 0.666332 0
0.207921 0.622111 1
0.106931 0.497487 1
0.058416 0.346734 1
0.050495 0.164824 1
0.094059 0.066332 1
0.535644 0.177889 0
0.452475 0.053266 1
0.300000 0.000000 1
0.202970 0.000000 1
0.102970 0.053266 1
0.054455 0.088442 1
0.002970 0.177889 1

68
35
0.002988 -0.000995 0
0.000000 0.181095 0
0.000000 0.339303 1
0.052789 0.480597 1
0.141434 0.621890 1
0.277888 0.669652 1
0.392430 0.665672 1
0.476096 0.616915 1
0.537849 0.480597 1
0.541833 0.339303 1
0.476096 0.164179 1
0.401394 0.062687 1
0.268924 0.000995 1
0.207171 0.000000 1
0.079681 0.062687 1
0.000000 0.177114 1
0.295817 0.656716 0
0.181275 0.607960 1
0.092629 0.471642 1
0.052789 0.331343 1
0.044821 0.146269 1
0.101594 0.040796 1
0.594621 0.995025 0
0.779880 1.000000 1
0.554781 0.168159 1
0.550797 0.071642 1
0.590637 0.000995 1
0.841633 0.181095 0
0.805777 0.097512 1
0.700199 0.000000 1
0.541833 0.000995 1
0.506972 0.044776 1
0.494024 0.137313 1
0.523904 0.273632 1
0.745020 0.991045 1

69
24 
-0.006965 -0.001000 0
0.003980 0.191000 0
0.006965 0.341000 1
0.058706 0.470000 1
0.155224 0.625000 1
0.305473 0.669000 1
0.445771 0.669000 1
0.547264 0.616000 1
0.600000 0.523000 1
0.542289 0.426000 1
0.405970 0.337000 1
0.054726 0.240000 1
0.296517 0.673000 0
0.203980 0.611000 1
0.102488 0.483000 1
0.054726 0.337000 1
0.058706 0.173000 1
0.107463 0.050000 1
0.560199 0.147000 0
0.480597 0.067000 1
0.313433 0.005000 1
0.203980 0.005000 1
0.054726 0.089000 1
0.009950 0.178000 1

70
59
-0.000995 -0.001168 0
0.156219 0.249416 0
0.649751 0.245911 1
0.698507 0.413551 0
0.654726 0.400117 1
0.687562 0.365070 1
0.748259 0.393692 1
0.748259 0.413551 1
0.704478 0.448598 1
0.600000 0.448598 1
0.495522 0.413551 1
0.462687 0.397196 1
0.392040 0.320093 1
0.359204 0.252336 1
0.254726 -0.212033 1
0.221891 -0.341121 1
0.200000 -0.453271 1
0.173134 -0.578855 1
0.173134 -0.662383 1
0.156219 -0.752336 1
0.134328 -0.817173 1
0.118408 -0.881425 1
0.068657 -0.952103 1
-0.087562 -0.907126 0
-0.037811 -0.832944 1
-0.092537 -0.758762 1
-0.142289 -0.832944 1
-0.142289 -0.910047 1
-0.092537 -0.993575 1
-0.015920 -1.000000 1
0.096517 -0.910047 1
0.156219 -0.849299 1
0.195025 -0.672313 1
0.216915 -0.572430 1
0.238806 -0.437500 1
0.271642 -0.328271 1
0.282587 -0.202687 1
0.298507 -0.109229 1
0.298507 -0.067757 1
0.326368 0.001752 1
0.375124 0.126752 1
0.407960 0.220210 1
0.446766 0.323014 1
0.495522 0.387266 1
0.567164 0.422897 1
0.600000 0.442173 1
0.693532 0.416472 0
0.649751 0.397196 1
0.698507 0.367991 1
0.748259 0.390771 1
0.742289 0.406542 1
0.693532 0.445678 1
0.600000 0.445678 1
0.484577 0.416472 1
0.457711 0.397196 1
0.418905 0.339369 1
0.364179 0.287967 1
0.359204 0.252336 1
0.337313 0.178738 1

71
41
0.001996 -0.001996 0
-0.002994 0.183633 0
-0.002994 0.338323 1
0.048902 0.481038 1
0.131737 0.612774 1
0.291417 0.672655 1
0.384232 0.678643 1
0.483034 0.617764 1
0.537924 0.518962 1
0.554890 0.349301 1
0.515968 0.222555 1
0.412176 0.068862 1
0.313373 0.007984 1
0.203593 0.002994 1
0.104790 0.046906 1
0.048902 0.090818 1
0.004990 0.189621 1
0.291417 0.672655 0
0.186627 0.617764 1
0.126746 0.524950 1
0.087824 0.431138 1
0.054890 0.343313 1
0.043912 0.161677 1
0.093812 0.068862 1
0.642715 0.656687 0
0.456088 0.000000 1
0.390220 -0.439122 1
0.302395 -0.851297 1
0.208583 -0.978044 1
0.703593 0.672655 0
0.504990 0.007984 1
0.450100 -0.439122 1
0.357285 -0.851297 1
0.197605 -0.989022 1
0.048902 -1.000000 1
-0.029940 -0.890220 1
-0.095808 -0.730539 1
-0.090818 -0.565868 1
-0.046906 -0.428144 1
0.000000 -0.554890 1
-0.051896 -0.681637 1

72
25
0.001996 0.000998 0
0.296407 0.994012 1
0.142715 1.000000 0
0.346307 1.000000 1
0.048902 0.004990 1
0.153693 0.346307 0
0.241517 0.510978 1
0.346307 0.609781 1
0.456088 0.669661 1
0.532934 0.669661 1
0.642715 0.614771 1
0.692615 0.570858 1
0.692615 0.504990 1
0.604790 0.191617 1
0.598802 0.065868 1
0.648703 0.004990 1
0.906188 0.186627 0
0.851297 0.092814 1
0.741517 -0.002994 1
0.615768 -0.002994 1
0.554890 0.032934 1
0.543912 0.180639 1
0.642715 0.467066 1
0.637725 0.570858 1
0.560878 0.658683 1

73
24
-0.000990 0.006018 0
0.000000 0.464393 0
0.029703 0.535607 1
0.150495 0.674022 1
0.292079 0.662989 1
0.357426 0.612839 1
0.357426 0.464393 1
0.242574 0.187563 1
0.253465 0.061184 1
0.302970 0.000000 1
0.553465 0.187563 0
0.509901 0.083250 1
0.390099 -0.005015 1
0.259406 -0.005015 1
0.204950 0.028084 1
0.194059 0.176530 1
0.292079 0.469408 1
0.292079 0.607824 1
0.253465 0.656971 1
0.400990 0.900702 0
0.351485 0.944835 1
0.395049 1.000000 1
0.444554 0.949850 1
0.405941 0.916750 1

74
36
0.001986 0.000995 0
0.191658 0.476617 0
0.229394 0.558209 1
0.294935 0.629851 1
0.349553 0.662687 1
0.502483 0.662687 1
0.541212 0.623881 1
0.546177 0.481592 1
0.388282 -0.002985 1
0.371400 -0.298507 1
0.300894 -0.682587 1
0.251241 -0.851741 1
0.147964 -1.000000 1
0.054618 -0.989055 1
0.000000 -0.873632 1
0.000000 -0.720398 1
0.043694 -0.573134 1
0.098312 -0.709453 1
0.054618 -0.846766 1
0.196624 0.476617 0
0.246276 0.569154 1
0.316783 0.623881 1
0.360477 0.667662 1
0.447865 0.662687 0
0.508441 0.612935 1
0.502483 0.476617 1
0.349553 0.026866 1
0.327706 -0.178109 1
0.284012 -0.495522 1
0.240318 -0.720398 1
0.152929 -0.984080 1
0.584906 0.887562 0
0.530288 0.947264 1
0.590864 0.986070 1
0.634558 0.947264 1
0.590864 0.903483 0

75
29
0.001996 0.012048 0
0.296407 0.983936 1
0.137725 0.994980 0
0.357285 1.000000 1
0.048902 -0.014056 1
0.153693 0.364458 0
0.236527 0.370482 1
0.318363 0.408635 1
0.406188 0.463855 1
0.537924 0.602410 1
0.648703 0.668675 1
0.692615 0.662651 1
0.747505 0.635542 1
0.741517 0.574297 1
0.697605 0.530120 1
0.648703 0.574297 1
0.686627 0.618474 1
0.236527 0.375502 0
0.307385 0.287149 1
0.373253 0.110442 1
0.423154 0.011044 1
0.445110 -0.025100 1
0.543912 -0.019076 1
0.648703 0.038153 1
0.747505 0.165663 1
0.500000 -0.014056 0
0.450100 0.027108 1
0.351297 0.315261 1
0.247505 0.364458 1

76
14
-0.000990 0.006054 0
0.000000 0.050454 0
0.000000 0.144299 1
0.253465 1.000000 1
0.079208 1.000000 0
0.292079 1.000000 1
0.051485 0.133199 1
0.046535 0.050454 1
0.096040 -0.005045 1
0.194059 -0.005045 1
0.297030 0.088799 1
0.346535 0.177598 1
0.051485 -0.005045 0
0.000000 0.039354 1

78
33
0.001903 0.000993 0
0.000000 0.475670 0
0.041865 0.557100 1
0.136061 0.655412 1
0.277831 0.666336 1
0.340628 0.600794 1
0.282588 0.333664 1
0.188392 0.000000 1
0.141770 0.000000 0
0.282588 0.513406 1
0.282588 0.606753 1
0.235966 0.661370 1
0.288297 0.338630 0
0.372027 0.524330 1
0.434824 0.578947 1
0.470980 0.606753 1
0.570885 0.661370 1
0.665081 0.661370 1
0.764986 0.611718 1
0.811608 0.563059 1
0.806851 0.469712 1
0.717412 0.190665 1
0.712655 0.043694 1
0.764986 -0.002979 1
0.665081 0.650447 0
0.764986 0.563059 1
0.748811 0.458789 1
0.660323 0.207547 1
0.665081 0.065541 1
0.712655 -0.002979 1
0.848715 0.004965 0
0.937203 0.076465 1
1.000000 0.174777 1

79
30
-0.000995 -0.001990 0
0.007960 0.178109 0
0.002985 0.342289 1
0.051741 0.473632 1
0.140298 0.610945 1
0.287562 0.665672 1
0.397015 0.665672 1
0.501492 0.610945 1
0.562189 0.556219 1
0.600000 0.468657 1
0.600000 0.320398 1
0.545274 0.178109 1
0.457711 0.040796 1
0.293532 0.000000 1
0.205970 0.000000 1
0.085572 0.057711 1
0.035821 0.112438 1
0.002985 0.178109 1
0.293532 0.665672 0
0.200000 0.610945 1
0.101493 0.468657 1
0.051741 0.348259 1
0.057711 0.167164 1
0.085572 0.051741 1
0.506468 0.604975 0
0.556219 0.506468 1
0.550249 0.342289 1
0.490547 0.183085 1
0.392040 0.040796 1
0.298507 0.002985 1

77
52
0.001293 0.000987 0
0.000000 0.466930 0
0.028442 0.553801 1
0.092437 0.657453 1
0.146089 0.657453 1
0.184874 0.657453 1
0.231416 0.603159 1
0.231416 0.521224 1
0.202973 0.347483 1
0.131868 0.000000 1
0.092437 0.000000 0
0.191984 0.510365 1
0.195863 0.608095 1
0.160310 0.651530 1
0.191984 0.325765 0
0.255979 0.505429 1
0.312864 0.592300 1
0.391726 0.657453 1
0.451842 0.657453 1
0.508727 0.603159 1
0.555268 0.570582 1
0.544279 0.445212 1
0.533937 0.380059 1
0.455721 -0.002962 1
0.455721 0.651530 0
0.512605 0.553801 1
0.512605 0.461994 1
0.416290 0.000000 1
0.526826 0.369200 0
0.579832 0.505429 1
0.636716 0.592300 1
0.711700 0.651530 1
0.775695 0.651530 1
0.836458 0.603159 1
0.875242 0.559724 1
0.811248 0.184600 1
0.811248 0.065153 1
0.839690 0.000000 1
1.000000 0.173741 0
0.971558 0.097730 1
0.932127 0.026654 1
0.903685 -0.002962 1
0.811248 0.000000 1
0.775695 0.032577 1
0.772463 0.184600 1
0.836458 0.423495 1
0.843568 0.553801 1
0.779573 0.651530 1
0.448610 0.651530 0
0.508727 0.564659 1
0.515837 0.451135 1
0.423400 -0.007897 1

80
36
0.001996 0.000989 0
0.048902 0.456973 0
0.087824 0.539070 1
0.192615 0.658754 1
0.357285 0.658754 1
0.406188 0.615232 1
0.384232 0.456973 1
0.335329 0.250247 1
0.148703 -0.983185 1
0.296407 -1.000000 0
-0.035928 -0.994065 1
0.093812 -0.989120 0
0.296407 0.321464 1
0.351297 0.495549 1
0.351297 0.620178 1
0.296407 0.658754 1
0.368263 0.386746 0
0.500000 0.609298 1
0.604790 0.652819 1
0.692615 0.669634 1
0.791417 0.598417 1
0.906188 0.462908 1
0.906188 0.310584 1
0.846307 0.184965 1
0.747505 0.037587 1
0.615768 -0.002967 1
0.515968 -0.002967 1
0.423154 0.037587 1
0.357285 0.184965 1
0.351297 0.315529 1
0.609780 0.015826 0
0.708583 0.054402 1
0.807385 0.195846 1
0.840319 0.315529 1
0.840319 0.511375 1
0.796407 0.598417 1

81
29
0.002008 0.000989 0
0.000000 0.163205 0
-0.008032 0.288823 1
0.011044 0.380811 1
0.044177 0.478734 1
0.138554 0.609298 1
0.298193 0.663699 1
0.397590 0.652819 1
0.503012 0.604352 1
0.547189 0.467854 1
0.547189 0.315529 1
0.496988 0.189911 1
0.403614 0.043521 1
0.298193 0.000000 1
0.176707 0.000000 1
0.083333 0.076162 1
0.000000 0.174085 1
0.094378 0.048467 0
0.038153 0.130564 1
0.044177 0.337290 1
0.077309 0.456973 1
0.198795 0.615232 1
0.293173 0.652819 1
0.652610 0.663699 0
0.342369 -0.972305 1
0.701807 0.652819 0
0.397590 -0.989120 1
0.193775 -0.994065 0
0.552209 -1.000000 1

82
23
-0.000984 0.001004 0
0.002953 0.474900 0
0.029528 0.552209 1
0.132874 0.668675 1
0.284449 0.668675 1
0.327756 0.624498 1
0.338583 0.547189 1
0.301181 0.359438 1
0.192913 0.016064 1
0.132874 0.000000 0
0.290354 0.503012 1
0.284449 0.618474 1
0.241142 0.673695 1
0.295276 0.348394 0
0.381890 0.514056 1
0.474409 0.613454 1
0.582677 0.668675 1
0.669291 0.668675 1
0.729331 0.607430 1
0.723425 0.569277 1
0.690945 0.536145 1
0.631890 0.574297 1
0.680118 0.607430 1

83
30
0.001996 0.001004 0
0.048902 0.104418 0
0.043912 0.148594 1
0.000000 0.143574 1
0.000000 0.088353 1
0.037924 0.055221 1
0.186627 0.000000 1
0.335329 0.016064 1
0.483034 0.044177 1
0.548902 0.093373 1
0.548902 0.231928 1
0.489022 0.281125 1
0.412176 0.331325 1
0.236527 0.425703 1
0.170659 0.469880 1
0.104790 0.530121 1
0.098802 0.574297 1
0.137725 0.613454 1
0.296407 0.668675 1
0.445110 0.668675 1
0.593812 0.624498 1
0.648703 0.574297 1
0.648703 0.547189 1
0.598802 0.514056 1
0.604790 0.569277 1
0.543912 0.187751 0
0.483034 0.242972 1
0.153693 0.414659 1
0.098802 0.485944 1
0.104790 0.514056 1

84
15
-0.000995 -0.001980 0
0.002985 0.656436 0
0.451741 0.651485 1
0.304478 0.984158 0
0.051741 0.155446 1
0.046766 0.062376 1
0.096517 0.007921 1
0.238806 0.002970 1
0.320398 0.057426 1
0.359204 0.127723 1
0.397015 0.188119 1
0.151244 0.002970 0
0.107463 0.068317 1
0.107463 0.149505 1
0.348259 0.989109 1

85
34
-0.000943 -0.002012 0
0.002830 0.489940 0
0.044340 0.567404 1
0.148113 0.673038 1
0.283019 0.673038 1
0.334906 0.622736 1
0.334906 0.456740 1
0.241509 0.191147 1
0.220755 0.096579 1
0.330189 0.014085 1
0.444340 0.003018 1
0.511321 0.041247 1
0.589623 0.124748 1
0.651887 0.207243 1
0.709434 0.323944 1
0.807547 0.678068 1
0.247170 0.678068 0
0.283019 0.633803 1
0.288679 0.467807 1
0.189623 0.207243 1
0.195283 0.107646 1
0.241509 0.052314 1
0.324528 0.008048 1
0.703774 0.346076 0
0.662264 0.135815 1
0.662264 0.058350 1
0.709434 0.003018 1
0.865094 0.003018 1
0.932075 0.063380 1
1.000000 0.191147 1
0.755660 0.008048 0
0.703774 0.047284 1
0.703774 0.140845 1
0.865094 0.667002 1

86
25
0.007021 -0.002012 0
-0.008024 0.467807 0
0.028084 0.562374 1
0.144433 0.667002 1
0.292879 0.673038 1
0.348044 0.622736 1
0.348044 0.462777 1
0.243731 0.185111 1
0.243731 0.107646 1
0.343029 0.014085 1
0.243731 0.673038 0
0.292879 0.633803 1
0.287864 0.467807 1
0.188566 0.207243 1
0.193581 0.096579 1
0.232698 0.058350 1
0.354062 0.003018 1
0.387161 0.008048 1
0.541625 0.052314 1
0.657974 0.151911 1
0.740221 0.279678 1
0.790371 0.495976 1
0.790371 0.673038 1
0.740221 0.673038 1
0.801404 0.578471 1

87
40
-0.000798 0.000998 0
0.006385 0.483034 0
0.037510 0.559880 1
0.121309 0.669661 1
0.244214 0.664671 1
0.283320 0.620759 1
0.279330 0.456088 1
0.200319 0.197605 1
0.204310 0.114770 1
0.244214 0.048902 1
0.279330 0.004990 1
0.200319 0.658683 0
0.244214 0.620759 1
0.244214 0.456088 1
0.160415 0.213573 1
0.160415 0.114770 1
0.200319 0.048902 1
0.265762 0.010978 1
0.362330 0.010978 1
0.437350 0.054890 1
0.503591 0.103792 1
0.529928 0.131737 1
0.551476 0.224551 1
0.648045 0.664671 1
0.560255 0.230539 0
0.565044 0.092814 1
0.608938 0.037924 1
0.679170 -0.007984 1
0.679170 0.664671 0
0.608938 0.263473 1
0.591381 0.103792 1
0.679170 0.000000 1
0.766959 0.000000 1
0.828412 0.032934 1
0.894653 0.092814 1
0.968875 0.224551 1
1.000000 0.417166 1
1.000000 0.669661 1
0.951317 0.669661 1
0.986433 0.592814 1

88
40
0.001974 0.000998 0
0.054294 0.054890 0
0.092794 0.098802 1
0.043435 0.136727 1
-0.007897 0.081836 1
-0.007897 0.032934 1
0.032577 0.000000 1
0.108588 -0.007984 1
0.195459 0.043912 1
0.260612 0.103792 1
0.299112 0.142715 1
0.347483 0.230539 1
0.390918 0.412176 1
0.401777 0.570858 1
0.347483 0.658683 1
0.054294 0.489022 0
0.147088 0.614771 1
0.255676 0.669661 1
0.401777 0.664671 1
0.445212 0.565868 1
0.451135 0.439122 1
0.739388 0.625749 0
0.685094 0.587824 1
0.733465 0.521956 1
0.793682 0.570858 1
0.787759 0.603792 1
0.733465 0.664671 1
0.598223 0.625749 1
0.548865 0.576846 1
0.451135 0.423154 1
0.407700 0.263473 1
0.401777 0.120758 1
0.445212 0.000000 1
0.548865 -0.002994 1
0.619941 0.048902 1
0.733465 0.197605 1
0.342547 0.219561 0
0.353406 0.109780 1
0.401777 -0.002994 1
0.527147 -0.002994 1

89
39
0.002018 -0.012658 0
-0.003027 0.463486 0
0.044400 0.576436 1
0.150353 0.662123 1
0.294652 0.662123 1
0.361251 0.602726 1
0.355197 0.474197 1
0.244198 0.185005 1
0.250252 0.104187 1
0.355197 0.018500 1
0.244198 0.666991 0
0.299697 0.624148 1
0.294652 0.469328 1
0.205853 0.195716 1
0.194753 0.125609 1
0.261352 0.045764 1
0.327952 0.013632 1
0.450050 0.005842 1
0.543895 0.045764 1
0.616549 0.110029 1
0.660949 0.152872 1
0.749748 0.330088 1
0.849647 0.662123 0
0.660949 0.010711 1
0.611504 -0.407011 1
0.499495 -0.825706 1
0.416751 -0.960078 1
0.244198 -0.964946 1
0.150353 -0.825706 1
0.099899 -0.691334 1
0.105954 -0.552093 1
0.150353 -0.402142 1
0.199798 -0.536514 1
0.155399 -0.680623 1
0.911201 0.656280 0
0.705348 0.010711 1
0.644803 -0.439143 1
0.554995 -0.804284 1
0.399596 -0.954236 1

90
31
-0.001001 -0.002024 0
0.047047 0.097166 1
0.086086 0.147773 1
0.157157 0.203441 1
0.542543 0.481781 1
0.653654 0.576923 1
0.697698 0.688259 1
0.636637 0.576923 0
0.542543 0.581984 1
0.355355 0.688259 1
0.196196 0.704453 1
0.157157 0.643725 1
0.097097 0.599190 1
0.052052 0.481781 1
0.097097 0.576923 1
0.185185 0.632591 1
0.333333 0.637652 1
0.520521 0.581984 1
0.636637 0.593117 1
0.008008 0.025304 0
0.052052 0.097166 1
0.141141 0.103239 1
0.328328 0.003036 1
0.504505 -0.005061 1
0.587588 0.086032 1
0.647648 0.181174 1
0.592593 0.097166 1
0.515515 0.052632 1
0.366366 0.047571 1
0.240240 0.069838 1
0.146146 0.092105 1

17
26
0.005040 -0.003980 0
0.008065 0.000000 0
0.304435 0.803980 1
0.105847 0.003980 0
0.418347 0.996020 1
0.328629 0.927363 1
0.293347 0.892537 1
0.241935 0.845771 1
0.172379 0.806965 1
0.105847 0.765174 1
0.039315 0.730348 1
-0.004032 0.699503 1
0.148185 0.742289 0
0.210685 0.773134 1
0.258065 0.810945 1
0.297379 0.826866 1
0.366935 0.857711 1
0.320565 0.726368 1
0.297379 0.676617 1
0.269153 0.595025 1
0.222782 0.487562 1
0.195565 0.432836 1
0.156250 0.333333 1
0.116935 0.198010 1
0.085685 0.101493 1
0.058468 0.004975 1

18
39
0.000000 0.000000 0
0.295704 0.796020 0
0.345654 0.761194 1
0.283716 0.714428 1
0.240759 0.757214 1
0.244755 0.800000 1
0.291708 0.895522 1
0.345654 0.950249 1
0.488511 1.000000 1
0.647353 0.996020 1
0.798202 0.954229 1
0.833167 0.857711 1
0.837163 0.761194 1
0.798202 0.664677 1
0.686314 0.560199 1
0.357642 0.383085 1
0.186813 0.278607 1
0.144855 0.240796 1
0.101898 0.205970 1
-0.003996 -0.006965 1
0.643357 0.992040 0
0.744256 0.946269 1
0.779221 0.861692 1
0.787213 0.753234 1
0.733267 0.652736 1
0.686314 0.606965 1
0.632368 0.572139 1
0.345654 0.387065 1
0.047952 0.101493 0
0.093906 0.140299 1
0.186813 0.140299 1
0.442557 0.047761 1
0.593407 0.047761 1
0.690310 0.085572 1
0.740260 0.186070 1
0.698302 0.047761 1
0.589411 0.000000 1
0.434565 0.000000 1
0.202797 0.140299 1

19
50
0.000992 -0.010913 0
-0.000992 0.204365 0
-0.000992 0.253968 1
0.038690 0.284722 1
0.088294 0.250992 1
0.057540 0.200397 1
0.000000 0.200397 0
0.053571 0.093254 1
0.092262 0.046627 1
0.238095 0.006944 1
0.446429 0.006944 1
0.596230 0.046627 1
0.653770 0.120040 1
0.703373 0.196429 1
0.688492 0.346230 1
0.634921 0.442460 1
0.576389 0.489087 1
0.446429 0.530754 1
0.350198 0.527778 1
0.446429 0.006944 0
0.565476 0.065476 1
0.626984 0.146825 1
0.657738 0.192460 1
0.649802 0.335317 1
0.596230 0.411706 1
0.538691 0.473214 1
0.434524 0.527778 1
0.526786 0.554563 1
0.584325 0.573413 1
0.680556 0.626984 1
0.746032 0.681548 1
0.791667 0.753968 1
0.791667 0.842262 1
0.738095 0.958333 1
0.600198 1.000000 1
0.442460 1.000000 1
0.280754 0.954365 1
0.238095 0.888889 1
0.200397 0.831349 1
0.196429 0.765873 1
0.238095 0.719246 1
0.296627 0.773810 1
0.253968 0.811508 1
0.430556 0.530754 0
0.592262 0.577381 1
0.692460 0.673611 1
0.742064 0.769841 1
0.738095 0.854167 1
0.699405 0.954365 1
0.596230 1.000000 1

20
8
0.000000 0.000000 0
0.785498 0.996004 0
0.021148 0.279720 1
0.629406 0.279720 1
0.785498 0.996004 0
0.481370 0.000000 1
0.727090 0.942058 0
0.430010 0.000000 1

21
33
0.001000 -0.010827 0
0.051000 0.190945 0
0.101000 0.245079 1
0.047000 0.290354 1
0.000000 0.245079 1
0.000000 0.210630 1
0.047000 0.107283 1
0.101000 0.058071 1
0.229000 0.015748 1
0.407000 0.015748 1
0.550000 0.054134 1
0.647000 0.141732 1
0.702000 0.275591 1
0.702000 0.438976 1
0.612000 0.550197 1
0.457000 0.615157 1
0.291000 0.615157 1
0.147000 0.572835 1
0.093000 0.534449 1
0.395000 0.006890 0
0.516000 0.062008 1
0.597000 0.145669 1
0.651000 0.290354 1
0.655000 0.412402 1
0.612000 0.500000 1
0.570000 0.557087 1
0.465000 0.611220 1
0.442000 0.633858 1
0.062000 0.534449 0
0.337000 1.000000 1
0.845000 0.996063 1
0.616000 0.946850 1
0.349000 0.938976 1

22
44
0.000000 -0.003980 0
0.047761 0.329353 0
0.093532 0.429851 1
0.198010 0.529353 1
0.290547 0.572139 1
0.440796 0.568159 1
0.537313 0.522388 1
0.602985 0.471642 1
0.652736 0.383085 1
0.652736 0.251741 1
0.609950 0.151244 1
0.552239 0.097512 1
0.494527 0.051741 1
0.356219 -0.006965 1
0.194030 0.004975 1
0.089552 0.055721 1
0.043781 0.113433 1
0.000995 0.182090 1
0.000000 0.375124 1
0.089552 0.718408 1
0.198010 0.849751 1
0.294527 0.965174 1
0.432836 0.996020 1
0.599005 1.000000 1
0.695522 0.946269 1
0.741294 0.872637 1
0.741294 0.810945 1
0.695522 0.757214 1
0.644776 0.810945 1
0.702488 0.853731 1
0.448756 0.996020 0
0.352239 0.954229 1
0.286567 0.892537 1
0.243781 0.849751 1
0.159204 0.714428 1
0.093532 0.537313 1
0.051741 0.383085 1
0.051741 0.151244 1
0.097512 0.055721 1
0.340299 -0.002985 0
0.467662 0.070647 1
0.548259 0.159204 1
0.602985 0.244776 1
0.606965 0.448756 1

23
34
0.000000 -0.003980 0
0.004955 0.730348 0
0.051536 0.861692 1
0.101090 0.992040 1
0.185332 1.000000 1
0.297324 1.000000 1
0.535183 0.861692 1
0.646184 0.861692 1
0.692765 0.899503 1
0.746283 0.996020 1
0.696729 0.841791 1
0.584737 0.699503 1
0.473736 0.568159 1
0.350842 0.432836 1
0.242815 0.282587 1
0.197225 0.186070 1
0.150644 0.000000 1
0.097126 0.000000 0
0.150644 0.190050 1
0.212091 0.302488 1
0.266601 0.387065 1
0.342914 0.475622 1
0.427156 0.556219 1
0.488603 0.614925 1
0.573836 0.687562 1
0.719524 0.919403 0
0.676908 0.884577 1
0.642220 0.865672 1
0.550050 0.861692 1
0.435084 0.899503 1
0.293360 0.954229 1
0.197225 0.954229 1
0.097126 0.907463 1
0.058474 0.865672 1

24
59
0.000000 -0.003902 0
0.000995 0.137561 0
0.000995 0.277073 1
0.047761 0.367805 1
0.105473 0.428293 1
0.144279 0.462439 1
0.332338 0.512195 1
0.502488 0.512195 1
0.595025 0.466342 1
0.648756 0.409756 1
0.699502 0.322927 1
0.695522 0.190244 1
0.648756 0.095610 1
0.591045 0.042927 1
0.405970 0.003902 1
0.186070 0.003902 1
0.058706 0.039024 1
0.000995 0.125854 1
0.201990 0.000000 0
0.089552 0.054634 1
0.051741 0.121951 1
0.054726 0.270244 1
0.093532 0.363902 1
0.201990 0.458537 1
0.336318 0.512195 1
0.502488 0.519024 0
0.652736 0.367805 1
0.652736 0.182439 1
0.595025 0.087805 1
0.552239 0.042927 1
0.401990 0.000000 1
0.340299 0.515122 0
0.255721 0.549268 1
0.201990 0.659512 1
0.198010 0.791220 1
0.239801 0.875122 1
0.298507 0.939512 1
0.432836 0.988293 1
0.587065 1.000000 1
0.749254 0.931707 1
0.802985 0.821463 1
0.792040 0.693659 1
0.749254 0.613659 1
0.699502 0.560976 1
0.510448 0.519024 1
0.340299 0.512195 0
0.305473 0.557073 1
0.247761 0.651707 1
0.243781 0.788293 1
0.298507 0.875122 1
0.340299 0.927805 1
0.436816 0.972683 1
0.595025 0.976585 0
0.702488 0.931707 1
0.737313 0.848781 1
0.741294 0.689756 1
0.706468 0.606829 1
0.648756 0.564878 1
0.510448 0.519024 1

25
45
-0.003980 -0.003964 0
0.062687 0.139742 0
0.101493 0.189296 1
0.055721 0.235877 1
0.003980 0.185332 1
0.004975 0.131814 1
0.051741 0.047572 1
0.144279 0.003964 1
0.290547 0.003964 1
0.452736 0.043608 1
0.533333 0.127849 1
0.644776 0.270565 1
0.749254 0.612488 1
0.745274 0.803766 1
0.710448 0.892963 1
0.664677 0.938553 1
0.556219 0.996036 1
0.401990 0.996036 1
0.243781 0.950446 1
0.155224 0.865213 1
0.101493 0.758176 1
0.101493 0.627354 1
0.155224 0.516353 1
0.201990 0.469772 1
0.286567 0.424182 1
0.448756 0.428147 1
0.556219 0.481665 1
0.621891 0.547076 1
0.652736 0.577800 1
0.699503 0.662042 1
0.395025 1.000000 0
0.305473 0.942517 1
0.247761 0.907830 1
0.190050 0.850347 1
0.155224 0.762141 1
0.151244 0.592666 1
0.198010 0.485629 1
0.656716 0.930625 0
0.706468 0.838454 1
0.699503 0.616452 1
0.591045 0.281467 1
0.518408 0.154609 1
0.463682 0.112983 1
0.413930 0.062438 1
0.305473 0.003964 1

16
36
0.000000 0.000000 0
0.005015 0.216915 0
0.001003 0.375124 1
0.098295 0.707463 1
0.203611 0.857711 1
0.300903 0.957214 1
0.440321 1.000000 1
0.556670 0.992040 1
0.649950 0.950249 1
0.701103 0.888557 1
0.747242 0.757214 1
0.747242 0.599005 1
0.642929 0.278607 1
0.545637 0.132338 1
0.459378 0.047761 1
0.303912 -0.003980 1
0.199599 -0.003980 1
0.106319 0.039801 1
0.055165 0.078607 1
0.001003 0.216915 1
0.191575 0.000000 0
0.098295 0.085572 1
0.052156 0.236816 1
0.048144 0.364179 1
0.152457 0.707463 1
0.241725 0.849751 1
0.331996 0.946269 1
0.444333 0.992040 1
0.556670 0.988060 0
0.649950 0.892537 1
0.712136 0.757214 1
0.701103 0.587065 1
0.599799 0.282587 1
0.479438 0.120398 1
0.394183 0.039801 1
0.303912 -0.003980 1

1
13
0.000000 -0.003996 0
0.054945 0.003996 0
0.101898 0.043956 1
0.054945 0.093906 1
0.000999 0.051948 1
0.043956 0.003996 1
0.151848 0.376623 0
0.248751 0.954046 1
0.310689 0.996004 1
0.349650 0.942058 1
0.155844 0.384615 1
0.302697 0.962038 1
1.000000 1.000000 0

32
50
0.000000 -0.003996 0
0.849289 0.136863 0
0.801896 0.101898 1
0.746919 0.066933 1
0.584834 0.000000 1
0.419905 0.003996 1
0.173460 0.101898 1
0.100474 0.175824 1
0.004739 0.407592 1
-0.003791 0.574426 1
0.052133 0.725275 1
0.096682 0.818182 1
0.184834 0.900100 1
0.290995 0.958042 1
0.408531 0.996004 1
0.581043 1.000000 1
0.691943 0.954046 1
0.790521 0.919081 1
0.923223 0.772228 1
0.974408 0.648352 1
0.996208 0.566434 1
1.000000 0.477523 1
0.952607 0.338661 1
0.860664 0.241758 1
0.750711 0.241758 1
0.669194 0.279720 1
0.669194 0.380619 1
0.713744 0.764236 1
0.761137 0.764236 0
0.709953 0.283716 1
0.743128 0.241758 1
0.691943 0.652348 0
0.658768 0.710290 1
0.566825 0.764236 1
0.416114 0.764236 1
0.327962 0.717283 1
0.287204 0.683317 1
0.232227 0.535465 1
0.232227 0.376623 1
0.287204 0.283716 1
0.372512 0.241758 1
0.522275 0.241758 1
0.614218 0.295704 1
0.666351 0.369630 1
0.375355 0.245754 0
0.320379 0.307692 1
0.284360 0.369630 1
0.287204 0.527473 1
0.335545 0.671329 1
0.423697 0.756244 1

3
10
0.000996 -0.003425 0
-0.000996 0.313356 0
0.699203 0.306507 1
0.034861 0.552226 0
0.749004 0.552226 1
0.699203 0.993151 0
0.339641 -0.437500 1
0.397410 1.000000 0
0.046813 -0.434075 1
1.000000 0.853596 0

4
38
0.000000 0.000000 0
0.001003 0.216512 0
0.000000 0.160910 1
0.048144 0.079191 1
0.102307 0.040438 1
0.234704 0.000842 1
0.448345 -0.003370 1
0.599799 0.033698 1
0.665998 0.085931 1
0.708124 0.157540 1
0.701103 0.282224 1
0.630893 0.379949 1
0.603811 0.406066 1
0.253761 0.556024 1
0.152457 0.641112 1
0.148445 0.709351 1
0.249749 0.804549 1
0.401204 0.839933 1
0.603811 0.850042 1
0.747242 0.807919 1
0.801404 0.761584 1
0.852558 0.683235 1
0.856570 0.651222 1
0.798395 0.598989 1
0.747242 0.641112 1
0.801404 0.673968 1
0.697091 0.288121 0
0.611835 0.340354 1
0.580742 0.366470 1
0.261785 0.510531 1
0.222668 0.540017 1
0.203611 0.559393 1
0.156469 0.634372 1
0.751254 0.996630 0
0.347041 -0.482730 1
0.502508 1.000000 0
0.102307 -0.486099 1
1.000000 0.843302 0

5
29
0.000996 0.000000 0
0.899402 1.000000 1
0.787849 0.950249 1
0.648406 0.903483 1
0.483068 0.903483 1
0.247012 0.992040 1
0.146414 0.992040 1
0.046813 0.938308 1
0.000000 0.853731 1
0.000000 0.757214 1
0.096614 0.660697 1
0.189243 0.668657 1
0.293825 0.703483 1
0.355578 0.810945 1
0.351594 0.895522 1
0.239044 0.988060 1
0.791833 0.329353 0
0.695219 0.329353 1
0.590638 0.274627 1
0.540837 0.190050 1
0.544821 0.085572 1
0.652391 -0.003980 1
0.749004 -0.003980 1
0.822709 0.039801 1
0.899402 0.144279 1
0.899402 0.236816 1
0.794821 0.321393 1
0.702191 0.340299 1
1.000000 0.988060 0

62
5
0.000000 -0.006944 0
-0.006965 0.677579 0
0.352239 1.000000 1
0.702488 0.669643 1
1.000000 1.000000 0

6
51
-0.003996 -0.006944 0
0.008991 0.126984 0
0.008991 0.284722 1
0.055944 0.392857 1
0.190809 0.473214 1
0.357642 0.569444 1
0.419580 0.634921 1
0.458541 0.688492 1
0.504496 0.757937 1
0.500499 0.846230 1
0.446553 0.946429 1
0.349650 1.000000 1
0.241758 0.954365 1
0.198801 0.869048 1
0.198801 0.761905 1
0.237762 0.657738 1
0.628372 0.112103 1
0.690310 0.054563 1
0.837163 0.006944 1
0.903097 0.000000 1
0.950050 0.046627 1
0.950050 0.096230 1
0.837163 0.002976 0
0.760240 0.054563 1
0.678322 0.123016 1
0.585415 0.239087 1
0.446553 0.427579 1
0.237762 0.681548 1
0.202797 0.765873 1
0.194805 0.473214 0
0.097902 0.373016 1
0.062937 0.292659 1
0.051948 0.130952 1
0.113886 0.054563 1
0.198801 0.000000 1
0.357642 0.006944 1
0.454545 0.058532 1
0.539461 0.134921 1
0.651349 0.277778 1
0.799201 0.620040 1
0.853147 0.661706 1
0.907093 0.669643 1
0.946054 0.620040 1
0.946054 0.561508 1
0.899101 0.526786 1
0.853147 0.565476 1
0.903097 0.623016 1
0.194805 0.002976 0
0.055944 0.046627 1
0.004995 0.138889 1
1.000000 1.000000 0

10
8
0.000996 -0.003964 0
0.000000 0.366700 0
0.498008 0.643211 1
0.000000 0.639247 0
0.501992 0.354807 1
0.247012 0.780971 0
0.247012 0.213082 1
1.000000 1.000000 0

8
18
0.000000 0.000000 0
-0.003018 0.144208 0
0.005030 0.337273 1
0.042254 0.501182 1
0.261569 0.781718 1
0.598592 1.000000 1
0.406439 0.882585 0
0.256539 0.727344 1
0.122736 0.505122 1
0.079477 0.362490 1
0.058350 0.115051 1
0.159960 -0.620961 0
0.116700 -0.444444 1
0.084507 -0.243499 1
0.068410 -0.066982 1
0.021127 0.068558 1
0.005030 0.144208 1
1.000000 0.781718 0

9
15
0.000000 0.000000 0
0.446000 1.000000 0
0.553000 0.807568 1
0.595000 0.614332 1
0.600000 0.438808 1
0.553000 0.250403 1
0.350000 0.001610 1
0.233000 -0.282609 1
0.000000 -0.702899 1
0.446000 1.000000 0
0.515000 0.820451 1
0.558000 0.678744 1
0.553000 0.503221 1
0.457000 0.202899 1
1.000000 0.811594 0

13
4
-0.002991 -0.004960 0
-0.004985 0.472222 0
0.898305 0.472222 1
1.000000 1.000000 0

63
4
0.005000 0.001978 0
-0.061000 -0.081108 0
0.941000 -0.081108 1
1.000000 1.000000 0

60
4
0.000000 0.006265 0
-0.008000 1.000000 0
0.606000 -0.569303 1
1.000000 0.770556 0

92
4
0.015228 0.010621 0
0.400000 1.000000 0
-0.018274 -0.719771 1
1.000000 0.812908 0

93
35
0.005056 0.000000 0
0.295248 0.991221 0
0.392315 0.948923 1
0.451972 0.902634 1
0.462083 0.833998 1
0.413549 0.715084 1
0.327604 0.668795 1
0.285137 0.634477 1
0.225480 0.592179 1
0.198180 0.533121 1
0.279070 0.418196 1
0.403438 0.375898 1
0.327604 0.358340 1
0.160768 0.269753 1
0.112235 0.201117 1
0.096057 0.150838 1
0.160768 0.074222 1
0.160768 -0.122905 1
0.112235 -0.314445 1
-0.005056 -0.561053 1
0.102123 -0.323224 0
0.096057 -0.008779 1
0.053589 0.099761 1
0.053589 0.175579 1
0.134479 0.294493 1
0.408493 0.371109 1
0.214358 0.447725 1
0.155713 0.482043 1
0.155713 0.579409 1
0.209302 0.643256 1
0.343782 0.745411 1
0.408493 0.864326 1
0.354904 0.957702 1
0.285137 1.000000 1
1.000000 0.817239 0

91
35
-0.013807 -0.003940 0
0.605523 1.000000 0
0.448718 0.953507 1
0.369822 0.857368 1
0.364892 0.735225 1
0.417160 0.613869 1
0.349112 0.517730 1
0.285996 0.458629 1
0.091716 0.391647 1
0.233728 0.349882 1
0.281065 0.274232 1
0.301775 0.227738 1
0.259369 0.140268 1
0.112426 0.068558 1
0.013807 -0.147360 1
0.023669 -0.302600 1
0.065089 -0.482270 1
0.165680 -0.608353 1
0.060158 -0.499606 1
0.075937 -0.226950 1
0.107495 -0.063042 1
0.159763 0.026793 1
0.296844 0.093775 1
0.354043 0.182033 1
0.364892 0.278172 1
0.317554 0.312057 1
0.107495 0.387707 1
0.354043 0.475177 1
0.406312 0.496454 1
0.459566 0.572104 1
0.464497 0.635146 1
0.422091 0.760441 1
0.417160 0.848700 1
0.464497 0.962175 1
1.000000 0.789598 0

61
8
-0.002991 0.000000 0
0.410768 1.000000 0
0.749751 0.995958 1
0.351944 -0.692805 1
0.000000 -0.692805 1
0.289133 -0.688763 0
0.702891 1.000000 1
1.000000 0.801940 0

59
8
0.000000 0.000000 0
0.759557 0.991297 0
0.411469 0.995253 1
-0.003018 -0.627373 1
0.336016 -0.618671 1
0.459759 1.000000 0
0.047284 -0.627373 1
1.000000 0.784810 0

7
8
-0.002976 0.000000 0
0.213294 0.890425 0
0.044643 0.895360 1
0.160714 0.984205 1
0.218254 0.890425 1
0.165675 0.806515 1
0.060516 0.705824 1
1.000000 1.000000 0

2
16
0.000000 -0.004936 0
0.000000 0.895360 0
0.106640 1.000000 1
0.159960 0.889437 1
0.111670 0.827246 1
0.036217 0.758144 1
0.010060 0.721619 1
0.148893 0.889437 0
-0.003018 0.895360 1
0.556338 0.895360 0
0.395372 0.895360 1
0.513079 0.995064 1
0.550302 0.905232 1
0.491952 0.789733 1
0.411469 0.710760 1
1.000000 0.989141 0

26
12
0.000000 0.001988 0
0.078607 0.154076 0
0.014925 0.206759 1
0.067662 0.259443 1
0.131343 0.211730 1
0.073632 0.154076 1
0.226866 0.735587 0
0.169154 0.778330 1
0.221891 0.835984 1
0.274627 0.783300 1
0.226866 0.746521 1
1.000000 1.000000 0

27
13
-0.007984 -0.010913 0
0.107784 0.010913 0
0.059880 0.071429 1
0.107784 0.092262 1
0.161677 0.039683 1
0.118762 -0.221230 1
0.004990 -0.548611 1
0.256487 0.567460 0
0.203593 0.610119 1
0.256487 0.673611 1
0.299401 0.620040 1
0.262475 0.583333 1
1.000000 1.000000 0

31
34
-0.002976 0.000000 0
0.097222 -0.004883 0
0.049603 0.028320 1
0.092262 0.090820 1
0.165675 0.039063 1
0.092262 0.012695 1
0.297619 0.345703 0
0.197421 0.330078 1
0.160714 0.407227 1
0.155754 0.480469 1
0.276786 0.537109 1
0.451389 0.579102 1
0.545635 0.621094 1
0.583333 0.662109 1
0.645833 0.750977 1
0.640873 0.843750 1
0.604167 0.948242 1
0.451389 1.000000 1
0.250000 1.000000 1
0.108135 0.943359 1
0.060516 0.901367 1
0.002976 0.813477 1
0.060516 0.708984 1
0.092262 0.760742 1
0.054563 0.807617 1
0.403770 0.574219 0
0.513889 0.621094 1
0.593254 0.719727 1
0.604167 0.771484 1
0.604167 0.838867 1
0.583333 0.896484 1
0.540675 0.943359 1
0.451389 0.989258 1
1.000000 0.973633 0

15
3
0.004541 -0.008850 0
-0.181653 -0.676589 0
1.000000 1.000000 1

30
5
-0.003009 -0.005040 0
0.003009 0.034274 0
0.925777 0.457661 1
0.215647 0.892137 1
1.000000 1.000000 0

14
7
-0.000989 -0.015810 0
0.029674 0.006917 0
-0.006924 0.050395 1
0.042532 0.096838 1
0.095945 0.050395 1
0.036597 0.000000 1
1.000000 1.000000 0

28
5
0.005000 -0.004936 0
0.803000 0.006910 0
0.000000 0.422507 1
0.931000 0.852912 1
1.000000 1.000000 0

12
8
-0.002991 -0.004990 0
0.156530 0.000000 0
0.000000 0.000000 1
0.097707 0.081836 1
0.161515 0.000000 1
0.102692 -0.297405 1
0.007976 -0.547904 1
1.000000 1.000000 0
-1
