33
7
0.000000 0.000000 0
0.000000 0.339321 1
0.489774 1.000000 1
0.994618 0.344311 1
0.989236 0.004990 1
0.989236 0.339321 0
0.000000 0.344311 1
34
13
0.000000 0.000000 0
0.761491 -0.012000 1
0.981366 0.162000 1
0.981366 0.328000 1
0.767702 0.505000 1
0.247205 0.500000 1
0.761491 0.495000 0
1.000000 0.652000 1
0.993789 0.813000 1
0.755279 0.995000 1
-0.006211 0.995000 1
0.240994 1.000000 0
0.240994 0.000000 1
35
10
0.000000 0.000000 0
0.000000 0.168663 0
0.006250 0.838323 1
0.261250 1.000000 1
0.760000 1.000000 1
1.000000 0.833333 1
0.993750 0.168663 0
0.760000 0.001996 1
0.236250 0.006986 1
0.015000 0.147705 1
36
8
0.000000 0.000000 0
0.755279 0.000000 1
1.000000 0.156342 1
1.000000 0.816126 1
0.742857 0.985251 1
-0.018634 1.000000 1
0.240994 0.980334 0
0.240994 0.011799 1
37
7
0.000000 0.000000 0
1.000000 -0.007000 1
-0.002491 -0.005000 0
0.000000 0.995000 1
0.981320 1.000000 1
-0.002491 0.500000 0
0.496887 0.500000 1
38
5
0.000000 0.000000 0
0.008917 0.990000 1
1.000000 1.000000 1
0.008917 0.485000 0
0.498089 0.485000 1
39
10
0.000000 0.000000 0
0.008805 0.162860 0
0.008805 0.834161 1
0.256604 1.000000 1
0.981132 1.000000 1
0.745912 0.503476 0
0.993711 0.503476 1
1.000000 0.016882 1
0.262893 0.000000 1
0.000000 0.162860 1
40
6
0.000000 0.000000 0
0.000000 0.990020 1
1.000000 0.006986 0
1.000000 1.000000 1
0.002484 0.496008 0
1.000000 0.496008 1
41
7
0.000000 0.000000 0
0.311148 0.000000 0
0.991681 0.001996 1
1.000000 1.000000 0
0.311148 1.000000 1
0.655574 1.000000 0
0.647255 0.006986 1
42
6
0.000000 0.000000 0
0.002500 0.162860 0
0.248750 0.006951 1
0.728750 0.006951 1
1.000000 0.177756 1
1.000000 1.000000 1
43
7
0.000000 0.000000 0
-0.002506 1.000000 1
-0.002506 0.502488 0
0.240601 0.497512 1
0.987469 0.990050 1
0.240601 0.502488 0
1.000000 -0.001990 1
44
4
0.000000 0.000000 0
1.000000 0.002006 1
0.000000 0.007021 0
0.012771 1.000000 1
45
5
0.000000 0.000000 0
0.002160 1.000000 1
0.498920 0.336364 1
1.000000 1.000000 1
0.994600 -0.002020 1
46
4
0.000000 0.000000 0
0.000000 0.990020 1
0.993750 0.006986 1
1.000000 1.000000 1
47
5
0.000000 0.000000 0
0.993789 0.000000 1
1.000000 1.000000 1
-0.006211 1.000000 1
0.000000 0.005025 1
48
7
0.000000 0.000000 0
0.000000 0.995010 1
0.735000 1.000000 1
0.993750 0.828343 1
1.000000 0.667665 1
0.741250 0.500998 1
0.002500 0.496008 1
49
12
0.000000 0.000000 0
-0.006289 0.166996 0
0.000000 0.825099 1
0.244025 1.000000 1
0.733333 1.000000 1
1.000000 0.825099 1
1.000000 0.340909 1
0.498113 0.006917 1
0.256604 0.006917 1
0.002516 0.171937 1
0.504403 0.326087 0
0.993711 0.011858 1
50
9
0.000000 0.000000 0
0.000000 0.995000 1
0.753750 1.000000 1
1.000000 0.833000 1
0.993750 0.667000 1
0.741250 0.495000 1
0.015000 0.495000 1
0.236250 0.500000 0
1.000000 -0.002000 1
51
9
0.000000 0.000000 0
0.002484 0.158683 0
0.240994 0.000000 1
0.749068 0.006986 1
0.981366 0.168663 1
0.000000 0.833333 1
0.234783 1.000000 1
0.749068 1.000000 1
1.000000 0.838323 1
52
5
0.000000 0.000000 0
0.506345 0.004950 0
0.506345 1.000000 1
-0.002538 0.990099 0
1.000000 0.985149 1
53
7
0.000000 0.000000 0
0.002484 1.000000 0
-0.006211 0.152764 1
0.234783 0.000000 1
0.742857 -0.007035 1
1.000000 0.167839 1
0.993789 0.994975 1
54
4
0.000000 0.000000 0
0.001428 0.985075 0
0.502498 0.004975 1
1.000000 1.000000 1
55
6
0.000000 0.000000 0
0.001654 1.000000 0
0.339950 0.005000 1
0.502895 0.490000 1
0.669975 -0.005000 1
1.000000 0.995000 1
56
4
0.000000 0.000000 0
1.000000 1.000000 1
0.002500 0.994975 0
0.993750 -0.005025 1
57
6
0.000000 0.000000 0
0.500000 0.000000 0
0.500000 0.491018 1
1.000000 0.995010 1
0.000000 1.000000 0
0.500000 0.505988 1
58
5
0.000000 0.000000 0
0.000000 1.000000 0
1.000000 0.995025 1
0.000000 -0.004975 1
1.000000 0.000000 1
65
12
0.000000 0.000000 0
-0.007000 0.161838 0
-0.013000 0.492508 1
0.184000 0.661339 1
0.377000 0.661339 1
0.584000 0.492508 1
0.592000 0.168831 1
0.392000 0.007992 1
0.192000 -0.004995 1
-0.007000 0.161838 1
0.592000 0.168831 0
0.792000 -0.004995 1
66
10
0.000000 0.000000 0
0.000000 1.000000 1
0.007056 0.326368 0
0.403226 0.678607 1
0.596774 0.678607 1
0.806452 0.494527 1
0.814516 0.173134 1
0.604839 0.006965 1
0.418347 0.006965 1
0.000000 0.341294 1
67
8
0.000000 0.000000 0
-0.013105 0.174349 0
-0.013105 0.506012 1
0.208669 0.668337 1
0.798387 0.676353 1
0.798387 0.005010 0
0.201613 0.000000 1
-0.007056 0.167335 1
68
11
0.000000 0.000000 0
-0.007056 0.202471 0
-0.007056 0.546578 1
0.185484 0.685361 1
0.418347 0.685361 1
0.798387 0.378327 1
0.426411 0.063688 1
0.185484 0.048479 1
0.000000 0.210076 1
0.814516 1.000000 0
0.814516 0.056084 1
69
11
0.000000 0.000000 0
-0.013000 0.193137 0
-0.020000 0.487255 1
0.200000 0.675490 1
0.592000 0.660784 1
0.769000 0.524510 1
0.577000 0.344118 1
-0.013000 0.344118 1
0.592000 0.019608 0
0.200000 0.000000 1
-0.007000 0.170588 1
70
8
0.000000 0.000000 0
0.000000 0.492508 0
0.608000 0.492508 1
0.223000 0.007992 0
0.230000 0.823177 1
0.431000 1.000000 1
0.615000 1.000000 1
0.823000 0.853147 1
71
13
0.000000 0.000000 0
-0.007000 0.174000 0
-0.020000 0.490000 1
0.207000 0.675000 1
0.554000 0.675000 1
0.785000 0.490000 1
0.785000 -0.469000 1
0.584000 -1.000000 1
0.200000 -1.000000 1
-0.013000 -0.500000 1
0.777000 0.005000 0
0.200000 -0.007000 1
-0.013000 0.174000 1
72
7
0.000000 0.000000 0
0.000000 1.000000 1
0.006944 0.327919 0
0.388889 0.680203 1
0.587302 0.672081 1
0.793651 0.500508 1
0.808532 0.015228 1
73
4
0.000000 0.000000 0
-0.007000 0.487078 1
-0.007000 0.670974 0
-0.007000 0.831014 1
74
8
0.000000 0.000000 0
0.602781 1.000000 0
0.602781 0.846766 1
0.594836 0.670647 0
0.602781 0.011940 1
0.404171 -0.475622 1
0.212512 -0.475622 1
-0.005958 0.006965 1
75
7
0.000000 0.000000 0
0.013903 0.977137 1
0.006951 0.333996 0
0.388282 0.333996 1
0.793446 0.663022 1
0.396226 0.333996 0
0.793446 0.000000 1
76
4
0.000000 0.000000 0
0.022022 1.000000 0
0.000000 0.180100 1
0.199199 0.006965 1
77
10
0.000000 0.000000 0
0.005970 0.660321 1
0.005970 0.506012 0
0.189055 0.676353 1
0.388060 0.506012 1
0.395025 0.336673 1
0.395025 0.514028 0
0.601990 0.683367 1
0.808955 0.498998 1
0.800995 0.005010 1
78
7
0.000000 0.000000 0
0.006951 0.658610 1
0.006951 0.503525 0
0.205561 0.674723 1
0.396226 0.674723 1
0.602781 0.496475 1
0.602781 0.000000 1
79
10
0.000000 0.000000 0
-0.005911 0.182365 0
-0.005911 0.490982 1
0.181281 0.676353 1
0.575369 0.676353 1
0.764532 0.506012 1
0.780296 0.213427 1
0.598030 0.013026 1
0.181281 0.013026 1
0.000000 0.174349 1
80
9
0.000000 0.000000 0
0.589339 0.000000 1
0.779862 0.167992 1
0.794669 0.474155 1
0.589339 0.658052 1
0.217177 0.665010 1
0.005923 0.504970 1
0.005923 0.650099 0
0.000000 -1.000000 1
81
11
0.000000 0.000000 0
-0.013198 0.166004 0
-0.013198 0.495030 1
0.179695 0.663022 1
0.601015 0.663022 1
0.788832 0.495030 1
0.788832 0.000000 1
0.194924 -0.006958 1
-0.013198 0.158052 1
0.804061 0.670974 0
0.804061 -0.987078 1
82
6
0.000000 0.000000 0
0.000000 0.670974 1
0.005923 0.341948 0
0.384995 0.670974 1
0.589339 0.670974 1
0.787759 0.501988 1
83
8
0.000000 0.000000 0
0.569000 0.006910 1
0.785000 0.171767 1
0.584000 0.338598 1
0.177000 0.338598 1
-0.007000 0.513327 1
0.192000 0.673248 1
0.785000 0.673248 1
84
7
0.000000 0.000000 0
-0.007107 0.653347 0
0.789848 0.669331 1
0.398985 1.000000 0
0.390863 0.176823 1
0.602030 -0.004995 1
0.796954 0.168831 1
85
8
0.000000 0.000000 0
-0.012897 0.669331 0
-0.012897 0.168831 1
0.175595 0.000000 1
0.366071 0.007992 1
0.770833 0.330669 1
0.770833 0.669331 0
0.778770 -0.004995 1
86
4
0.000000 0.000000 0
-0.006006 0.658301 0
0.445445 0.012548 1
0.907908 0.643822 1
87
6
0.000000 0.000000 0
0.000000 0.668337 0
0.191191 0.020040 1
0.391391 0.660321 1
0.584585 0.020040 1
0.807808 0.660321 1
88
4
0.000000 0.000000 0
0.808955 0.676353 1
0.005970 0.676353 0
0.786070 0.005010 1
89
6
0.000000 0.000000 0
-0.006944 0.638697 0
0.434524 0.000000 1
0.915675 0.638697 0
0.244048 -1.000000 1
0.006944 -0.985193 1
90
5
0.000000 0.000000 0
0.006951 0.676324 0
0.786495 0.669331 1
0.006951 0.000000 1
0.786495 0.000000 1
94
5
0.000000 0.000000 0
0.000000 0.655786 0
0.254088 0.833828 1
0.757233 0.833828 1
1.000000 1.000000 1
1
4
0.000000 0.000000 0
0.000000 0.147029 1
0.000000 0.320242 0
0.000000 1.000000 1
32
16
0.000000 0.000000 0
1.000000 -0.001980 0
0.247810 0.000000 1
-0.001252 0.170297 1
-0.001252 0.837624 1
0.252816 0.995050 1
0.758448 1.000000 1
1.000000 0.811881 1
1.000000 0.505941 1
0.748436 0.335644 1
0.753442 0.650495 1
0.495620 0.667327 1
0.259074 0.501980 1
0.247810 0.348515 1
0.489362 0.327723 1
0.742178 0.493069 1
3
9
0.000000 0.000000 0
0.000000 0.662989 0
0.985000 0.662989 1
0.286250 1.000000 0
0.291250 -0.006018 1
0.791250 0.994985 0
0.791250 0.004012 1
0.001250 0.326981 0
1.000000 0.331996 1
4
11
0.000000 0.000000 0
0.000000 0.138034 0
0.748436 0.134062 1
1.000000 0.303873 1
0.748436 0.466733 1
0.269086 0.466733 1
0.000000 0.645482 1
0.247810 0.803376 1
0.984981 0.808342 1
0.500626 1.000000 0
0.500626 -0.003972 1
5
12
0.000000 0.000000 0
0.988806 0.992008 1
0.006219 0.996004 0
-0.001244 0.837163 1
0.246269 0.833167 1
0.257463 0.992008 1
-0.006219 1.000000 1
0.748756 -0.005994 0
1.000000 -0.005994 1
0.993781 0.167832 1
0.737562 0.175824 1
0.743781 -0.005994 1
62
4
0.000000 0.000000 0
0.000000 0.663664 0
0.492537 1.000000 1
1.000000 0.663664 1
6
13
0.000000 0.000000 0
-0.007509 0.162626 0
0.000000 0.340404 1
0.499374 0.669697 1
0.494368 0.843434 1
0.241552 1.000000 1
0.005006 0.852525 1
-0.006258 0.674747 1
1.000000 -0.004040 1
1.000000 0.344444 0
0.489362 0.002020 1
0.230288 0.010101 1
-0.006258 0.162626 1
6
13
0.000000 0.000000 0
-0.007509 0.162626 0
0.000000 0.340404 1
0.499374 0.669697 1
0.494368 0.843434 1
0.241552 1.000000 1
0.005006 0.852525 1
-0.006258 0.674747 1
1.000000 -0.004040 1
1.000000 0.344444 0
0.489362 0.002020 1
0.230288 0.010101 1
-0.006258 0.162626 1

10
9
0.000000 0.000000 0
0.000000 0.207186 0
0.948687 1.000000 1
-0.005967 1.000000 0
0.953461 0.202395 1
0.477327 0.928144 0
0.472554 0.140120 1
-0.005967 0.608383 0
1.000000 0.628743 1
8
5
0.000000 0.000000 0
1.000000 1.000000 0
0.014815 0.662989 1
0.000000 0.336008 1
0.967901 0.004012 1
9
4
0.000000 0.000000 0
0.990220 0.334665 1
1.000000 0.660340 1
-0.009780 1.000000 1
63
4
0.000000 0.000000 0
-0.001003 -0.141013 0
0.801404 -0.141013 1
1.000000 1.000000 0
13
4
0.000000 0.000000 0
0.000000 0.500500 0
0.798202 0.496497 1
1.000000 1.000000 0
11
6
0.000000 0.000000 0
0.000000 0.505462 0
0.794206 0.500497 1
0.399600 0.821251 0
0.399600 0.172790 1
1.000000 1.000000 0
29
6
0.000000 0.000000 0
0.001002 0.341341 0
0.797595 0.341341 1
0.000000 0.672673 0
0.810621 0.672673 1
1.000000 1.000000 0
60
3
0.000000 0.000000 0
0.006289 1.000000 0
1.000000 0.000000 1
92
2
0.000000 0.000000 0
0.000000 1.000000 1
93
8
0.000000 0.000000 0
0.202595 0.162189 1
0.211577 0.333333 1
0.396208 0.491542 1
0.207585 0.657711 1
0.202595 0.815920 1
0.000998 1.000000 1
1.000000 0.992040 0
61
5
0.000000 0.000000 0
0.392177 0.000000 1
0.405216 1.000000 1
-0.001003 0.996004 1
1.000000 0.996004 0
91
9
0.000000 0.000000 0
0.401204 1.000000 0
0.202608 0.827828 1
0.202608 0.681682 1
-0.001003 0.500500 1
0.194584 0.337337 1
0.194584 0.178178 1
0.397192 0.002002 1
1.000000 0.994995 0
59
6
0.000000 0.000000 0
0.407445 0.005935 0
0.000000 0.009891 1
0.010060 1.000000 1
0.394366 1.000000 1
1.000000 0.992087 0
2
6
0.000000 0.000000 0
0.430140 0.991027 0
0.198603 0.666002 1
0.228543 0.996012 0
0.005988 0.666002 1
1.000000 1.000000 0
7
4
0.000000 0.000000 0
0.238477 1.000000 0
0.006012 0.669331 1
1.000000 0.996004 0
27
7
0.000000 0.000000 0
0.201798 0.666667 0
0.197802 0.501511 1
0.197802 0.324270 0
0.197802 0.009063 1
0.000000 -0.499496 1
1.000000 1.000000 0
31
11
0.000000 0.000000 0
0.000000 0.833168 0
0.207585 1.000000 1
0.387226 1.000000 1
0.609780 0.825223 1
0.605788 0.684210 1
0.396208 0.509434 1
0.396208 0.321748 1
0.396208 0.176763 0
0.396208 0.009930 1
1.000000 0.991063 0
15
3
0.000000 0.000000 0
0.789211 1.000000 1
1.000000 1.000000 0
30
4
0.000000 0.000000 0
0.595382 0.507478 1
-0.010040 0.996012 1
1.000000 1.000000 0
14
3
0.000000 0.000000 0
0.000000 0.152064 1
1.000000 1.000000 0
28
5
0.000000 0.000000 0
0.610272 0.996004 0
-0.001007 0.493506 1
0.602216 0.000000 1
1.000000 1.000000 0
12
4
0.000000 0.000000 0
0.202608 0.172518 1
0.207623 0.336008 1
1.000000 1.000000 0
17
5
0.000000 0.000000 0
0.388388 -0.006000 1
0.194194 0.009000 0
0.194194 1.000000 1
-0.009009 0.824000 1
18
11
0.000000 0.000000 0
0.797619 -0.005894 1
-0.006944 0.000000 0
-0.006944 0.335953 1
0.183532 0.491159 1
0.605159 0.491159 1
0.797619 0.681729 1
0.788691 0.799607 1
0.559524 1.000000 1
0.192460 0.991159 1
0.008929 0.818271 1
19
14
0.000000 0.000000 0
0.000000 0.193611 0
0.217694 0.014521 1
0.595427 0.000000 1
0.806163 0.193611 1
0.806163 0.319458 1
0.604374 0.489835 1
0.420477 0.489835 1
0.567594 0.489835 0
0.806163 0.668925 1
0.806163 0.803485 1
0.613320 0.973862 1
0.208748 0.973862 1
0.000000 0.793804 1
20
5
0.000000 0.000000 0
0.591563 0.000000 0
0.591563 0.964829 1
0.023969 0.339354 1
0.750719 0.339354 1
21
10
0.000000 0.000000 0
0.813440 0.991159 0
0.007021 0.991159 1
0.000000 0.664047 1
0.590772 0.664047 1
0.795386 0.491159 1
0.795386 0.181729 1
0.590772 0.008841 1
0.229689 0.000000 1
0.016048 0.154224 1
22
11
0.000000 0.000000 0
0.595427 0.990272 0
0.392644 0.990272 1
-0.027833 0.630350 1
-0.017893 0.189689 1
0.199801 0.018482 1
0.604374 0.000000 1
0.797217 0.162451 1
0.788270 0.333658 1
0.604374 0.495136 1
0.006958 0.486381 1
23
4
0.000000 0.000000 0
-0.008763 1.000000 0
0.783836 0.990991 1
0.108082 0.018018 1
24
17
0.000000 0.000000 0
0.201605 0.500000 0
0.007021 0.645383 1
-0.009027 0.854617 1
0.229689 0.991159 1
0.553661 0.991159 1
0.813440 0.818271 1
0.813440 0.672888 1
0.600802 0.482318 1
0.201605 0.508841 1
0.016048 0.327112 1
0.000000 0.172888 1
0.192578 0.000000 1
0.572718 0.000000 1
0.804413 0.164047 1
0.813440 0.299607 1
0.590772 0.491159 1
25
11
0.000000 0.000000 0
0.206897 0.018664 0
0.416749 0.018664 1
0.799015 0.327112 1
0.799015 0.809430 1
0.625616 0.991159 1
0.224631 1.000000 1
-0.008867 0.835953 1
-0.008867 0.645383 1
0.170443 0.482318 1
0.799015 0.500000 1
16
10
0.000000 0.000000 0
0.000000 0.203291 0
-0.008789 0.803485 1
0.187500 0.982575 1
0.376953 0.982575 1
0.584961 0.829622 1
0.593750 0.193611 1
0.404297 0.014521 1
0.223633 0.014521 1
-0.008789 0.203291 1
-1
