66
16
0.002970 0.006979 0
0.000000 1.000000 1
0.000000 0.540379 0
0.053465 0.590229 1
0.081188 0.618146 1
0.221782 0.667996 1
0.347525 0.667996 1
0.431683 0.632104 1
0.558416 0.540379 1
0.600000 0.413759 1
0.579208 0.208375 1
0.488119 0.088734 1
0.355446 -0.013958 1
0.200990 -0.006979 1
0.116832 0.024925 1
0.003960 0.137587 1

65
19
0.002950 0.000000 0
0.000000 0.254803 0
0.000000 0.383215 1
0.032448 0.491405 1
0.095379 0.562184 1
0.157325 0.633974 1
0.254671 0.684530 1
0.387414 0.684530 1
0.477876 0.633974 1
0.582104 0.548028 1
0.603736 0.498483 1
0.603736 0.648129 0
0.595870 0.000000 1
0.595870 0.147624 0
0.401180 -0.014156 1
0.276303 -0.029323 1
0.164208 0.032356 1
0.059980 0.118301 1
0.003933 0.247725 1

67
16
0.002970 0.013672 0
0.011881 0.252930 0
0.000000 0.405273 1
0.032673 0.473633 1
0.102970 0.556641 1
0.137624 0.605469 1
0.256436 0.667969 1
0.397030 0.667969 1
0.501980 0.598633 1
0.600000 0.508789 1
0.593069 0.134766 0
0.424752 0.013672 1
0.256436 0.013672 1
0.151485 0.058594 1
0.046535 0.169922 1
0.003960 0.266602 1

68
18
0.002950 0.013861 0
0.003933 0.277228 0
-0.006883 0.396040 1
0.046214 0.522772 1
0.143559 0.634653 1
0.240905 0.670297 1
0.401180 0.670297 1
0.484759 0.627723 1
0.582104 0.543564 1
0.595870 1.000000 0
0.603736 0.013861 1
0.603736 0.158416 0
0.457227 0.059406 1
0.414946 0.000000 1
0.269420 -0.006931 1
0.150442 0.059406 1
0.059980 0.136634 1
0.003933 0.270297 1

69
19
0.009766 0.007028 0
0.006836 0.380522 0
0.045898 0.530121 1
0.108398 0.594378 1
0.163086 0.650602 1
0.239258 0.679719 1
0.391602 0.679719 1
0.467773 0.629518 1
0.564453 0.537149 1
0.598633 0.451807 1
0.598633 0.394578 1
0.018555 0.394578 1
0.591797 0.138554 0
0.460937 0.046185 1
0.405273 -0.007028 1
0.252930 -0.007028 1
0.101562 0.089357 1
0.052734 0.153614 1
0.018555 0.245984 1

70
8
0.009766 0.000000 0
0.010742 0.326733 0
0.364258 0.312871 1
0.418945 0.663366 0
0.329102 0.663366 1
0.205078 0.593069 1
0.149414 0.452475 1
0.149414 -0.989109 1

71
25
0.003012 0.003880 0
0.012048 -0.003880 0
0.012048 0.247333 0
0.004016 0.363725 1
0.047189 0.474297 1
0.125502 0.549952 1
0.153614 0.625606 1
0.224900 0.659554 1
0.402610 0.659554 1
0.509036 0.604268 1
0.566265 0.543162 1
0.594378 0.501455 1
0.616466 0.652764 0
0.616466 -0.320078 1
0.552209 -0.711930 1
0.416667 -0.979631 1
0.275100 -1.000000 1
0.153614 -0.835112 1
0.594378 0.130941 0
0.494980 0.033948 1
0.416667 -0.017459 1
0.260040 -0.017459 1
0.167671 0.013579 1
0.054217 0.130941 1
0.012048 0.240543 1

72
10
0.008955 0.006979 0
0.000000 1.000000 1
-0.007960 0.498505 0
0.048756 0.554337 1
0.147264 0.625125 1
0.231841 0.674975 1
0.400995 0.674975 1
0.485572 0.611167 1
0.549254 0.469591 1
0.542289 0.006979 1

73
8
0.000987 0.007028 0
0.056269 0.007028 0
0.049358 0.665663 1
0.049358 0.899598 0
-0.010859 0.949799 1
0.042448 0.991968 1
0.112537 0.956827 1
0.063179 0.899598 1

74
11
0.002950 0.000000 0
0.254671 0.650000 0
0.254671 -0.437255 1
0.206490 -0.833333 1
0.095379 -0.993137 1
0.003933 -1.000000 1
0.254671 0.886274 0
0.199607 0.934314 1
0.254671 0.969608 1
0.296952 0.934314 1
0.254671 0.893137 1

75
6
0.003012 0.000000 0
0.012048 0.993021 1
0.012048 0.194417 0
0.502008 0.654038 1
0.210843 0.384845 0
0.559237 0.000000 1

76
2
0.002991 0.013579 0
0.000000 1.000000 1

77
18
0.001502 0.007028 0
0.000000 0.665663 1
0.000000 0.472892 0
0.023524 0.544177 1
0.073073 0.615462 1
0.129630 0.672691 1
0.204204 0.672691 1
0.260761 0.601406 1
0.278779 0.479920 1
0.278779 0.011044 1
0.278779 0.465863 0
0.335335 0.565261 1
0.353353 0.636546 1
0.399399 0.679719 1
0.473473 0.679719 1
0.523524 0.636546 1
0.551552 0.502008 1
0.551552 0.018072 1

78
11
0.008147 0.001994 0
0.000000 0.662014 1
-0.009165 0.475573 0
0.071283 0.533400 1
0.142566 0.627119 1
0.249491 0.673978 1
0.368635 0.696909 1
0.535642 0.603190 1
0.535642 0.557328 1
0.559063 0.451645 1
0.559063 0.031904 1

79
19
0.007960 0.012821 0
0.000000 0.273176 0
0.000000 0.412229 1
0.057711 0.515779 1
0.092537 0.572978 1
0.186070 0.631164 1
0.231841 0.677515 1
0.372139 0.677515 1
0.499503 0.607495 1
0.603980 0.469428 1
0.650746 0.388560 1
0.650746 0.238659 1
0.603980 0.192308 1
0.476617 0.031558 1
0.417910 -0.011834 1
0.266667 -0.034517 1
0.162189 0.054241 1
0.080597 0.112426 1
0.000000 0.250493 1

80
16
0.008056 0.001940 0
0.000000 0.496605 0
0.046324 0.542192 1
0.116818 0.610087 1
0.211480 0.644035 1
0.341390 0.644035 1
0.517623 0.542192 1
0.588117 0.417071 1
0.552870 0.144520 1
0.435045 0.008729 1
0.364552 -0.022308 1
0.223565 -0.033948 1
0.116818 0.008729 1
0.011078 0.122211 1
-0.009063 0.666343 0
-0.009063 -0.986421 1

81
18
0.000986 0.012821 0
0.019724 0.262327 0
0.000000 0.388560 1
0.019724 0.434911 1
0.112426 0.572978 1
0.262327 0.688363 1
0.388560 0.677515 1
0.515779 0.596647 1
0.596647 0.515779 1
0.584813 0.631164 0
0.596647 -0.945759 1
0.607495 0.146943 0
0.584813 0.181460 0
0.388560 0.000000 1
0.227811 0.000000 1
0.146943 0.066075 1
0.077909 0.112426 1
0.031558 0.227811 1

82
8
0.000000 0.006054 0
0.002004 0.663976 1
0.000000 0.379415 0
0.045090 0.490414 1
0.097194 0.563068 1
0.150301 0.610494 1
0.250501 0.673058 1
0.393788 0.673058 1

83
18
0.001988 0.006006 0
-0.001988 0.131131 0
0.047714 0.050050 1
0.170974 0.000000 1
0.355865 -0.014014 1
0.483101 0.040040 1
0.535785 0.126126 1
0.544732 0.174174 1
0.488072 0.288288 1
0.374751 0.336336 1
0.142147 0.384384 1
0.061630 0.431431 1
-0.001988 0.536537 1
0.056660 0.632633 1
0.194831 0.679680 1
0.350895 0.679680 1
0.474155 0.641642 1
0.554672 0.527528 1

84
8
0.000000 0.005982 0
0.000000 0.658026 0
0.362173 0.658026 1
0.150905 1.000000 0
0.145875 0.187438 1
0.199195 0.044865 1
0.294769 -0.013958 1
0.400402 -0.022931 1

85
11
0.000000 0.001006 0
0.001994 0.683099 0
0.001994 0.194165 1
0.054835 0.050302 1
0.139581 0.002012 1
0.297109 0.002012 1
0.396810 0.050302 1
0.472582 0.131791 1
0.548355 0.194165 1
0.544367 0.683099 0
0.548355 0.016097 1

86
4
0.002016 0.001006 0
0.000000 0.678068 0
0.302419 0.002012 1
0.605847 0.663984 1

87
6
0.000000 0.005952 0
0.001984 0.664682 0
0.205357 0.006944 1
0.394841 0.664682 1
0.593254 0.011905 1
0.796627 0.659722 1

88
4
0.001988 0.000989 0
0.540755 0.645895 1
0.000000 0.650841 0
0.549702 0.000000 1

89
9
0.000000 0.000969 0
0.000000 0.656008 0
0.298597 0.008721 1
0.604208 0.637597 0
0.298597 0.013566 1
0.188377 -0.561046 1
0.097194 -0.833333 1
-0.009018 -1.000000 1
-0.052104 -0.995155 1

90
5
0.000000 0.000997 0
0.001994 0.658026 0
0.539382 0.663011 1
-0.003988 0.001994 1
0.548355 0.006979 1
 
94
22
0.004955 0.001002 0
0.005946 -0.001002 0
0.005946 0.363727 0
0.005946 0.478958 1
0.058474 0.603206 1
0.148662 0.670341 1
0.237859 0.675351 1
0.635282 0.416834 1
0.744301 0.420842 1
0.848365 0.468938 1
0.909812 0.565130 1
0.919722 0.660321 1
0.919722 0.569138 1
0.867195 0.420842 1
0.773043 0.382766 1
0.677899 0.373747 1
0.261645 0.627255 1
0.171457 0.632265 1
0.082260 0.589178 1
0.024777 0.473948 1
0.010902 0.440882 1
1.000000 1.000000 0

1
13
0.000000 0.006073 0
0.044044 -0.005061 0
0.000000 0.034413 1
0.040040 0.087045 1
0.087087 0.034413 1
0.049049 0.000000 1
0.049049 0.334008 0
0.000000 0.898785 1
0.049049 0.995951 1
0.102102 0.903846 1
0.049049 0.353239 1
0.054054 0.990891 1
1.000000 1.000000 0

32
49
0.005650 0.000981 0
-0.005650 0.405299 0
-0.009416 0.577036 1
0.041431 0.708538 1
0.147834 0.854760 1
0.176083 0.900883 1
0.426554 1.000000 1
0.548964 1.000000 1
0.738230 0.927380 1
0.803202 0.900883 1
0.938795 0.730128 1
1.000000 0.568204 1
1.000000 0.457311 1
0.951036 0.337586 1
0.853107 0.234544 1
0.762712 0.239450 1
0.713748 0.285574 1
0.750471 0.747792 1
0.754237 0.243376 0
0.676083 0.285574 1
0.660075 0.375859 1
0.721281 0.760550 1
0.696799 0.623160 0
0.647834 0.713445 1
0.548964 0.768400 1
0.418079 0.768400 1
0.320151 0.713445 1
0.262712 0.670265 1
0.221281 0.529931 1
0.221281 0.388616 1
0.270245 0.298332 1
0.348399 0.230618 1
0.508475 0.239450 1
0.594162 0.281649 1
0.656309 0.379784 1
0.377589 0.252208 0
0.295669 0.384691 1
0.287194 0.533857 1
0.327684 0.670265 1
0.421846 0.755643 1
0.844633 0.136408 0
0.795669 0.089303 1
0.688324 0.042198 1
0.569680 0.000000 1
0.418079 -0.001963 1
0.188324 0.093229 1
0.130885 0.149166 1
0.078154 0.230618 1
-0.005650 0.401374 1

3
9
-0.005298 -0.004363 0
0.005298 0.294066 0
0.924503 0.289703 1
0.076821 0.541012 0
1.000000 0.536649 1
0.936424 0.993019 0
0.456954 -0.501745 1
0.544371 1.000000 0
0.076821 -0.482548 1

4
24
0.000000 -0.000838 0
0.000000 0.128141 0
0.161290 0.025126 1
0.353436 -0.015913 1
0.650771 -0.011725 1
0.855540 0.029313 1
1.000000 0.139866 1
1.000000 0.246231 1
0.880785 0.336683 1
0.722300 0.391960 1
0.307153 0.486600 1
0.161290 0.518425 1
0.075736 0.573702 1
0.002805 0.640703 1
0.002805 0.727806 1
0.148668 0.814070 1
0.353436 0.853434 1
0.617111 0.845896 1
0.841515 0.818258 1
1.000000 0.727806 1
0.629734 -0.449749 0
0.636746 1.000000 1
0.353436 -0.438023 0
0.353436 0.995812 1

5
27
0.002212 -0.005941 0
0.994469 1.000000 1
0.740044 0.893069 1
0.563053 0.898020 1
0.276549 1.000000 1
0.176991 1.000000 1
0.057522 0.948515 1
-0.002212 0.860396 1
-0.002212 0.767327 1
0.099558 0.669307 1
0.219027 0.659406 1
0.332965 0.720792 1
0.386062 0.803960 1
0.386062 0.898020 1
0.280973 0.995050 1
0.672566 0.282178 0
0.786504 0.337624 1
0.880531 0.347525 1
0.994469 0.249505 1
1.000000 0.160396 1
0.938053 0.067327 1
0.828540 -0.008911 1
0.728982 -0.008911 1
0.603982 0.081188 1
0.603982 0.202970 1
0.672566 0.277228 1
0.780973 0.347525 1

62
4
0.002849 -0.005994 0
-0.002849 0.670330 0
0.497151 1.000000 1
1.000000 0.670330 1

6
46
0.000000 0.001006 0
0.011202 0.136821 0
0.011202 0.269618 1
0.074338 0.365191 1
0.414460 0.601610 1
0.476578 0.662978 1
0.538697 0.748491 1
0.538697 0.848089 1
0.476578 0.956740 1
0.380855 1.000000 1
0.280041 0.956740 1
0.203666 0.853119 1
0.217923 0.748491 1
0.256619 0.620724 1
0.649694 0.108652 1
0.731161 0.028169 1
0.860489 -0.030181 1
0.922607 -0.011066 1
0.980652 0.047284 1
0.980652 0.075453 1
0.879837 -0.021127 0
0.716904 0.094567 1
0.212831 0.762575 1
0.179226 0.440644 0
0.112016 0.388330 1
0.054990 0.283702 1
0.054990 0.141851 1
0.107943 0.042254 1
0.208758 -0.011066 1
0.380855 -0.030181 1
0.490835 0.056338 1
0.591650 0.165996 1
0.702648 0.307847 1
0.768839 0.487928 1
0.836049 0.610664 1
0.865580 0.643863 1
0.894094 0.673038 1
0.936864 0.668008 1
0.994908 0.625755 1
1.000000 0.573441 1
0.936864 0.516097 1
0.894094 0.563380 1
0.941955 0.615694 1
0.223014 -0.035211 0
0.069246 0.028169 1
0.011202 0.132797 1

10
7
0.003968 0.001335 0
0.000000 0.452603 0
1.000000 0.823765 1
0.503968 1.000000 0
0.496032 0.238985 1
0.000000 0.817089 0
0.990079 0.427236 1

8
14
0.004938 0.000810 0
0.000000 0.286062 0
0.906173 1.000000 0
0.767901 0.957861 1
0.395062 0.808752 1
0.140741 0.667747 1
0.012346 0.469206 1
0.012346 0.274716 1
0.128395 0.106969 1
0.266667 -0.059157 1
0.454321 -0.207455 1
0.545679 -0.310373 1
0.767901 -0.532415 1
1.000000 -0.658023 1

9
14
0.019337 -0.000818 0
-0.013812 1.000000 0
0.154696 0.953355 1
0.533149 0.822422 1
0.831492 0.668576 1
1.000000 0.448445 1
1.000000 0.294599 1
0.831492 0.078560 1
0.754144 -0.011457 1
0.635359 -0.150573 1
0.428177 -0.319967 1
0.284530 -0.458265 1
0.168508 -0.558920 1
-0.019337 -0.705401 1

63
4
0.000000 -0.004950 0
-0.040877 -0.084158 0
0.948156 -0.088119 1
1.000000 1.000000 0

13
4
0.003015 -0.004990 0
0.000000 0.534930 0
0.892462 0.530938 1
1.000000 1.000000 0

11
6
0.003000 0.000000 0
0.000000 0.496503 0
0.901000 0.496503 1
0.453000 0.919081 0
0.448000 0.077922 1
1.000000 1.000000 0

29
6
0.003000 0.000000 0
0.000000 0.323589 0
0.901000 0.328629 1
-0.003000 0.616936 0
0.897000 0.620968 1
1.000000 1.000000 0

92
5
0.001988 -0.008052 0
0.006958 1.000000 1
0.006958 0.008052 0
0.006958 -0.680354 1
1.000000 0.818035 0

60
4
-0.000991 0.010285 0
0.000000 1.000000 0
0.910803 -0.584652 1
1.000000 0.790348 0

61
8
0.001988 -0.007886 0
0.000000 0.994480 0
0.333996 1.000000 1
0.352883 -0.604890 1
-0.002982 -0.610410 1
0.295229 -0.600158 0
0.301193 0.994480 1
1.000000 0.796530 0

93
43
-0.007874 0.000000 0
0.009843 0.191489 0
0.029528 0.990122 0
0.193898 0.901976 1
0.238189 0.852584 1
0.238189 0.759878 1
0.168307 0.676292 1
0.092520 0.612462 1
0.079724 0.519757 1
0.175197 0.446049 1
0.283465 0.392097 1
0.200787 0.367781 1
0.092520 0.298632 1
0.079724 0.259878 1
0.086614 0.205927 1
0.149606 0.112462 1
0.245079 0.029635 1
0.232283 -0.105623 1
0.219488 -0.227964 1
0.181102 -0.340426 1
0.136811 -0.448328 1
0.035433 -0.590425 1
0.118110 -0.463526 1
0.175197 -0.301672 1
0.187992 -0.134498 1
0.175197 -0.007599 1
0.124016 0.058511 1
0.079724 0.098024 1
0.035433 0.156535 1
0.035433 0.250000 1
0.061024 0.313830 1
0.175197 0.362462 1
0.270669 0.401976 1
0.073819 0.480243 1
0.035433 0.563830 1
0.029528 0.626900 1
0.099409 0.710486 1
0.156496 0.759878 1
0.187992 0.818389 1
0.175197 0.886778 1
0.099409 0.960486 1
0.029528 1.000000 1
1.000000 0.759878 0

91
37
0.001976 0.005431 0
0.236166 1.000000 0
0.159091 0.979829 1
0.095850 0.934833 1
0.025692 0.860357 1
0.038538 0.779674 1
0.121541 0.680372 1
0.197628 0.625291 1
0.191700 0.529868 1
0.127470 0.480217 1
0.019763 0.399535 1
0.171937 0.294802 1
0.204545 0.249806 1
0.166008 0.164469 1
0.121541 0.094647 1
0.051383 0.019395 1
0.032609 -0.148177 1
0.114625 -0.413499 1
0.242095 -0.613654 1
0.147233 -0.458495 1
0.095850 -0.262995 1
0.095850 -0.023274 1
0.147233 0.039566 1
0.254941 0.154383 1
0.249012 0.239721 1
0.210474 0.309542 1
0.000000 0.394880 1
0.217391 0.489527 1
0.242095 0.529868 1
0.261858 0.560124 1
0.261858 0.640031 1
0.134387 0.779674 1
0.089921 0.815361 1
0.095850 0.879752 1
0.159091 0.960434 1
0.249012 1.000000 1
1.000000 0.770365 0

59
8
-0.000997 -0.002379 0
0.356929 1.000000 0
0.009970 1.000000 1
0.009970 -0.624108 1
0.343968 -0.624108 1
0.060818 -0.613799 0
0.060818 1.000000 1
1.000000 0.795400 0

27
14
-0.007921 -0.002973 0
0.074257 0.009911 0
0.009901 0.047572 1
0.067327 0.086224 1
0.111881 0.041625 1
0.111881 -0.134787 1
0.067327 -0.396432 1
0.000000 -0.562934 1
0.054455 0.565907 0
0.009901 0.603568 1
0.054455 0.661051 1
0.105941 0.610505 1
0.074257 0.571853 1
1.000000 1.000000 0

26
10
0.009128 -0.003030 0
0.045639 0.856566 0
-0.010142 0.824242 1
0.045639 0.765657 1
0.097363 0.824242 1
0.045639 0.295960 0
-0.007099 0.237374 1
0.038540 0.191919 1
0.110548 0.237374 1
1.000000 1.000000 0

7
9
-0.000997 -0.009901 0
0.099701 0.948515 0
0.047856 0.909901 1
0.009970 0.961386 1
0.054835 1.000000 1
0.099701 0.954456 1
0.105683 0.859406 1
-0.006979 0.724753 1
1.000000 1.000000 0

2
18
-0.007921 -0.002991 0
0.118812 0.948156 0
0.054455 0.916251 1
0.006931 0.954138 1
0.061386 1.000000 1
0.111881 0.948156 1
0.105941 0.851446 1
0.074257 0.787637 1
0.016832 0.709870 1
0.400000 0.954138 0
0.348515 0.909272 1
0.291089 0.948156 1
0.348515 0.987039 1
0.400000 0.948156 1
0.411881 0.864407 1
0.380198 0.787637 1
0.297030 0.716849 1
1.000000 0.993021 0

31
35
0.002014 -0.002935 0
0.045317 0.772994 0
0.116818 0.747554 1
0.058409 0.696673 1
0.000000 0.747554 1
0.000000 0.822896 1
0.039275 0.892368 1
0.208459 1.000000 1
0.357503 0.987280 1
0.519637 0.936399 1
0.585096 0.848337 1
0.617321 0.791585 1
0.617321 0.716243 1
0.578046 0.621331 1
0.493454 0.551859 1
0.421954 0.526419 1
0.325277 0.463796 1
0.305136 0.318982 1
0.474320 0.558708 0
0.551863 0.634051 1
0.564955 0.709393 1
0.551863 0.822896 1
0.506546 0.873777 1
0.421954 0.924658 1
0.370594 0.987280 1
0.480363 0.570450 0
0.408862 0.526419 1
0.318228 0.463796 1
0.318228 0.337573 1
0.318228 0.078278 0
0.259819 0.046967 1
0.312185 -0.038160 1
0.350453 0.034247 1
0.292044 0.078278 1
1.000000 0.987280 0

15
4
-0.007921 -0.008052 0
0.903960 1.000000 0
0.009901 -0.674718 1
1.000000 0.813204 0

30
5
0.001988 -0.009785 0
-0.002982 0.918787 0
0.775348 0.514677 1
-0.002982 0.073386 1
1.000000 1.000000 0

14
7
-0.000991 0.007099 0
0.002973 0.051724 0
0.047572 0.078093 1
0.093162 0.045639 1
0.047572 -0.007099 1
0.009911 0.045639 1
1.000000 1.000000 0

28
5
0.001988 -0.015748 0
0.808151 0.930118 0
0.012922 0.504921 1
0.801193 0.079724 1
1.000000 1.000000 0

12
10
0.001988 0.000000 0
0.096421 0.051690 0
0.044732 0.006958 1
-0.009940 0.051690 1
0.044732 0.083499 1
0.083499 0.051690 1
0.090457 -0.151093 1
0.044732 -0.349901 1
-0.009940 -0.535785 1
1.000000 1.000000 0

18
15
0.000000 0.000000 0
0.712861 0.009814 1
0.005982 -0.003925 0
0.504487 0.464181 1
0.663011 0.709519 1
0.663011 0.799804 1
0.617149 0.881256 1
0.558325 0.947007 1
0.467597 1.000000 1
0.268195 1.000000 1
0.167498 0.963690 1
0.105683 0.890088 1
0.059821 0.807655 1
0.047856 0.762512 1
1.000000 0.979392 0
17
8
0.000000 0.000000 0
0.000000 0.799601 0
0.086224 0.862413 1
0.164519 0.916251 1
0.214073 0.979063 1
0.251734 1.000000 1
0.251734 -0.003988 1
1.000000 0.996012 0
19
17
0.000000 0.000000 0
-0.003972 0.183714 0
0.042701 0.096326 1
0.092354 0.042701 1
0.237339 -0.015889 1
0.403178 -0.020854 1
0.544191 0.030785 1
0.647468 0.126117 1
0.701092 0.279047 1
0.706058 0.378352 1
0.639523 0.515392 1
0.556107 0.589871 1
0.498510 0.614697 1
0.349553 0.618669 1
0.651440 1.000000 1
0.105263 1.000000 1
1.000000 0.996028 0
20
6
0.000000 0.000000 0
0.495504 0.000000 0
0.495504 1.000000 1
-0.003996 0.338014 1
0.733267 0.338014 1
1.000000 1.000000 0
21
19
0.000000 0.000000 0
0.000000 0.196624 0
0.033133 0.117180 1
0.100402 0.042701 1
0.255020 0.001986 1
0.401606 0.009930 1
0.544177 0.042701 1
0.656627 0.146971 1
0.698795 0.271102 1
0.706827 0.378352 1
0.644578 0.532274 1
0.560241 0.618669 1
0.405622 0.672294 1
0.263052 0.672294 1
0.116466 0.618669 1
0.050201 0.565045 1
0.100402 0.987090 1
0.606426 1.000000 1
1.000000 0.996028 0
22
26
0.000000 0.000000 0
0.606426 0.842730 0
0.552209 0.941642 1
0.405622 1.000000 1
0.301205 0.996044 1
0.150602 0.958457 1
0.041165 0.802176 1
-0.002008 0.562809 1
0.000000 0.323442 1
0.037149 0.170129 1
0.154618 0.042532 1
0.272088 0.005935 1
0.359438 0.009891 1
0.480924 0.059347 1
0.577309 0.120673 1
0.598394 0.141444 1
0.652610 0.270030 1
0.652610 0.327399 1
0.606426 0.463897 1
0.502008 0.574679 1
0.359438 0.616222 1
0.301205 0.620178 1
0.141566 0.566766 1
0.100402 0.517310 1
0.004016 0.331355 1
1.000000 1.000000 0
22
24
0.000000 0.000000 0
0.000000 0.324803 0
0.000000 0.563976 1
0.048290 0.797244 1
0.157948 0.945866 1
0.292757 1.000000 1
0.396378 1.000000 1
0.542254 0.951772 1
0.609658 0.869095 1
-0.004024 0.355315 0
0.042254 0.444882 1
0.157948 0.575787 1
0.310865 0.612205 1
0.475855 0.575787 1
0.591549 0.468504 1
0.664990 0.307087 1
0.609658 0.163386 1
0.500000 0.050197 1
0.390342 0.020669 1
0.231388 0.020669 1
0.139839 0.067913 1
0.042254 0.151575 1
0.000000 0.295276 1
1.000000 0.988189 0
23
5
0.000000 0.000000 0
-0.004000 0.982283 0
0.697000 1.000000 1
0.212000 0.002953 1
1.000000 0.988189 0
24
28
0.000000 0.000000 0
0.000000 0.206829 0
0.000000 0.313171 1
0.040323 0.401951 1
0.144153 0.520976 1
0.345766 0.561951 1
0.602823 0.650732 1
0.664315 0.769756 1
0.658266 0.852683 1
0.620968 0.947317 1
0.467742 1.000000 1
0.266129 0.982439 1
0.088710 0.947317 1
0.046371 0.858537 1
0.040323 0.762927 1
0.100806 0.668293 1
0.351815 0.561951 1
0.547379 0.520976 1
0.658266 0.407805 1
0.724798 0.307317 1
0.712702 0.183415 1
0.651210 0.064390 1
0.578629 0.035122 1
0.480847 -0.015610 1
0.260081 -0.002927 1
0.113911 0.029268 1
0.000000 0.165854 1
1.000000 0.976585 0
25
24
0.000000 0.000000 0
0.054000 0.148184 0
0.090000 0.052993 1
0.218000 0.011776 1
0.369000 0.005888 1
0.503000 0.064769 1
0.588000 0.190383 1
0.649000 0.410206 1
0.649000 0.666340 1
0.588000 0.833170 1
0.509000 0.940137 1
0.357000 1.000000 1
0.285000 0.988224 1
0.169000 0.964671 1
0.054000 0.904809 1
0.012000 0.714426 1
0.000000 0.619235 1
0.060000 0.505397 1
0.157000 0.416094 1
0.297000 0.363101 1
0.509000 0.416094 1
0.606000 0.505397 1
0.655000 0.654563 1
1.000000 0.982336 0
16
19
0.000000 0.000000 0
0.000000 0.381188 0
0.005030 0.597030 1
0.042254 0.813861 1
0.157948 0.939604 1
0.304829 0.994059 1
0.408451 0.994059 1
0.524145 0.964356 1
0.652918 0.796040 1
0.707243 0.573267 1
0.689135 0.314852 1
0.664990 0.189109 1
0.561368 0.068317 1
0.396378 0.002970 1
0.279678 0.008911 1
0.157948 0.032673 1
0.060362 0.177228 1
0.000000 0.375248 1
1.000000 1.000000 0
33
5
0.002497 0.000997 0
0.494382 1.000000 1
1.000000 0.001994 1
0.831461 0.344965 0
0.162297 0.335992 1

34
18
0.000000 0.004965 0
0.627312 0.003972 1
0.837838 0.057597 1
0.924609 0.100298 1
0.992888 0.195631 1
1.000000 0.334657 1
0.850640 0.481629 1
0.627312 0.520357 1
0.008535 0.524330 1
0.634424 0.524330 0
0.832148 0.571996 1
0.931721 0.632572 1
0.992888 0.718967 1
0.992888 0.810328 1
0.837838 0.952334 1
0.640114 1.000000 1
0.000000 0.991063 1
0.000000 0.009930 1

35
22
0.000000 0.000981 0
0.000000 0.370952 0
0.000000 0.628067 1
0.070313 0.768400 1
0.144531 0.854760 1
0.205729 0.900883 1
0.279948 0.952895 1
0.388021 0.995093 1
0.660156 1.000000 1
0.761719 0.947988 1
0.852865 0.893032 1
0.925781 0.833170 1
1.000000 0.760550 1
1.000000 0.234544 0
0.908854 0.153091 1
0.819010 0.089303 1
0.653646 0.000000 1
0.393229 -0.001963 1
0.274740 0.051030 1
0.188802 0.106968 1
0.070313 0.225711 1
0.000000 0.367027 1
66
17
0.002970 0.006979 0
0.000000 1.000000 1
0.000000 0.540379 0
0.053465 0.590229 1
0.081188 0.618146 1
0.221782 0.667996 1
0.347525 0.667996 1
0.431683 0.632104 1
0.558416 0.540379 1
0.600000 0.413759 1
0.579208 0.208375 1
0.488119 0.088734 1
0.355446 -0.013958 1
0.200990 -0.006979 1
0.116832 0.024925 1
0.003960 0.137587 1
1.000000 0.993021 0

65
20
0.002950 0.000000 0
0.000000 0.254803 0
0.000000 0.383215 1
0.032448 0.491405 1
0.095379 0.562184 1
0.157325 0.633974 1
0.254671 0.684530 1
0.387414 0.684530 1
0.477876 0.633974 1
0.582104 0.548028 1
0.603736 0.498483 1
0.603736 0.648129 0
0.595870 0.000000 1
0.595870 0.147624 0
0.401180 -0.014156 1
0.276303 -0.029323 1
0.164208 0.032356 1
0.059980 0.118301 1
0.003933 0.247725 1
1.000000 1.000000 0

67
17
0.002970 0.013672 0
0.011881 0.252930 0
0.000000 0.405273 1
0.032673 0.473633 1
0.102970 0.556641 1
0.137624 0.605469 1
0.256436 0.667969 1
0.397030 0.667969 1
0.501980 0.598633 1
0.600000 0.508789 1
0.593069 0.134766 0
0.424752 0.013672 1
0.256436 0.013672 1
0.151485 0.058594 1
0.046535 0.169922 1
0.003960 0.266602 1
1.000000 1.000000 0

68
19
0.002950 0.013861 0
0.003933 0.277228 0
-0.006883 0.396040 1
0.046214 0.522772 1
0.143559 0.634653 1
0.240905 0.670297 1
0.401180 0.670297 1
0.484759 0.627723 1
0.582104 0.543564 1
0.595870 1.000000 0
0.603736 0.013861 1
0.603736 0.158416 0
0.457227 0.059406 1
0.414946 0.000000 1
0.269420 -0.006931 1
0.150442 0.059406 1
0.059980 0.136634 1
0.003933 0.270297 1
1.000000 1.000000 0

69
20
0.009766 0.007028 0
0.006836 0.380522 0
0.045898 0.530121 1
0.108398 0.594378 1
0.163086 0.650602 1
0.239258 0.679719 1
0.391602 0.679719 1
0.467773 0.629518 1
0.564453 0.537149 1
0.598633 0.451807 1
0.598633 0.394578 1
0.018555 0.394578 1
0.591797 0.138554 0
0.460937 0.046185 1
0.405273 -0.007028 1
0.252930 -0.007028 1
0.101562 0.089357 1
0.052734 0.153614 1
0.018555 0.245984 1
1.000000 1.000000 0

70
9
0.009766 0.000000 0
0.010742 0.326733 0
0.364258 0.312871 1
0.418945 0.663366 0
0.329102 0.663366 1
0.205078 0.593069 1
0.149414 0.452475 1
0.149414 -0.989109 1
1.000000 1.000000 0

71
26
0.003012 0.003880 0
0.012048 -0.003880 0
0.012048 0.247333 0
0.004016 0.363725 1
0.047189 0.474297 1
0.125502 0.549952 1
0.153614 0.625606 1
0.224900 0.659554 1
0.402610 0.659554 1
0.509036 0.604268 1
0.566265 0.543162 1
0.594378 0.501455 1
0.616466 0.652764 0
0.616466 -0.320078 1
0.552209 -0.711930 1
0.416667 -0.979631 1
0.275100 -1.000000 1
0.153614 -0.835112 1
0.594378 0.130941 0
0.494980 0.033948 1
0.416667 -0.017459 1
0.260040 -0.017459 1
0.167671 0.013579 1
0.054217 0.130941 1
0.012048 0.240543 1
1.000000 0.955383 0

72
11
0.008955 0.006979 0
0.000000 1.000000 1
-0.007960 0.498505 0
0.048756 0.554337 1
0.147264 0.625125 1
0.231841 0.674975 1
0.400995 0.674975 1
0.485572 0.611167 1
0.549254 0.469591 1
0.542289 0.006979 1
1.000000 1.000000 0

73
9
0.000987 0.007028 0
0.056269 0.007028 0
0.049358 0.665663 1
0.049358 0.899598 0
-0.010859 0.949799 1
0.042448 0.991968 1
0.112537 0.956827 1
0.063179 0.899598 1
1.000000 1.000000 0

74
12
0.002950 0.000000 0
0.254671 0.650000 0
0.254671 -0.437255 1
0.206490 -0.833333 1
0.095379 -0.993137 1
0.003933 -1.000000 1
0.254671 0.886274 0
0.199607 0.934314 1
0.254671 0.969608 1
0.296952 0.934314 1
0.254671 0.893137 1
1.000000 0.969608 0

75
7
0.003012 0.000000 0
0.012048 0.993021 1
0.012048 0.194417 0
0.502008 0.654038 1
0.210843 0.384845 0
0.559237 0.000000 1
1.000000 1.000000 0

76
3
0.002991 0.013579 0
0.000000 1.000000 1
1.000000 0.986421 0

77
19
0.001502 0.007028 0
0.000000 0.665663 1
0.000000 0.472892 0
0.023524 0.544177 1
0.073073 0.615462 1
0.129630 0.672691 1
0.204204 0.672691 1
0.260761 0.601406 1
0.278779 0.479920 1
0.278779 0.011044 1
0.278779 0.465863 0
0.335335 0.565261 1
0.353353 0.636546 1
0.399399 0.679719 1
0.473473 0.679719 1
0.523524 0.636546 1
0.551552 0.502008 1
0.551552 0.018072 1
1.000000 1.000000 0

78
12
0.008147 0.001994 0
0.000000 0.662014 1
-0.009165 0.475573 0
0.071283 0.533400 1
0.142566 0.627119 1
0.249491 0.673978 1
0.368635 0.696909 1
0.535642 0.603190 1
0.535642 0.557328 1
0.559063 0.451645 1
0.559063 0.031904 1
1.000000 1.000000 0

79
20
0.007960 0.012821 0
0.000000 0.273176 0
0.000000 0.412229 1
0.057711 0.515779 1
0.092537 0.572978 1
0.186070 0.631164 1
0.231841 0.677515 1
0.372139 0.677515 1
0.499503 0.607495 1
0.603980 0.469428 1
0.650746 0.388560 1
0.650746 0.238659 1
0.603980 0.192308 1
0.476617 0.031558 1
0.417910 -0.011834 1
0.266667 -0.034517 1
0.162189 0.054241 1
0.080597 0.112426 1
0.000000 0.250493 1
1.000000 1.000000 0

80
17
0.008056 0.001940 0
0.000000 0.496605 0
0.046324 0.542192 1
0.116818 0.610087 1
0.211480 0.644035 1
0.341390 0.644035 1
0.517623 0.542192 1
0.588117 0.417071 1
0.552870 0.144520 1
0.435045 0.008729 1
0.364552 -0.022308 1
0.223565 -0.033948 1
0.116818 0.008729 1
0.011078 0.122211 1
-0.009063 0.666343 0
-0.009063 -0.986421 1
1.000000 0.961203 0

81
19
0.000986 0.012821 0
0.019724 0.262327 0
0.000000 0.388560 1
0.019724 0.434911 1
0.112426 0.572978 1
0.262327 0.688363 1
0.388560 0.677515 1
0.515779 0.596647 1
0.596647 0.515779 1
0.584813 0.631164 0
0.596647 -0.945759 1
0.607495 0.146943 0
0.584813 0.181460 0
0.388560 0.000000 1
0.227811 0.000000 1
0.146943 0.066075 1
0.077909 0.112426 1
0.031558 0.227811 1
1.000000 1.000000 0

82
9
0.000000 0.006054 0
0.002004 0.663976 1
0.000000 0.379415 0
0.045090 0.490414 1
0.097194 0.563068 1
0.150301 0.610494 1
0.250501 0.673058 1
0.393788 0.673058 1
1.000000 1.000000 0

83
19
0.001988 0.006006 0
-0.001988 0.131131 0
0.047714 0.050050 1
0.170974 0.000000 1
0.355865 -0.014014 1
0.483101 0.040040 1
0.535785 0.126126 1
0.544732 0.174174 1
0.488072 0.288288 1
0.374751 0.336336 1
0.142147 0.384384 1
0.061630 0.431431 1
-0.001988 0.536537 1
0.056660 0.632633 1
0.194831 0.679680 1
0.350895 0.679680 1
0.474155 0.641642 1
0.554672 0.527528 1
1.000000 1.000000 0

84
9
0.000000 0.005982 0
0.000000 0.658026 0
0.362173 0.658026 1
0.150905 1.000000 0
0.145875 0.187438 1
0.199195 0.044865 1
0.294769 -0.013958 1
0.400402 -0.022931 1
1.000000 1.000000 0

85
12
0.000000 0.001006 0
0.001994 0.683099 0
0.001994 0.194165 1
0.054835 0.050302 1
0.139581 0.002012 1
0.297109 0.002012 1
0.396810 0.050302 1
0.472582 0.131791 1
0.548355 0.194165 1
0.544367 0.683099 0
0.548355 0.016097 1
1.000000 1.000000 0

86
5
0.002016 0.001006 0
0.000000 0.678068 0
0.302419 0.002012 1
0.605847 0.663984 1
1.000000 1.000000 0

87
7
0.000000 0.005952 0
0.001984 0.664682 0
0.205357 0.006944 1
0.394841 0.664682 1
0.593254 0.011905 1
0.796627 0.659722 1
1.000000 1.000000 0

88
5
0.001988 0.000989 0
0.540755 0.645895 1
0.000000 0.650841 0
0.549702 0.000000 1
1.000000 1.000000 0

89
10
0.000000 0.000969 0
0.000000 0.656008 0
0.298597 0.008721 1
0.604208 0.637597 0
0.298597 0.013566 1
0.188377 -0.561046 1
0.097194 -0.833333 1
-0.009018 -1.000000 1
-0.052104 -0.995155 1
1.000000 0.969961 0

90
6
0.000000 0.000997 0
0.001994 0.658026 0
0.539382 0.663011 1
-0.003988 0.001994 1
0.548355 0.006979 1
1.000000 1.000000 0 
 
94
22
0.004955 0.001002 0
0.005946 -0.001002 0
0.005946 0.363727 0
0.005946 0.478958 1
0.058474 0.603206 1
0.148662 0.670341 1
0.237859 0.675351 1
0.635282 0.416834 1
0.744301 0.420842 1
0.848365 0.468938 1
0.909812 0.565130 1
0.919722 0.660321 1
0.919722 0.569138 1
0.867195 0.420842 1
0.773043 0.382766 1
0.677899 0.373747 1
0.261645 0.627255 1
0.171457 0.632265 1
0.082260 0.589178 1
0.024777 0.473948 1
0.010902 0.440882 1
1.000000 1.000000 0

1
13
0.000000 0.006073 0
0.044044 -0.005061 0
0.000000 0.034413 1
0.040040 0.087045 1
0.087087 0.034413 1
0.049049 0.000000 1
0.049049 0.334008 0
0.000000 0.898785 1
0.049049 0.995951 1
0.102102 0.903846 1
0.049049 0.353239 1
0.054054 0.990891 1
1.000000 1.000000 0

32
49
0.005650 0.000981 0
-0.005650 0.405299 0
-0.009416 0.577036 1
0.041431 0.708538 1
0.147834 0.854760 1
0.176083 0.900883 1
0.426554 1.000000 1
0.548964 1.000000 1
0.738230 0.927380 1
0.803202 0.900883 1
0.938795 0.730128 1
1.000000 0.568204 1
1.000000 0.457311 1
0.951036 0.337586 1
0.853107 0.234544 1
0.762712 0.239450 1
0.713748 0.285574 1
0.750471 0.747792 1
0.754237 0.243376 0
0.676083 0.285574 1
0.660075 0.375859 1
0.721281 0.760550 1
0.696799 0.623160 0
0.647834 0.713445 1
0.548964 0.768400 1
0.418079 0.768400 1
0.320151 0.713445 1
0.262712 0.670265 1
0.221281 0.529931 1
0.221281 0.388616 1
0.270245 0.298332 1
0.348399 0.230618 1
0.508475 0.239450 1
0.594162 0.281649 1
0.656309 0.379784 1
0.377589 0.252208 0
0.295669 0.384691 1
0.287194 0.533857 1
0.327684 0.670265 1
0.421846 0.755643 1
0.844633 0.136408 0
0.795669 0.089303 1
0.688324 0.042198 1
0.569680 0.000000 1
0.418079 -0.001963 1
0.188324 0.093229 1
0.130885 0.149166 1
0.078154 0.230618 1
-0.005650 0.401374 1

3
9
-0.005298 -0.004363 0
0.005298 0.294066 0
0.924503 0.289703 1
0.076821 0.541012 0
1.000000 0.536649 1
0.936424 0.993019 0
0.456954 -0.501745 1
0.544371 1.000000 0
0.076821 -0.482548 1

4
24
0.000000 -0.000838 0
0.000000 0.128141 0
0.161290 0.025126 1
0.353436 -0.015913 1
0.650771 -0.011725 1
0.855540 0.029313 1
1.000000 0.139866 1
1.000000 0.246231 1
0.880785 0.336683 1
0.722300 0.391960 1
0.307153 0.486600 1
0.161290 0.518425 1
0.075736 0.573702 1
0.002805 0.640703 1
0.002805 0.727806 1
0.148668 0.814070 1
0.353436 0.853434 1
0.617111 0.845896 1
0.841515 0.818258 1
1.000000 0.727806 1
0.629734 -0.449749 0
0.636746 1.000000 1
0.353436 -0.438023 0
0.353436 0.995812 1

5
27
0.002212 -0.005941 0
0.994469 1.000000 1
0.740044 0.893069 1
0.563053 0.898020 1
0.276549 1.000000 1
0.176991 1.000000 1
0.057522 0.948515 1
-0.002212 0.860396 1
-0.002212 0.767327 1
0.099558 0.669307 1
0.219027 0.659406 1
0.332965 0.720792 1
0.386062 0.803960 1
0.386062 0.898020 1
0.280973 0.995050 1
0.672566 0.282178 0
0.786504 0.337624 1
0.880531 0.347525 1
0.994469 0.249505 1
1.000000 0.160396 1
0.938053 0.067327 1
0.828540 -0.008911 1
0.728982 -0.008911 1
0.603982 0.081188 1
0.603982 0.202970 1
0.672566 0.277228 1
0.780973 0.347525 1

62
4
0.002849 -0.005994 0
-0.002849 0.670330 0
0.497151 1.000000 1
1.000000 0.670330 1

6
46
0.000000 0.001006 0
0.011202 0.136821 0
0.011202 0.269618 1
0.074338 0.365191 1
0.414460 0.601610 1
0.476578 0.662978 1
0.538697 0.748491 1
0.538697 0.848089 1
0.476578 0.956740 1
0.380855 1.000000 1
0.280041 0.956740 1
0.203666 0.853119 1
0.217923 0.748491 1
0.256619 0.620724 1
0.649694 0.108652 1
0.731161 0.028169 1
0.860489 -0.030181 1
0.922607 -0.011066 1
0.980652 0.047284 1
0.980652 0.075453 1
0.879837 -0.021127 0
0.716904 0.094567 1
0.212831 0.762575 1
0.179226 0.440644 0
0.112016 0.388330 1
0.054990 0.283702 1
0.054990 0.141851 1
0.107943 0.042254 1
0.208758 -0.011066 1
0.380855 -0.030181 1
0.490835 0.056338 1
0.591650 0.165996 1
0.702648 0.307847 1
0.768839 0.487928 1
0.836049 0.610664 1
0.865580 0.643863 1
0.894094 0.673038 1
0.936864 0.668008 1
0.994908 0.625755 1
1.000000 0.573441 1
0.936864 0.516097 1
0.894094 0.563380 1
0.941955 0.615694 1
0.223014 -0.035211 0
0.069246 0.028169 1
0.011202 0.132797 1

10
7
0.003968 0.001335 0
0.000000 0.452603 0
1.000000 0.823765 1
0.503968 1.000000 0
0.496032 0.238985 1
0.000000 0.817089 0
0.990079 0.427236 1

8
14
0.004938 0.000810 0
0.000000 0.286062 0
0.906173 1.000000 0
0.767901 0.957861 1
0.395062 0.808752 1
0.140741 0.667747 1
0.012346 0.469206 1
0.012346 0.274716 1
0.128395 0.106969 1
0.266667 -0.059157 1
0.454321 -0.207455 1
0.545679 -0.310373 1
0.767901 -0.532415 1
1.000000 -0.658023 1

9
14
0.019337 -0.000818 0
-0.013812 1.000000 0
0.154696 0.953355 1
0.533149 0.822422 1
0.831492 0.668576 1
1.000000 0.448445 1
1.000000 0.294599 1
0.831492 0.078560 1
0.754144 -0.011457 1
0.635359 -0.150573 1
0.428177 -0.319967 1
0.284530 -0.458265 1
0.168508 -0.558920 1
-0.019337 -0.705401 1

63
4
0.000000 -0.004950 0
-0.040877 -0.084158 0
0.948156 -0.088119 1
1.000000 1.000000 0

13
4
0.003015 -0.004990 0
0.000000 0.534930 0
0.892462 0.530938 1
1.000000 1.000000 0

11
6
0.003000 0.000000 0
0.000000 0.496503 0
0.901000 0.496503 1
0.453000 0.919081 0
0.448000 0.077922 1
1.000000 1.000000 0

29
6
0.003000 0.000000 0
0.000000 0.323589 0
0.901000 0.328629 1
-0.003000 0.616936 0
0.897000 0.620968 1
1.000000 1.000000 0

92
5
0.001988 -0.008052 0
0.006958 1.000000 1
0.006958 0.008052 0
0.006958 -0.680354 1
1.000000 0.818035 0

60
4
-0.000991 0.010285 0
0.000000 1.000000 0
0.910803 -0.584652 1
1.000000 0.790348 0

61
8
0.001988 -0.007886 0
0.000000 0.994480 0
0.333996 1.000000 1
0.352883 -0.604890 1
-0.002982 -0.610410 1
0.295229 -0.600158 0
0.301193 0.994480 1
1.000000 0.796530 0

93
43
-0.007874 0.000000 0
0.009843 0.191489 0
0.029528 0.990122 0
0.193898 0.901976 1
0.238189 0.852584 1
0.238189 0.759878 1
0.168307 0.676292 1
0.092520 0.612462 1
0.079724 0.519757 1
0.175197 0.446049 1
0.283465 0.392097 1
0.200787 0.367781 1
0.092520 0.298632 1
0.079724 0.259878 1
0.086614 0.205927 1
0.149606 0.112462 1
0.245079 0.029635 1
0.232283 -0.105623 1
0.219488 -0.227964 1
0.181102 -0.340426 1
0.136811 -0.448328 1
0.035433 -0.590425 1
0.118110 -0.463526 1
0.175197 -0.301672 1
0.187992 -0.134498 1
0.175197 -0.007599 1
0.124016 0.058511 1
0.079724 0.098024 1
0.035433 0.156535 1
0.035433 0.250000 1
0.061024 0.313830 1
0.175197 0.362462 1
0.270669 0.401976 1
0.073819 0.480243 1
0.035433 0.563830 1
0.029528 0.626900 1
0.099409 0.710486 1
0.156496 0.759878 1
0.187992 0.818389 1
0.175197 0.886778 1
0.099409 0.960486 1
0.029528 1.000000 1
1.000000 0.759878 0

91
37
0.001976 0.005431 0
0.236166 1.000000 0
0.159091 0.979829 1
0.095850 0.934833 1
0.025692 0.860357 1
0.038538 0.779674 1
0.121541 0.680372 1
0.197628 0.625291 1
0.191700 0.529868 1
0.127470 0.480217 1
0.019763 0.399535 1
0.171937 0.294802 1
0.204545 0.249806 1
0.166008 0.164469 1
0.121541 0.094647 1
0.051383 0.019395 1
0.032609 -0.148177 1
0.114625 -0.413499 1
0.242095 -0.613654 1
0.147233 -0.458495 1
0.095850 -0.262995 1
0.095850 -0.023274 1
0.147233 0.039566 1
0.254941 0.154383 1
0.249012 0.239721 1
0.210474 0.309542 1
0.000000 0.394880 1
0.217391 0.489527 1
0.242095 0.529868 1
0.261858 0.560124 1
0.261858 0.640031 1
0.134387 0.779674 1
0.089921 0.815361 1
0.095850 0.879752 1
0.159091 0.960434 1
0.249012 1.000000 1
1.000000 0.770365 0

59
8
-0.000997 -0.002379 0
0.356929 1.000000 0
0.009970 1.000000 1
0.009970 -0.624108 1
0.343968 -0.624108 1
0.060818 -0.613799 0
0.060818 1.000000 1
1.000000 0.795400 0

27
14
-0.007921 -0.002973 0
0.074257 0.009911 0
0.009901 0.047572 1
0.067327 0.086224 1
0.111881 0.041625 1
0.111881 -0.134787 1
0.067327 -0.396432 1
0.000000 -0.562934 1
0.054455 0.565907 0
0.009901 0.603568 1
0.054455 0.661051 1
0.105941 0.610505 1
0.074257 0.571853 1
1.000000 1.000000 0

26
10
0.009128 -0.003030 0
0.045639 0.856566 0
-0.010142 0.824242 1
0.045639 0.765657 1
0.097363 0.824242 1
0.045639 0.295960 0
-0.007099 0.237374 1
0.038540 0.191919 1
0.110548 0.237374 1
1.000000 1.000000 0

7
9
-0.000997 -0.009901 0
0.099701 0.948515 0
0.047856 0.909901 1
0.009970 0.961386 1
0.054835 1.000000 1
0.099701 0.954456 1
0.105683 0.859406 1
-0.006979 0.724753 1
1.000000 1.000000 0

2
18
-0.007921 -0.002991 0
0.118812 0.948156 0
0.054455 0.916251 1
0.006931 0.954138 1
0.061386 1.000000 1
0.111881 0.948156 1
0.105941 0.851446 1
0.074257 0.787637 1
0.016832 0.709870 1
0.400000 0.954138 0
0.348515 0.909272 1
0.291089 0.948156 1
0.348515 0.987039 1
0.400000 0.948156 1
0.411881 0.864407 1
0.380198 0.787637 1
0.297030 0.716849 1
1.000000 0.993021 0

31
35
0.002014 -0.002935 0
0.045317 0.772994 0
0.116818 0.747554 1
0.058409 0.696673 1
0.000000 0.747554 1
0.000000 0.822896 1
0.039275 0.892368 1
0.208459 1.000000 1
0.357503 0.987280 1
0.519637 0.936399 1
0.585096 0.848337 1
0.617321 0.791585 1
0.617321 0.716243 1
0.578046 0.621331 1
0.493454 0.551859 1
0.421954 0.526419 1
0.325277 0.463796 1
0.305136 0.318982 1
0.474320 0.558708 0
0.551863 0.634051 1
0.564955 0.709393 1
0.551863 0.822896 1
0.506546 0.873777 1
0.421954 0.924658 1
0.370594 0.987280 1
0.480363 0.570450 0
0.408862 0.526419 1
0.318228 0.463796 1
0.318228 0.337573 1
0.318228 0.078278 0
0.259819 0.046967 1
0.312185 -0.038160 1
0.350453 0.034247 1
0.292044 0.078278 1
1.000000 0.987280 0

15
4
-0.007921 -0.008052 0
0.903960 1.000000 0
0.009901 -0.674718 1
1.000000 0.813204 0

30
5
0.001988 -0.009785 0
-0.002982 0.918787 0
0.775348 0.514677 1
-0.002982 0.073386 1
1.000000 1.000000 0

14
7
-0.000991 0.007099 0
0.002973 0.051724 0
0.047572 0.078093 1
0.093162 0.045639 1
0.047572 -0.007099 1
0.009911 0.045639 1
1.000000 1.000000 0

28
5
0.001988 -0.015748 0
0.808151 0.930118 0
0.012922 0.504921 1
0.801193 0.079724 1
1.000000 1.000000 0

12
10
0.001988 0.000000 0
0.096421 0.051690 0
0.044732 0.006958 1
-0.009940 0.051690 1
0.044732 0.083499 1
0.083499 0.051690 1
0.090457 -0.151093 1
0.044732 -0.349901 1
-0.009940 -0.535785 1
1.000000 1.000000 0
18
15
0.000000 0.000000 0
0.712861 0.009814 1
0.005982 -0.003925 0
0.504487 0.464181 1
0.663011 0.709519 1
0.663011 0.799804 1
0.617149 0.881256 1
0.558325 0.947007 1
0.467597 1.000000 1
0.268195 1.000000 1
0.167498 0.963690 1
0.105683 0.890088 1
0.059821 0.807655 1
0.047856 0.762512 1
1.000000 0.979392 0
17
8
0.000000 0.000000 0
0.000000 0.799601 0
0.086224 0.862413 1
0.164519 0.916251 1
0.214073 0.979063 1
0.251734 1.000000 1
0.251734 -0.003988 1
1.000000 0.996012 0
19
17
0.000000 0.000000 0
-0.003972 0.183714 0
0.042701 0.096326 1
0.092354 0.042701 1
0.237339 -0.015889 1
0.403178 -0.020854 1
0.544191 0.030785 1
0.647468 0.126117 1
0.701092 0.279047 1
0.706058 0.378352 1
0.639523 0.515392 1
0.556107 0.589871 1
0.498510 0.614697 1
0.349553 0.618669 1
0.651440 1.000000 1
0.105263 1.000000 1
1.000000 0.996028 0
20
6
0.000000 0.000000 0
0.495504 0.000000 0
0.495504 1.000000 1
-0.003996 0.338014 1
0.733267 0.338014 1
1.000000 1.000000 0
21
19
0.000000 0.000000 0
0.000000 0.196624 0
0.033133 0.117180 1
0.100402 0.042701 1
0.255020 0.001986 1
0.401606 0.009930 1
0.544177 0.042701 1
0.656627 0.146971 1
0.698795 0.271102 1
0.706827 0.378352 1
0.644578 0.532274 1
0.560241 0.618669 1
0.405622 0.672294 1
0.263052 0.672294 1
0.116466 0.618669 1
0.050201 0.565045 1
0.100402 0.987090 1
0.606426 1.000000 1
1.000000 0.996028 0
22
26
0.000000 0.000000 0
0.606426 0.842730 0
0.552209 0.941642 1
0.405622 1.000000 1
0.301205 0.996044 1
0.150602 0.958457 1
0.041165 0.802176 1
-0.002008 0.562809 1
0.000000 0.323442 1
0.037149 0.170129 1
0.154618 0.042532 1
0.272088 0.005935 1
0.359438 0.009891 1
0.480924 0.059347 1
0.577309 0.120673 1
0.598394 0.141444 1
0.652610 0.270030 1
0.652610 0.327399 1
0.606426 0.463897 1
0.502008 0.574679 1
0.359438 0.616222 1
0.301205 0.620178 1
0.141566 0.566766 1
0.100402 0.517310 1
0.004016 0.331355 1
1.000000 1.000000 0
22
24
0.000000 0.000000 0
0.000000 0.324803 0
0.000000 0.563976 1
0.048290 0.797244 1
0.157948 0.945866 1
0.292757 1.000000 1
0.396378 1.000000 1
0.542254 0.951772 1
0.609658 0.869095 1
-0.004024 0.355315 0
0.042254 0.444882 1
0.157948 0.575787 1
0.310865 0.612205 1
0.475855 0.575787 1
0.591549 0.468504 1
0.664990 0.307087 1
0.609658 0.163386 1
0.500000 0.050197 1
0.390342 0.020669 1
0.231388 0.020669 1
0.139839 0.067913 1
0.042254 0.151575 1
0.000000 0.295276 1
1.000000 0.988189 0
23
5
0.000000 0.000000 0
-0.004000 0.982283 0
0.697000 1.000000 1
0.212000 0.002953 1
1.000000 0.988189 0
24
28
0.000000 0.000000 0
0.000000 0.206829 0
0.000000 0.313171 1
0.040323 0.401951 1
0.144153 0.520976 1
0.345766 0.561951 1
0.602823 0.650732 1
0.664315 0.769756 1
0.658266 0.852683 1
0.620968 0.947317 1
0.467742 1.000000 1
0.266129 0.982439 1
0.088710 0.947317 1
0.046371 0.858537 1
0.040323 0.762927 1
0.100806 0.668293 1
0.351815 0.561951 1
0.547379 0.520976 1
0.658266 0.407805 1
0.724798 0.307317 1
0.712702 0.183415 1
0.651210 0.064390 1
0.578629 0.035122 1
0.480847 -0.015610 1
0.260081 -0.002927 1
0.113911 0.029268 1
0.000000 0.165854 1
1.000000 0.976585 0
25
24
0.000000 0.000000 0
0.054000 0.148184 0
0.090000 0.052993 1
0.218000 0.011776 1
0.369000 0.005888 1
0.503000 0.064769 1
0.588000 0.190383 1
0.649000 0.410206 1
0.649000 0.666340 1
0.588000 0.833170 1
0.509000 0.940137 1
0.357000 1.000000 1
0.285000 0.988224 1
0.169000 0.964671 1
0.054000 0.904809 1
0.012000 0.714426 1
0.000000 0.619235 1
0.060000 0.505397 1
0.157000 0.416094 1
0.297000 0.363101 1
0.509000 0.416094 1
0.606000 0.505397 1
0.655000 0.654563 1
1.000000 0.982336 0
16
19
0.000000 0.000000 0
0.000000 0.381188 0
0.005030 0.597030 1
0.042254 0.813861 1
0.157948 0.939604 1
0.304829 0.994059 1
0.408451 0.994059 1
0.524145 0.964356 1
0.652918 0.796040 1
0.707243 0.573267 1
0.689135 0.314852 1
0.664990 0.189109 1
0.561368 0.068317 1
0.396378 0.002970 1
0.279678 0.008911 1
0.157948 0.032673 1
0.060362 0.177228 1
0.000000 0.375248 1
1.000000 1.000000 0
33
5
0.002497 0.000997 0
0.494382 1.000000 1
1.000000 0.001994 1
0.831461 0.344965 0
0.162297 0.335992 1

34
18
0.000000 0.004965 0
0.627312 0.003972 1
0.837838 0.057597 1
0.924609 0.100298 1
0.992888 0.195631 1
1.000000 0.334657 1
0.850640 0.481629 1
0.627312 0.520357 1
0.008535 0.524330 1
0.634424 0.524330 0
0.832148 0.571996 1
0.931721 0.632572 1
0.992888 0.718967 1
0.992888 0.810328 1
0.837838 0.952334 1
0.640114 1.000000 1
0.000000 0.991063 1
0.000000 0.009930 1

35
22
0.000000 0.000981 0
0.000000 0.370952 0
0.000000 0.628067 1
0.070313 0.768400 1
0.144531 0.854760 1
0.205729 0.900883 1
0.279948 0.952895 1
0.388021 0.995093 1
0.660156 1.000000 1
0.761719 0.947988 1
0.852865 0.893032 1
0.925781 0.833170 1
1.000000 0.760550 1
1.000000 0.234544 0
0.908854 0.153091 1
0.819010 0.089303 1
0.653646 0.000000 1
0.393229 -0.001963 1
0.274740 0.051030 1
0.188802 0.106968 1
0.070313 0.225711 1
0.000000 0.367027 1

36
11
0.005658 0.004941 0
0.495050 0.000000 1
0.704385 0.057312 1
0.864215 0.156126 1
0.992928 0.375494 1
1.000000 0.620553 1
0.851485 0.874506 1
0.691655 0.965415 1
0.495050 1.000000 1
0.008487 1.000000 1
0.000000 0.009881 1
37
7
0.006116 0.000997 0
1.000000 0.000000 1
0.009174 0.000000 0
0.009174 1.000000 1
0.980122 1.000000 1
0.009174 0.522433 0
0.614679 0.522433 1

38
5
0.000000 0.001001 0
0.000000 1.000000 1
1.000000 1.000000 1
0.003115 0.524525 0
0.613707 0.524525 1

39
23
0.000000 0.000979 0
-0.005270 0.372184 0
-0.005270 0.603330 1
0.088274 0.786484 1
0.202899 0.888345 1
0.260870 0.940255 1
0.409750 1.000000 1
0.633729 1.000000 1
0.776021 0.935357 1
0.856390 0.884427 1
0.919631 0.855044 1
0.994730 0.752204 1
0.661397 0.385896 0
1.000000 0.377081 1
1.000000 0.227228 1
0.919631 0.154750 1
0.833992 0.082272 1
0.661397 0.001959 1
0.392622 0.000000 1
0.254282 0.065622 1
0.139657 0.129285 1
0.071146 0.232125 1
-0.010540 0.368266 1

40
6
0.002837 0.000997 0
0.000000 0.996012 1
1.000000 1.000000 0
0.987234 0.005982 1
0.987234 0.522433 0
-0.002837 0.522433 1

41
2
0.000000 0.004965 0
0.000000 1.000000 1

42
9
0.004000 0.001001 0
0.000000 0.324324 0
0.000000 0.241241 1
0.096000 0.097097 1
0.392000 -0.017017 1
0.592000 -0.013013 1
0.878000 0.089089 1
0.984000 0.237237 1
1.000000 1.000000 1
 
43
6
0.000000 0.000999 0
0.002845 0.991009 1
1.000000 1.000000 0
0.008535 0.334665 1
0.361309 0.569431 0
0.992888 0.000000 1

44
4
0.003328 0.000999 0
0.000000 1.000000 1
1.000000 0.000000 0
-0.009983 0.000000 1

45
5
0.004932 0.000999 0
0.004932 0.996004 1
0.500617 0.000000 1
1.000000 1.000000 1
0.995068 0.016983 1

46
4
0.000000 0.004985 0
0.002845 0.995015 1
0.992888 0.005982 1
1.000000 1.000000 1

47
23
0.000000 0.004878 0
0.002439 0.388293 0
0.002439 0.604878 1
0.065854 0.753171 1
0.145122 0.859512 1
0.198780 0.901463 1
0.257317 0.953171 1
0.384146 0.995122 1
0.623171 1.000000 1
0.729268 0.960976 1
0.867073 0.850732 1
1.000000 0.642927 1
0.989024 0.383415 1
0.936585 0.235122 1
0.841463 0.128780 1
0.729268 0.056585 1
0.623171 0.005854 1
0.384146 0.005854 1
0.267073 0.056585 1
0.182927 0.128780 1
0.102439 0.188293 1
0.050000 0.260488 1
0.000000 0.383415 1

48
10
0.002874 0.004921 0
-0.002874 1.000000 1
0.656609 0.991142 1
0.850575 0.952756 1
0.994253 0.815945 1
1.000000 0.661417 1
0.931035 0.570866 1
0.863506 0.524606 1
0.643678 0.477362 1
-0.002874 0.477362 1

51
22
0.000000 0.000997 0
0.000000 0.144566 0
0.058321 0.096710 1
0.157895 0.040877 1
0.330014 0.005982 1
0.645804 0.000000 1
0.850640 0.044865 1
0.981508 0.153539 1
1.000000 0.297109 1
0.913229 0.378863 1
0.826458 0.439681 1
0.237553 0.579262 1
0.150782 0.618145 1
0.095306 0.653041 1
0.000000 0.748754 1
-0.005690 0.865404 1
0.052632 0.909272 1
0.119488 0.952143 1
0.342817 0.996012 1
0.627312 1.000000 1
0.826458 0.957129 1
0.992888 0.852443 1
 
52
5
0.002874 0.005015 0
0.494253 -0.010030 0
0.505747 0.990973 1
-0.002874 1.000000 0
1.000000 0.995988 1

53
13
0.000000 0.000994 0
0.002845 0.986084 0
0.002845 0.320080 1
0.058321 0.151093 1
0.132290 0.094433 1
0.200569 0.051690 1
0.405405 0.012922 1
0.578947 0.000000 1
0.763869 0.055666 1
0.837838 0.099404 1
0.913229 0.142147 1
0.987198 0.281312 1
1.000000 1.000000 1

54
4
0.000000 0.000992 0
0.000000 1.000000 0
0.498141 0.001984 1
1.000000 0.991071 1

55
6
0.000000 0.004921 0
0.002002 0.991142 0
0.250250 0.013780 1
0.502502 1.000000 1
0.751752 0.009843 1
1.000000 0.996063 1

56
4
0.000000 0.001003 0
1.000000 1.000000 1
0.000000 0.994985 0
1.000000 0.004012 1

57
6
0.002497 0.001001 0
0.000000 1.000000 0
0.499376 0.529530 1
1.000000 0.994995 1
0.505618 0.520521 0
0.505618 0.010010 1

58
5
0.008721 0.005035 0
-0.008721 0.994965 0
1.000000 1.000000 1
0.000000 0.000000 1
1.000000 -0.006042 1
50
11
0.000000 0.000000 0
0.000000 0.979940 1
0.638766 1.000000 1
0.928047 0.920763 1
1.000000 0.801405 1
1.000000 0.652959 1
0.913363 0.553661 1
0.740088 0.514544 1
0.000000 0.504514 1
0.493391 0.504514 0
0.970631 0.010030 1
49
17
0.000000 0.000000 0
0.000000 0.339233 0
0.000000 0.572272 1
0.120732 0.834808 1
0.337804 0.990167 1
0.614634 1.000000 1
0.842683 0.854474 1
0.987805 0.640118 1
1.000000 0.358899 1
0.891464 0.155359 1
0.710976 0.038348 1
0.614634 -0.009833 1
0.350000 -0.019666 1
0.132927 0.155359 1
-0.010975 0.349066 1
0.553658 0.193707 0
0.939024 -0.262537 1 
-1
