PartNumber	Code	D(in)	Bf(in)	Tw(in)	Tf(in)	R1(in)	R2(in)	SLOPE(deg)	Sx(in)	Sy(in)	A(in2)	P(lb_ft)	L(in)	vxm(in)	vxp(in)	vym(in)	vyp(in)	Ix(in4)	Vx(in3)	Gx(in)	Iy(in4)	Vy(in3)	Gy(in)	J(in4)	Ax(in2)	Ay(in2)	Alpha(deg)
WT18x179.5	40	18.7	16.73	1.12	2.01	1.125	0	0	0	0	52.86	179.74	69.89	8.37	8.37	4.32	14.38	1497.92	104.20	5.32	786.67	94.04	3.86	59.47	22.42	13.96	0.00
WT18x164	40	18.54	16.63	1.02	1.85	1.125	0	0	0	0	48.33	164.33	69.37	8.32	8.32	4.20	14.34	1348.18	94.04	5.28	710.85	85.49	3.84	45.92	20.51	12.61	0.00
WT18x150	40	18.37	16.655	0.945	1.68	1.125	0	0	0	0	44.30	150.61	69.08	8.33	8.33	4.12	14.25	1226.30	86.08	5.26	648.27	77.85	3.83	34.74	18.65	11.57	0.00
WT18x140	40	18.26	16.595	0.885	1.57	1.125	0	0	0	0	41.37	140.65	68.74	8.30	8.30	4.06	14.20	1136.77	80.05	5.24	599.18	72.21	3.81	28.29	17.37	10.77	0.00
WT18x130	40	18.13	16.55	0.84	1.44	1.125	0	0	0	0	38.39	130.54	68.39	8.28	8.28	4.04	14.09	1057.98	75.11	5.25	545.06	65.87	3.77	22.14	15.89	10.15	0.00
WT18x122.5	40	18.04	16.51	0.8	1.35	1.125	0	0	0	0	36.18	123.02	68.13	8.26	8.26	4.02	14.02	995.92	71.02	5.25	507.25	61.45	3.74	18.36	14.86	9.62	0.00
WT18x115	40	17.95	16.47	0.76	1.26	1.125	0	0	0	0	33.98	115.53	67.87	8.24	8.24	3.99	13.96	934.75	66.98	5.24	469.96	57.07	3.72	15.04	13.83	9.09	0.00
WT18x128	40	18.71	12.215	0.96	1.73	1.063	0	0	0	0	37.92	128.92	60.94	6.11	6.11	4.90	13.81	1206.52	87.37	5.64	264.27	43.27	2.64	29.22	14.09	11.97	0.00
WT18x116	40	18.56	12.12	0.87	1.57	1.063	0	0	0	0	34.29	116.60	60.45	6.06	6.06	4.80	13.76	1080.32	78.51	5.61	234.10	38.63	2.61	21.69	12.69	10.76	0.00
WT18x105	40	18.345	12.18	0.83	1.36	0.938	0	0	0	0	31.04	105.54	60.24	6.09	6.09	4.86	13.49	986.38	73.13	5.64	205.75	33.79	2.57	15.06	11.04	10.15	0.00
WT18x97	40	18.245	12.115	0.765	1.26	0.938	0	0	0	0	28.64	97.36	59.91	6.06	6.06	4.78	13.46	902.72	67.04	5.61	187.48	30.95	2.56	11.89	10.18	9.30	0.00
WT18x91	40	18.165	12.075	0.725	1.18	0.938	0	0	0	0	26.94	91.60	59.67	6.04	6.04	4.75	13.41	846.93	63.15	5.61	173.80	28.79	2.54	9.82	9.50	8.78	0.00
WT18x85	40	18.085	12.03	0.68	1.1	0.875	0	0	0	0	25.11	85.38	59.48	6.02	6.02	4.72	13.37	787.18	58.89	5.60	160.14	26.62	2.53	7.97	8.82	8.20	0.00
WT18x80	40	18.005	12	0.65	1.02	0.938	0	0	0	0	23.66	80.44	59.20	6.00	6.00	4.72	13.28	741.61	55.83	5.60	147.39	24.56	2.50	6.50	8.16	7.80	0.00
WT18x75	40	17.925	11.975	0.625	0.94	0.875	0	0	0	0	22.20	75.48	59.05	5.99	5.99	4.77	13.16	699.29	53.14	5.61	134.95	22.54	2.47	5.26	7.50	7.47	0.00
WT18x67.5	40	17.775	11.95	0.6	0.79	0.875	0	0	0	0	19.96	67.86	58.70	5.98	5.98	4.94	12.83	637.83	49.70	5.65	112.74	18.87	2.38	3.57	6.29	7.11	0.00
WT16.5x177	40	17.775	16.1	1.16	2.09	0.813	0	0	0	0	52.13	177.23	67.05	8.05	8.05	4.15	13.62	1319.06	96.84	5.03	729.06	90.57	3.74	64.01	22.43	13.75	0.00
WT16.5x159	40	17.58	15.985	1.04	1.89	0.813	0	0	0	0	46.81	159.16	66.43	7.99	7.99	4.02	13.56	1163.45	85.77	4.99	644.92	80.69	3.71	46.88	20.14	12.19	0.00
WT16.5x145.5	40	17.42	15.905	0.96	1.73	0.813	0	0	0	0	42.86	145.73	65.95	7.95	7.95	3.93	13.49	1055.49	78.26	4.96	581.34	73.10	3.68	35.93	18.34	11.15	0.00
WT16.5x131.5	40	17.265	15.805	0.87	1.57	0.813	0	0	0	0	38.75	131.76	65.44	7.90	7.90	3.83	13.43	943.00	70.21	4.93	517.51	65.49	3.65	26.69	16.54	10.01	0.00
WT16.5x120.5	40	17.09	15.86	0.83	1.4	0.813	0	0	0	0	35.51	120.74	65.20	7.93	7.93	3.84	13.25	871.60	65.79	4.95	466.29	58.80	3.62	19.60	14.80	9.46	0.00
WT16.5x110.5	40	16.965	15.805	0.775	1.275	0.813	0	0	0	0	32.59	110.82	64.84	7.90	7.90	3.81	13.16	799.44	60.77	4.95	420.19	53.17	3.59	14.96	13.43	8.77	0.00
WT16.5x100.5	40	16.84	15.745	0.715	1.15	0.813	0	0	0	0	29.61	100.67	64.47	7.87	7.87	3.77	13.07	724.93	55.48	4.95	374.63	47.59	3.56	11.08	12.07	8.03	0.00
WT16.5x84.5	40	16.91	11.5	0.67	1.22	0.813	0	0	0	0	24.83	84.41	56.12	5.75	5.75	4.20	12.71	649.25	51.08	5.11	155.10	26.97	2.50	9.56	9.35	7.55	0.00
WT16.5x76	40	16.745	11.565	0.635	1.055	0.813	0	0	0	0	22.45	76.32	55.92	5.78	5.78	4.25	12.49	592.60	47.44	5.14	136.40	23.59	2.47	6.57	8.13	7.09	0.00
WT16.5x70.5	40	16.65	11.535	0.605	0.96	0.813	0	0	0	0	20.85	70.89	55.67	5.77	5.77	4.28	12.37	552.65	44.67	5.15	123.15	21.35	2.43	5.11	7.38	6.72	0.00
WT16.5x65	40	16.545	11.51	0.58	0.855	0.813	0	0	0	0	19.22	65.36	55.41	5.76	5.76	4.35	12.19	514.02	42.16	5.17	108.97	18.93	2.38	3.83	6.56	6.40	0.00
WT16.5x59	40	16.43	11.48	0.55	0.74	0.813	0	0	0	0	17.41	59.19	55.12	5.74	5.74	4.45	11.98	469.92	39.23	5.20	93.58	16.30	2.32	2.71	5.66	6.02	0.00
WT15x117.5	40	15.65	15.055	0.83	1.5	0.75	0	0	0	0	34.57	117.53	60.77	7.53	7.53	3.41	12.24	674.03	55.09	4.42	427.29	56.76	3.52	21.99	15.06	8.66	0.00
WT15x105.5	40	15.47	15.105	0.775	1.315	0.813	0	0	0	0	31.12	105.80	60.45	7.55	7.55	3.39	12.08	609.89	50.50	4.43	378.31	50.09	3.49	15.28	13.24	7.99	0.00
WT15x95.5	40	15.34	15.04	0.71	1.185	0.75	0	0	0	0	28.11	95.59	60.12	7.52	7.52	3.34	12.00	548.91	45.75	4.42	336.45	44.74	3.46	11.23	11.88	7.26	0.00
WT15x86.5	40	15.22	14.985	0.655	1.065	0.813	0	0	0	0	25.51	86.75	59.71	7.49	7.49	3.31	11.91	497.16	41.73	4.41	299.05	39.91	3.42	8.24	10.64	6.65	0.00
WT15x74	40	15.335	10.48	0.65	1.18	0.75	0	0	0	0	21.81	74.15	50.99	5.24	5.24	3.83	11.50	466.73	40.58	4.63	113.57	21.67	2.28	7.88	8.24	6.65	0.00
WT15x66	40	15.155	10.545	0.615	1	0.75	0	0	0	0	19.49	66.27	50.76	5.27	5.27	3.89	11.26	421.86	37.46	4.65	98.05	18.60	2.24	5.17	7.03	6.21	0.00
WT15x62	40	15.085	10.515	0.585	0.93	0.75	0	0	0	0	18.30	62.22	50.56	5.26	5.26	3.89	11.20	395.96	35.36	4.65	90.39	17.19	2.22	4.22	6.52	5.88	0.00
WT15x58	40	15.005	10.495	0.565	0.85	0.75	0	0	0	0	17.16	58.34	50.36	5.25	5.25	3.93	11.08	373.52	33.73	4.67	82.15	15.65	2.19	3.36	5.95	5.65	0.00
WT15x54	40	14.915	10.475	0.545	0.76	0.75	0	0	0	0	15.92	54.12	50.14	5.24	5.24	4.00	10.91	349.41	32.02	4.69	73.04	13.94	2.14	2.57	5.31	5.42	0.00
WT15x49.5	40	14.825	10.45	0.52	0.67	0.75	0	0	0	0	14.60	49.65	49.91	5.23	5.23	4.08	10.75	322.91	30.05	4.70	63.93	12.24	2.09	1.92	4.67	5.14	0.00
WT13.5x108.5	40	14.215	14.115	0.83	1.5	0.688	0	0	0	0	31.93	108.56	56.07	7.06	7.06	3.10	11.11	502.37	45.22	3.97	352.20	49.90	3.32	20.50	14.12	7.87	0.00
WT13.5x97	40	14.055	14.035	0.75	1.34	0.688	0	0	0	0	28.55	97.06	55.59	7.02	7.02	3.02	11.03	444.27	40.27	3.95	309.22	44.06	3.29	14.61	12.54	7.03	0.00
WT13.5x89	40	13.905	14.085	0.725	1.19	0.688	0	0	0	0	26.18	89.02	55.39	7.04	7.04	3.05	10.86	414.25	38.16	3.98	277.56	39.41	3.26	10.67	11.17	6.72	0.00
WT13.5x80.5	40	13.795	14.02	0.66	1.08	0.688	0	0	0	0	23.74	80.70	55.04	7.01	7.01	2.98	10.81	372.04	34.41	3.96	248.38	35.43	3.23	7.96	10.09	6.07	0.00
WT13.5x73	40	13.69	13.965	0.605	0.975	0.688	0	0	0	0	21.51	73.14	54.72	6.98	6.98	2.94	10.75	335.70	31.23	3.95	221.56	31.73	3.21	5.88	9.08	5.52	0.00
WT13.5x64.5	40	13.815	10.01	0.61	1.1	0.688	0	0	0	0	18.97	64.50	47.06	5.01	5.01	3.38	10.43	323.67	31.02	4.13	92.23	18.43	2.20	6.05	7.34	5.62	0.00
WT13.5x57	40	13.645	10.07	0.57	0.93	0.688	0	0	0	0	16.82	57.17	46.84	5.04	5.04	3.41	10.23	289.61	28.30	4.15	79.38	15.77	2.17	3.90	6.24	5.19	0.00
WT13.5x51	40	13.545	10.015	0.515	0.83	0.75	0	0	0	0	15.10	51.35	46.48	5.01	5.01	3.36	10.18	258.08	25.34	4.13	69.67	13.91	2.15	2.79	5.54	4.65	0.00
WT13.5x47	40	13.46	9.99	0.49	0.745	0.688	0	0	0	0	13.88	47.18	46.31	5.00	5.00	3.40	10.06	239.18	23.78	4.15	62.06	12.42	2.11	2.10	4.96	4.40	0.00
WT13.5x42	40	13.355	9.96	0.46	0.64	0.75	0	0	0	0	12.46	42.38	45.99	4.98	4.98	3.46	9.89	216.76	21.91	4.17	52.84	10.61	2.06	1.44	4.25	4.10	0.00
WT12x88	40	12.625	12.89	0.75	1.34	0.75	0	0	0	0	25.98	88.32	50.39	6.45	6.45	2.73	9.89	319.13	32.27	3.50	239.63	37.18	3.04	13.36	11.52	6.31	0.00
WT12x81	40	12.5	12.955	0.705	1.22	0.75	0	0	0	0	24.00	81.60	50.27	6.48	6.48	2.69	9.81	293.36	29.90	3.50	221.45	34.19	3.04	10.26	10.54	5.88	0.00
WT12x73	40	12.37	12.9	0.65	1.09	0.813	0	0	0	0	21.68	73.70	49.84	6.45	6.45	2.65	9.72	264.04	27.15	3.49	195.33	30.28	3.00	7.39	9.37	5.36	0.00
WT12x65.5	40	12.24	12.855	0.605	0.96	0.813	0	0	0	0	19.45	66.13	49.49	6.43	6.43	2.64	9.60	238.55	24.84	3.50	170.23	26.48	2.96	5.18	8.23	4.94	0.00
WT12x58.5	40	12.13	12.8	0.55	0.85	0.75	0	0	0	0	17.33	58.91	49.22	6.40	6.40	2.61	9.52	212.39	22.30	3.50	148.76	23.24	2.93	3.64	7.25	4.45	0.00
WT12x52	40	12.03	12.75	0.5	0.75	0.75	0	0	0	0	15.44	52.51	48.92	6.38	6.38	2.58	9.45	189.29	20.03	3.50	129.71	20.35	2.90	2.53	6.38	4.01	0.00
WT12x51.5	40	12.26	9	0.55	0.98	0.75	0	0	0	0	15.27	51.90	41.88	4.50	4.50	2.99	9.27	204.19	22.03	3.66	59.74	13.28	1.98	3.86	5.88	4.50	0.00
WT12x47	40	12.155	9.065	0.515	0.875	0.75	0	0	0	0	13.98	47.54	41.80	4.53	4.53	2.97	9.18	186.88	20.35	3.66	54.49	12.02	1.97	2.84	5.29	4.17	0.00
WT12x42	40	12.05	9.02	0.47	0.77	0.813	0	0	0	0	12.53	42.60	41.44	4.51	4.51	2.95	9.10	166.86	18.33	3.65	47.24	10.48	1.94	1.97	4.63	3.78	0.00
WT12x38	40	11.96	8.99	0.44	0.68	0.75	0	0	0	0	11.32	38.48	41.26	4.50	4.50	2.97	8.99	151.94	16.91	3.66	41.29	9.19	1.91	1.41	4.08	3.51	0.00
WT12x34	40	11.865	8.965	0.415	0.585	0.813	0	0	0	0	10.21	34.71	40.96	4.48	4.48	3.03	8.84	138.33	15.65	3.68	35.24	7.86	1.86	0.97	3.50	3.28	0.00
WT12x31	40	11.87	7.04	0.43	0.59	0.813	0	0	0	0	9.29	31.58	37.12	3.52	3.52	3.41	8.46	132.41	15.65	3.78	17.28	4.91	1.36	0.87	2.77	3.40	0.00
WT12x27.5	40	11.785	7.005	0.395	0.505	0.813	0	0	0	0	8.28	28.14	36.88	3.50	3.50	3.44	8.35	118.02	14.14	3.78	14.57	4.16	1.33	0.60	2.36	3.10	0.00
WT10.5x83	40	11.24	12.42	0.75	1.36	0.75	0	0	0	0	24.54	83.44	46.68	6.21	6.21	2.39	8.85	225.74	25.49	3.03	217.55	35.03	2.98	13.22	11.26	5.62	0.00
WT10.5x73.5	40	11.03	12.51	0.72	1.15	0.75	0	0	0	0	21.74	73.92	46.44	6.26	6.26	2.39	8.64	204.51	23.66	3.07	188.00	30.06	2.94	8.48	9.59	5.29	0.00
WT10.5x66	40	10.915	12.44	0.65	1.035	0.75	0	0	0	0	19.54	66.43	46.07	6.22	6.22	2.32	8.60	181.32	21.10	3.05	166.33	26.74	2.92	6.16	8.58	4.73	0.00
WT10.5x61	40	10.84	12.39	0.6	0.96	0.75	0	0	0	0	18.06	61.42	45.82	6.20	6.20	2.27	8.57	165.68	19.33	3.03	152.40	24.60	2.90	4.89	7.93	4.34	0.00
WT10.5x55.5	40	10.755	12.34	0.55	0.875	0.75	0	0	0	0	16.47	56.01	45.55	6.17	6.17	2.22	8.53	149.77	17.55	3.02	137.21	22.24	2.89	3.70	7.20	3.94	0.00
WT10.5x50.5	40	10.68	12.29	0.5	0.8	0.75	0	0	0	0	15.01	51.05	45.30	6.15	6.15	2.17	8.51	134.83	15.84	3.00	123.91	20.16	2.87	2.81	6.55	3.56	0.00
WT10.5x46.5	40	10.81	8.42	0.58	0.93	0.75	0	0	0	0	13.80	46.93	37.82	4.21	4.21	2.72	8.09	144.50	17.86	3.24	46.48	11.04	1.84	3.25	5.22	4.18	0.00
WT10.5x41.5	40	10.715	8.355	0.515	0.835	0.75	0	0	0	0	12.31	41.84	37.50	4.18	4.18	2.64	8.07	126.92	15.73	3.21	40.74	9.75	1.82	2.32	4.65	3.68	0.00
WT10.5x36.5	40	10.62	8.295	0.455	0.74	0.75	0	0	0	0	10.88	36.98	37.19	4.15	4.15	2.58	8.04	110.71	13.76	3.19	35.32	8.52	1.80	1.60	4.09	3.22	0.00
WT10.5x34	40	10.565	8.27	0.43	0.685	0.75	0	0	0	0	10.15	34.53	37.03	4.14	4.14	2.56	8.00	103.26	12.91	3.19	32.39	7.83	1.79	1.29	3.78	3.03	0.00
WT10.5x31	40	10.495	8.24	0.4	0.615	0.75	0	0	0	0	9.26	31.49	36.83	4.12	4.12	2.56	7.94	94.24	11.87	3.19	28.76	6.98	1.76	0.95	3.38	2.80	0.00
WT10.5x28.5	40	10.53	6.555	0.405	0.65	0.75	0	0	0	0	8.50	28.91	33.53	3.28	3.28	2.82	7.71	90.90	11.78	3.27	15.35	4.68	1.34	0.92	2.84	2.84	0.00
WT10.5x25	40	10.415	6.53	0.38	0.535	0.75	0	0	0	0	7.49	25.46	33.25	3.27	3.27	2.89	7.52	80.90	10.75	3.29	12.49	3.83	1.29	0.58	2.33	2.64	0.00
WT10.5x22	40	10.33	6.5	0.35	0.45	0.75	0	0	0	0	6.62	22.52	33.02	3.25	3.25	2.94	7.39	71.80	9.71	3.29	10.37	3.19	1.25	0.38	1.95	2.41	0.00
WT9x71.5	40	9.745	11.22	0.73	1.32	0.688	0	0	0	0	21.16	71.96	41.34	5.61	5.61	2.08	7.66	141.78	18.51	2.59	155.70	27.75	2.71	10.86	9.87	4.74	0.00
WT9x65	40	9.625	11.16	0.67	1.2	0.688	0	0	0	0	19.24	65.42	40.98	5.58	5.58	2.02	7.61	127.06	16.71	2.57	139.26	24.96	2.69	8.15	8.93	4.30	0.00
WT9x59.5	40	9.485	11.265	0.655	1.06	0.688	0	0	0	0	17.66	60.05	40.91	5.63	5.63	2.02	7.47	118.78	15.91	2.59	126.52	22.46	2.68	5.89	7.96	4.14	0.00
WT9x53	40	9.365	11.2	0.59	0.94	0.688	0	0	0	0	15.70	53.39	40.54	5.60	5.60	1.96	7.40	104.37	14.10	2.58	110.24	19.69	2.65	4.12	7.02	3.68	0.00
WT9x48.5	40	9.295	11.145	0.535	0.87	0.688	0	0	0	0	14.41	48.98	40.29	5.57	5.57	1.90	7.40	93.89	12.69	2.55	100.51	18.04	2.64	3.22	6.46	3.32	0.00
WT9x43	40	9.195	11.09	0.48	0.77	0.688	0	0	0	0	12.79	43.47	39.98	5.55	5.55	1.85	7.35	82.53	11.23	2.54	87.63	15.80	2.62	2.24	5.69	2.94	0.00
WT9x38	40	9.105	11.035	0.425	0.68	0.688	0	0	0	0	11.29	38.38	39.69	5.52	5.52	1.79	7.31	71.90	9.83	2.52	76.23	13.82	2.60	1.54	5.00	2.58	0.00
WT9x35.5	40	9.235	7.635	0.495	0.81	0.688	0	0	0	0	10.56	35.90	33.15	3.82	3.82	2.24	7.00	78.45	11.22	2.73	30.16	7.90	1.69	1.90	4.12	3.05	0.00
WT9x32.5	40	9.175	7.59	0.45	0.75	0.688	0	0	0	0	9.69	32.94	32.94	3.80	3.80	2.18	6.99	70.93	10.14	2.71	27.42	7.23	1.68	1.48	3.80	2.75	0.00
WT9x30	40	9.12	7.555	0.415	0.695	0.688	0	0	0	0	8.95	30.43	32.76	3.78	3.78	2.14	6.98	64.88	9.30	2.69	25.06	6.63	1.67	1.17	3.50	2.52	0.00
WT9x27.5	40	9.055	7.53	0.39	0.63	0.688	0	0	0	0	8.23	27.99	32.58	3.77	3.77	2.13	6.92	59.77	8.63	2.69	22.49	5.97	1.65	0.89	3.16	2.35	0.00
WT9x25	40	8.995	7.495	0.355	0.57	0.688	0	0	0	0	7.47	25.39	32.39	3.75	3.75	2.10	6.90	53.79	7.80	2.68	20.06	5.35	1.64	0.66	2.85	2.13	0.00
WT9x23	40	9.03	6.06	0.36	0.605	0.625	0	0	0	0	6.87	23.35	29.64	3.03	3.03	2.31	6.72	52.31	7.78	2.76	11.27	3.72	1.28	0.65	2.44	2.17	0.00
WT9x20	40	8.95	6.015	0.315	0.525	0.688	0	0	0	0	6.01	20.45	29.34	3.01	3.01	2.25	6.70	45.17	6.74	2.74	9.57	3.18	1.26	0.42	2.11	1.88	0.00
WT9x17.5	40	8.85	6	0.3	0.425	0.688	0	0	0	0	5.28	17.95	29.11	3.00	3.00	2.34	6.51	40.51	6.23	2.77	7.69	2.56	1.21	0.26	1.70	1.77	0.00
WT8x51	40	8.485	10.425	0.585	0.985	0.688	0	0	0	0	14.86	50.52	37.23	5.21	5.21	1.75	6.73	76.81	11.41	2.27	93.17	17.87	2.50	4.28	6.85	3.31	0.00
WT8x44.5	40	8.375	10.365	0.525	0.875	0.688	0	0	0	0	13.21	44.91	36.89	5.18	5.18	1.69	6.68	67.27	10.07	2.26	81.33	15.69	2.48	3.00	6.05	2.93	0.00
WT8x38.5	40	8.26	10.295	0.455	0.76	0.688	0	0	0	0	11.44	38.90	36.52	5.15	5.15	1.62	6.64	57.01	8.59	2.23	69.20	13.44	2.46	1.95	5.22	2.51	0.00
WT8x33.5	40	8.165	10.235	0.395	0.665	0.688	0	0	0	0	9.97	33.90	36.21	5.12	5.12	1.56	6.61	48.66	7.36	2.21	59.48	11.62	2.44	1.30	4.54	2.15	0.00
WT8x28.5	40	8.215	7.12	0.43	0.715	0.688	0	0	0	0	8.52	28.96	30.08	3.56	3.56	1.92	6.29	48.88	7.77	2.40	21.59	6.06	1.59	1.19	3.39	2.35	0.00
WT8x25	40	8.13	7.07	0.38	0.63	0.688	0	0	0	0	7.51	25.52	29.81	3.54	3.54	1.87	6.26	42.48	6.79	2.38	18.61	5.27	1.57	0.81	2.97	2.06	0.00
WT8x22.5	40	8.065	7.035	0.345	0.565	0.688	0	0	0	0	6.77	23.00	29.61	3.52	3.52	1.84	6.23	37.99	6.10	2.37	16.44	4.67	1.56	0.59	2.65	1.85	0.00
WT8x20	40	8.005	6.995	0.305	0.505	0.688	0	0	0	0	6.02	20.48	29.41	3.50	3.50	1.79	6.22	33.31	5.36	2.35	14.44	4.13	1.55	0.42	2.35	1.63	0.00
WT8x18	40	7.93	6.985	0.295	0.43	0.688	0	0	0	0	5.42	18.43	29.24	3.49	3.49	1.85	6.08	30.79	5.06	2.38	12.25	3.51	1.50	0.28	2.00	1.56	0.00
WT8x15.5	40	7.94	5.525	0.275	0.44	0.688	0	0	0	0	4.70	15.97	26.34	2.76	2.76	1.98	5.96	27.70	4.65	2.43	6.22	2.25	1.15	0.23	1.62	1.46	0.00
WT8x13	40	7.845	5.5	0.25	0.345	0.688	0	0	0	0	3.98	13.52	26.10	2.75	2.75	2.04	5.81	23.83	4.10	2.45	4.81	1.75	1.10	0.13	1.27	1.31	0.00
WT7x365	40	11.21	17.89	3.07	4.91	0.625	0	0	0	0	107.35	364.99	57.66	8.95	8.95	3.47	7.74	738.83	95.44	2.62	2358.44	263.66	4.69	858.64	58.56	22.94	0.00
WT7x332.5	40	10.82	17.65	2.83	4.52	0.625	0	0	0	0	97.77	332.43	56.40	8.83	8.83	3.25	7.57	621.63	82.12	2.52	2083.36	236.07	4.62	661.80	53.19	20.41	0.00
WT7x302.5	40	10.46	17.415	2.595	4.16	0.625	0	0	0	0	88.96	302.47	55.21	8.71	8.71	3.05	7.41	523.66	70.62	2.43	1840.50	211.37	4.55	509.16	48.30	18.10	0.00
WT7x275	40	10.12	17.2	2.38	3.82	0.625	0	0	0	0	80.87	274.94	54.10	8.60	8.60	2.85	7.27	442.27	60.86	2.34	1627.20	189.21	4.49	389.65	43.80	16.06	0.00
WT7x250	40	9.8	17.01	2.19	3.5	0.625	0	0	0	0	73.50	249.90	53.08	8.51	8.51	2.67	7.13	375.51	52.70	2.26	1441.26	169.46	4.43	296.98	39.69	14.31	0.00
WT7x227.5	40	9.51	16.835	2.015	3.21	0.625	0	0	0	0	66.90	227.47	52.15	8.42	8.42	2.51	7.00	320.94	45.86	2.19	1280.85	152.16	4.38	227.13	36.03	12.78	0.00
WT7x213	40	9.335	16.695	1.875	3.035	0.625	0	0	0	0	62.65	213.01	51.52	8.35	8.35	2.40	6.93	286.76	41.36	2.14	1180.55	141.43	4.34	189.75	33.78	11.67	0.00
WT7x199	40	9.145	16.59	1.77	2.845	0.625	0	0	0	0	58.52	198.96	50.93	8.30	8.30	2.30	6.85	257.39	37.59	2.10	1085.62	130.88	4.31	155.67	31.47	10.79	0.00
WT7x185	40	8.96	16.475	1.655	2.66	0.625	0	0	0	0	54.42	185.02	50.33	8.24	8.24	2.19	6.77	229.43	33.90	2.05	993.77	120.64	4.27	126.42	29.22	9.89	0.00
WT7x171	40	8.77	16.36	1.54	2.47	0.625	0	0	0	0	50.28	170.95	49.72	8.18	8.18	2.09	6.68	203.12	30.39	2.01	903.35	110.43	4.24	100.63	26.94	9.00	0.00
WT7x155.5	40	8.56	16.23	1.41	2.26	0.625	0	0	0	0	45.73	155.48	49.04	8.12	8.12	1.97	6.59	176.02	26.69	1.96	806.75	99.42	4.20	76.54	24.45	8.05	0.00
WT7x141.5	40	8.37	16.11	1.29	2.07	0.625	0	0	0	0	41.64	141.58	48.42	8.06	8.06	1.86	6.51	153.26	23.53	1.92	722.47	89.69	4.17	58.40	22.23	7.20	0.00
WT7x128.5	40	8.19	15.995	1.175	1.89	0.625	0	0	0	0	37.80	128.52	47.83	8.00	8.00	1.75	6.44	133.21	20.69	1.88	645.46	80.71	4.13	44.13	20.15	6.42	0.00
WT7x116.5	40	8.02	15.89	1.07	1.72	0.625	0	0	0	0	34.24	116.41	47.28	7.95	7.95	1.65	6.37	115.99	18.22	1.84	575.79	72.47	4.10	33.07	18.22	5.72	0.00
WT7x105.5	40	7.86	15.8	0.98	1.56	0.688	0	0	0	0	31.03	105.49	46.73	7.90	7.90	1.57	6.29	101.68	16.16	1.81	513.34	64.98	4.07	24.61	16.43	5.14	0.00
WT7x96.5	40	7.74	15.71	0.89	1.44	0.688	0	0	0	0	28.43	96.67	46.31	7.86	7.86	1.49	6.25	89.76	14.36	1.78	465.72	59.29	4.05	19.17	15.08	4.59	0.00
WT7x88	40	7.61	15.65	0.83	1.31	0.688	0	0	0	0	25.93	88.17	45.93	7.83	7.83	1.43	6.18	80.55	13.03	1.76	418.81	53.52	4.02	14.48	13.67	4.21	0.00
WT7x79.5	40	7.49	15.565	0.745	1.19	0.688	0	0	0	0	23.42	79.62	45.52	7.78	7.78	1.35	6.14	70.23	11.44	1.73	374.23	48.09	4.00	10.76	12.35	3.72	0.00
WT7x72.5	40	7.39	15.5	0.68	1.09	0.688	0	0	0	0	21.38	72.70	45.19	7.75	7.75	1.29	6.10	62.50	10.25	1.71	338.47	43.67	3.98	8.23	11.26	3.35	0.00
WT7x66	40	7.33	14.725	0.645	1.03	0.688	0	0	0	0	19.43	66.07	43.52	7.36	7.36	1.29	6.04	57.83	9.57	1.73	274.24	37.25	3.76	6.64	10.11	3.15	0.00
WT7x60	40	7.24	14.67	0.59	0.94	0.688	0	0	0	0	17.71	60.21	43.23	7.34	7.34	1.24	6.00	51.68	8.61	1.71	247.46	33.74	3.74	5.03	9.19	2.85	0.00
WT7x54.5	40	7.16	14.605	0.525	0.86	0.688	0	0	0	0	16.07	54.64	42.94	7.30	7.30	1.17	5.99	45.28	7.56	1.68	223.38	30.59	3.73	3.81	8.37	2.51	0.00
WT7x49.5	40	7.08	14.565	0.485	0.78	0.688	0	0	0	0	14.62	49.71	42.70	7.28	7.28	1.14	5.94	40.87	6.88	1.67	200.93	27.59	3.71	2.85	7.57	2.29	0.00
WT7x45	40	7.01	14.52	0.44	0.71	0.688	0	0	0	0	13.28	45.17	42.47	7.26	7.26	1.09	5.92	36.45	6.16	1.66	181.20	24.96	3.69	2.14	6.87	2.06	0.00
WT7x41	40	7.155	10.13	0.51	0.855	0.75	0	0	0	0	12.12	41.19	33.93	5.07	5.07	1.39	5.77	41.19	7.14	1.84	74.18	14.65	2.47	2.68	5.77	2.43	0.00
WT7x37	40	7.085	10.07	0.45	0.785	0.75	0	0	0	0	10.98	37.34	33.67	5.04	5.04	1.32	5.77	36.01	6.25	1.81	66.89	13.28	2.47	2.03	5.27	2.13	0.00
WT7x34	40	7.02	10.035	0.415	0.72	0.75	0	0	0	0	10.08	34.28	33.47	5.02	5.02	1.28	5.74	32.66	5.69	1.80	60.71	12.10	2.45	1.57	4.82	1.94	0.00
WT7x30.5	40	6.945	9.995	0.375	0.645	0.813	0	0	0	0	9.09	30.92	33.18	5.00	5.00	1.24	5.70	28.94	5.07	1.78	53.74	10.75	2.43	1.13	4.30	1.74	0.00
WT7x26.5	40	6.96	8.06	0.37	0.66	0.75	0	0	0	0	7.89	26.83	29.40	4.03	4.03	1.37	5.59	27.61	4.94	1.87	28.86	7.16	1.91	0.98	3.55	1.72	0.00
WT7x24	40	6.895	8.03	0.34	0.595	0.75	0	0	0	0	7.16	24.35	29.21	4.02	4.02	1.34	5.55	24.89	4.48	1.86	25.73	6.41	1.90	0.72	3.19	1.56	0.00
WT7x21.5	40	6.83	7.995	0.305	0.53	0.813	0	0	0	0	6.44	21.90	28.95	4.00	4.00	1.30	5.53	21.98	3.98	1.85	22.62	5.66	1.87	0.51	2.82	1.39	0.00
WT7x19	40	7.05	6.77	0.31	0.515	0.563	0	0	0	0	5.65	19.20	27.16	3.39	3.39	1.53	5.52	23.32	4.23	2.03	13.35	3.94	1.54	0.42	2.32	1.46	0.00
WT7x17	40	6.99	6.745	0.285	0.455	0.563	0	0	0	0	5.07	17.23	26.99	3.37	3.37	1.52	5.47	20.96	3.83	2.03	11.66	3.46	1.52	0.29	2.05	1.33	0.00
WT7x15	40	6.92	6.73	0.27	0.385	0.563	0	0	0	0	4.49	15.27	26.82	3.37	3.37	1.56	5.36	19.03	3.55	2.06	9.80	2.91	1.48	0.19	1.73	1.25	0.00
WT7x13	40	6.955	5.025	0.255	0.42	0.5	0	0	0	0	3.88	13.21	23.53	2.51	2.51	1.71	5.24	17.38	3.31	2.12	4.46	1.77	1.07	0.18	1.41	1.18	0.00
WT7x11	40	6.87	5	0.23	0.335	0.563	0	0	0	0	3.31	11.27	23.26	2.50	2.50	1.74	5.13	14.94	2.91	2.12	3.51	1.40	1.03	0.10	1.12	1.05	0.00
WT6x168	40	8.41	13.385	1.775	2.955	0.75	0	0	0	0	49.48	168.22	42.95	6.69	6.69	2.31	6.10	190.50	31.22	1.96	593.33	88.66	3.46	140.33	26.37	9.95	0.00
WT6x152.5	40	8.16	13.235	1.625	2.705	0.75	0	0	0	0	44.91	152.68	42.15	6.62	6.62	2.17	5.99	162.21	27.06	1.90	524.77	79.30	3.42	106.54	23.87	8.84	0.00
WT6x139.5	40	7.925	13.14	1.53	2.47	0.688	0	0	0	0	41.01	139.42	41.54	6.57	6.57	2.05	5.88	141.51	24.08	1.86	468.79	71.35	3.38	81.22	21.64	8.08	0.00
WT6x126	40	7.705	13.005	1.395	2.25	0.688	0	0	0	0	37.07	126.05	40.83	6.50	6.50	1.92	5.78	120.90	20.91	1.81	413.80	63.64	3.34	60.83	19.51	7.17	0.00
WT6x115	40	7.525	12.895	1.285	2.07	0.688	0	0	0	0	33.91	115.28	40.25	6.45	6.45	1.82	5.71	105.54	18.50	1.76	370.97	57.54	3.31	47.02	17.80	6.45	0.00
WT6x105	40	7.355	12.79	1.18	1.9	0.75	0	0	0	0	30.98	105.33	39.65	6.40	6.40	1.72	5.63	92.13	16.36	1.72	332.16	51.94	3.27	36.10	16.20	5.79	0.00
WT6x95	40	7.19	12.67	1.06	1.735	0.688	0	0	0	0	27.97	95.09	39.13	6.34	6.34	1.62	5.57	79.04	14.19	1.68	294.71	46.52	3.25	27.13	14.65	5.08	0.00
WT6x85	40	7.015	12.57	0.96	1.56	0.688	0	0	0	0	25.05	85.17	38.58	6.29	6.29	1.52	5.49	67.82	12.34	1.65	258.68	41.16	3.21	19.62	13.07	4.49	0.00
WT6x76	40	6.855	12.48	0.87	1.4	0.688	0	0	0	0	22.42	76.23	38.08	6.24	6.24	1.43	5.42	58.47	10.78	1.61	227.15	36.40	3.18	14.13	11.65	3.98	0.00
WT6x68	40	6.705	12.4	0.79	1.25	0.688	0	0	0	0	20.01	68.04	37.62	6.20	6.20	1.35	5.35	50.61	9.46	1.59	198.90	32.08	3.15	10.05	10.33	3.53	0.00
WT6x60	40	6.56	12.32	0.71	1.105	0.688	0	0	0	0	17.69	60.15	37.17	6.16	6.16	1.28	5.28	43.43	8.22	1.57	172.41	27.99	3.12	6.93	9.08	3.11	0.00
WT6x53	40	6.445	12.22	0.61	0.99	0.688	0	0	0	0	15.63	53.14	36.74	6.11	6.11	1.19	5.26	36.34	6.92	1.52	150.69	24.66	3.11	4.89	8.07	2.62	0.00
WT6x48	40	6.355	12.16	0.55	0.9	0.75	0	0	0	0	14.19	48.23	36.39	6.08	6.08	1.13	5.22	31.96	6.12	1.50	134.98	22.20	3.08	3.65	7.30	2.33	0.00
WT6x43.5	40	6.265	12.125	0.515	0.81	0.688	0	0	0	0	12.83	43.63	36.19	6.06	6.06	1.10	5.17	28.95	5.60	1.50	120.42	19.86	3.06	2.68	6.55	2.15	0.00
WT6x39.5	40	6.19	12.08	0.47	0.735	0.688	0	0	0	0	11.65	39.60	35.95	6.04	6.04	1.06	5.13	25.82	5.03	1.49	108.05	17.89	3.05	2.00	5.92	1.94	0.00
WT6x36	40	6.125	12.04	0.43	0.67	0.688	0	0	0	0	10.62	36.09	35.74	6.02	6.02	1.02	5.10	23.17	4.54	1.48	97.52	16.20	3.03	1.51	5.38	1.76	0.00
WT6x32.5	40	6.06	12	0.39	0.605	0.688	0	0	0	0	9.59	32.61	35.53	6.00	6.00	0.98	5.08	20.62	4.06	1.47	87.18	14.53	3.01	1.11	4.84	1.58	0.00
WT6x29	40	6.095	10.01	0.36	0.64	0.75	0	0	0	0	8.61	29.28	31.57	5.01	5.01	1.03	5.07	19.06	3.76	1.49	53.55	10.70	2.49	1.07	4.27	1.46	0.00
WT6x26.5	40	6.03	9.995	0.345	0.575	0.688	0	0	0	0	7.83	26.63	31.46	5.00	5.00	1.02	5.01	17.73	3.54	1.50	47.89	9.58	2.47	0.79	3.83	1.39	0.00
WT6x25	40	6.095	8.08	0.37	0.64	0.75	0	0	0	0	7.43	25.27	27.71	4.04	4.04	1.16	4.93	18.70	3.79	1.59	28.19	6.98	1.95	0.89	3.45	1.50	0.00
WT6x22.5	40	6.03	8.045	0.335	0.575	0.688	0	0	0	0	6.66	22.63	27.56	4.02	4.02	1.13	4.90	16.60	3.39	1.58	24.99	6.21	1.94	0.65	3.08	1.35	0.00
WT6x20	40	5.97	8.005	0.295	0.515	0.75	0	0	0	0	5.97	20.31	27.31	4.00	4.00	1.08	4.89	14.44	2.95	1.55	22.05	5.51	1.92	0.46	2.75	1.17	0.00
WT6x17.5	40	6.25	6.56	0.3	0.52	0.5	0	0	0	0	5.24	17.81	25.19	3.28	3.28	1.29	4.96	15.99	3.23	1.75	12.25	3.74	1.53	0.40	2.27	1.25	0.00
WT6x15	40	6.17	6.52	0.26	0.44	0.5	0	0	0	0	4.47	15.18	24.95	3.26	3.26	1.26	4.91	13.51	2.75	1.74	10.18	3.12	1.51	0.24	1.91	1.07	0.00
WT6x13	40	6.11	6.49	0.23	0.38	0.5	0	0	0	0	3.89	13.23	24.77	3.25	3.25	1.23	4.88	11.71	2.40	1.73	8.67	2.67	1.49	0.16	1.64	0.94	0.00
WT6x11	40	6.155	4.03	0.26	0.425	0.438	0	0	0	0	3.28	11.17	19.99	2.02	2.02	1.62	4.54	11.75	2.59	1.89	2.33	1.16	0.84	0.15	1.14	1.07	0.00
WT6x9.5	40	6.08	4.005	0.235	0.35	0.438	0	0	0	0	2.83	9.62	19.79	2.00	2.00	1.63	4.45	10.16	2.28	1.89	1.88	0.94	0.82	0.09	0.93	0.95	0.00
WT6x8	40	5.995	3.99	0.22	0.265	0.5	0	0	0	0	2.43	8.25	19.54	2.00	2.00	1.70	4.29	8.82	2.05	1.91	1.41	0.71	0.76	0.05	0.70	0.88	0.00
WT6x7	40	5.955	3.97	0.2	0.225	0.438	0	0	0	0	2.12	7.21	19.47	1.99	1.99	1.73	4.23	7.76	1.84	1.91	1.18	0.59	0.75	0.03	0.60	0.79	0.00
WT5x56	40	5.68	10.415	0.755	1.25	0.625	0	0	0	0	16.53	56.21	31.65	5.21	5.21	1.21	4.47	28.64	6.40	1.32	117.89	22.64	2.67	8.31	8.68	2.86	0.00
WT5x50	40	5.55	10.34	0.68	1.12	0.625	0	0	0	0	14.76	50.19	31.24	5.17	5.17	1.13	4.42	24.55	5.56	1.29	103.34	19.99	2.65	5.94	7.72	2.52	0.00
WT5x44	40	5.42	10.265	0.605	0.99	0.625	0	0	0	0	13.01	44.23	30.83	5.13	5.13	1.06	4.36	20.79	4.77	1.26	89.35	17.41	2.62	4.08	6.77	2.19	0.00
WT5x38.5	40	5.3	10.19	0.53	0.87	0.625	0	0	0	0	11.38	38.69	30.44	5.10	5.10	0.99	4.31	17.44	4.05	1.24	76.80	15.07	2.60	2.75	5.91	1.87	0.00
WT5x34	40	5.2	10.13	0.47	0.77	0.625	0	0	0	0	10.05	34.17	30.12	5.07	5.07	0.93	4.27	14.90	3.49	1.22	66.77	13.18	2.58	1.90	5.20	1.63	0.00
WT5x30	40	5.11	10.08	0.42	0.68	0.625	0	0	0	0	8.88	30.20	29.84	5.04	5.04	0.88	4.23	12.86	3.04	1.20	58.09	11.53	2.56	1.31	4.57	1.43	0.00
WT5x27	40	5.045	10.03	0.37	0.615	0.625	0	0	0	0	7.98	27.12	29.61	5.02	5.02	0.84	4.21	11.12	2.64	1.18	51.75	10.32	2.55	0.95	4.11	1.24	0.00
WT5x24.5	40	4.99	10	0.34	0.56	0.625	0	0	0	0	7.27	24.73	29.44	5.00	5.00	0.81	4.18	10.00	2.39	1.17	46.70	9.34	2.53	0.72	3.73	1.13	0.00
WT5x22.5	40	5.05	8.02	0.35	0.62	0.625	0	0	0	0	6.69	22.75	25.60	4.01	4.01	0.91	4.14	10.24	2.47	1.24	26.69	6.66	2.00	0.78	3.31	1.18	0.00
WT5x19.5	40	4.96	7.985	0.315	0.53	0.625	0	0	0	0	5.80	19.70	25.35	3.99	3.99	0.87	4.09	8.85	2.16	1.24	22.52	5.64	1.97	0.50	2.82	1.04	0.00
WT5x16.5	40	4.865	7.96	0.29	0.435	0.625	0	0	0	0	4.91	16.71	25.11	3.98	3.98	0.87	4.00	7.72	1.93	1.25	18.31	4.60	1.93	0.28	2.31	0.94	0.00
WT5x15	40	5.235	5.81	0.3	0.51	0.438	0	0	0	0	4.46	15.17	21.71	2.91	2.91	1.09	4.14	9.29	2.24	1.44	8.35	2.87	1.37	0.34	1.98	1.05	0.00
WT5x13	40	5.165	5.77	0.26	0.44	0.438	0	0	0	0	3.85	13.09	21.49	2.89	2.89	1.05	4.11	7.87	1.91	1.43	7.06	2.45	1.35	0.21	1.69	0.90	0.00
WT5x11	40	5.085	5.75	0.24	0.36	0.375	0	0	0	0	3.26	11.10	21.35	2.88	2.88	1.07	4.02	6.89	1.72	1.45	5.71	1.99	1.32	0.12	1.38	0.81	0.00
WT5x9.5	40	5.12	4.02	0.25	0.395	0.438	0	0	0	0	2.85	9.70	17.90	2.01	2.01	1.27	3.85	6.71	1.74	1.53	2.15	1.07	0.87	0.12	1.06	0.85	0.00
WT5x8.5	40	5.055	4.01	0.24	0.33	0.438	0	0	0	0	2.54	8.63	17.75	2.01	2.01	1.30	3.75	6.09	1.62	1.55	1.78	0.89	0.84	0.08	0.88	0.81	0.00
WT5x7.5	40	4.995	4	0.23	0.27	0.438	0	0	0	0	2.25	7.65	17.61	2.00	2.00	1.35	3.64	5.49	1.51	1.56	1.45	0.72	0.80	0.05	0.72	0.77	0.00
WT5x6	40	4.935	3.96	0.19	0.21	0.438	0	0	0	0	1.81	6.16	17.41	1.98	1.98	1.34	3.60	4.39	1.22	1.56	1.09	0.55	0.78	0.03	0.55	0.63	0.00
WT4x33.5	40	4.5	8.28	0.57	0.935	0.5	0	0	0	0	9.88	33.60	25.13	4.14	4.14	0.94	3.56	10.87	3.05	1.05	44.30	10.70	2.12	2.77	5.16	1.71	0.00
WT4x29	40	4.375	8.22	0.51	0.81	0.5	0	0	0	0	8.58	29.18	24.76	4.11	4.11	0.87	3.50	9.12	2.61	1.03	37.55	9.14	2.09	1.81	4.44	1.49	0.00
WT4x24	40	4.25	8.11	0.4	0.685	0.5	0	0	0	0	7.09	24.10	24.29	4.06	4.06	0.78	3.47	6.85	1.97	0.98	30.48	7.52	2.07	1.06	3.70	1.13	0.00
WT4x20	40	4.125	8.07	0.36	0.56	0.5	0	0	0	0	5.91	20.09	23.96	4.04	4.04	0.74	3.39	5.73	1.69	0.98	24.55	6.08	2.04	0.59	3.01	0.99	0.00
WT4x17.5	40	4.06	8.02	0.31	0.495	0.5	0	0	0	0	5.18	17.62	23.73	4.01	4.01	0.69	3.37	4.82	1.43	0.96	21.30	5.31	2.03	0.40	2.65	0.84	0.00
WT4x15.5	40	4	7.995	0.285	0.435	0.5	0	0	0	0	4.60	15.64	23.56	4.00	4.00	0.67	3.33	4.28	1.28	0.96	18.54	4.64	2.01	0.28	2.32	0.76	0.00
WT4x14	40	4.03	6.535	0.285	0.465	0.5	0	0	0	0	4.16	14.15	20.70	3.27	3.27	0.73	3.30	4.23	1.28	1.01	10.83	3.31	1.61	0.28	2.03	0.77	0.00
WT4x12	40	3.965	6.495	0.245	0.4	0.5	0	0	0	0	3.58	12.17	20.49	3.25	3.25	0.69	3.27	3.53	1.08	0.99	9.14	2.82	1.60	0.17	1.73	0.65	0.00
WT4x10.5	40	4.14	5.27	0.25	0.4	0.438	0	0	0	0	3.13	10.63	18.44	2.64	2.64	0.83	3.31	3.90	1.18	1.12	4.89	1.86	1.25	0.15	1.41	0.69	0.00
WT4x9	40	4.07	5.25	0.23	0.33	0.438	0	0	0	0	2.68	9.10	18.26	2.63	2.63	0.83	3.24	3.41	1.05	1.13	3.99	1.52	1.22	0.09	1.16	0.62	0.00
WT4x7.5	40	4.055	4.015	0.245	0.315	0.438	0	0	0	0	2.26	7.70	15.76	2.01	2.01	0.99	3.07	3.29	1.07	1.21	1.71	0.85	0.87	0.07	0.84	0.66	0.00
WT4x6.5	40	3.995	4	0.23	0.255	0.438	0	0	0	0	1.96	6.67	15.61	2.00	2.00	1.01	2.98	2.91	0.98	1.22	1.37	0.68	0.83	0.04	0.68	0.61	0.00
WT4x5	40	3.945	3.94	0.17	0.205	0.438	0	0	0	0	1.53	5.19	15.39	1.97	1.97	0.94	3.01	2.16	0.72	1.19	1.05	0.53	0.83	0.02	0.54	0.45	0.00
WT3x12.5	40	3.19	6.08	0.32	0.455	0.375	0	0	0	0	3.70	12.59	18.22	3.04	3.04	0.61	2.58	2.29	0.89	0.79	8.53	2.81	1.52	0.25	1.84	0.68	0.00
WT3x10	40	3.1	6.02	0.26	0.365	0.375	0	0	0	0	2.97	10.09	17.92	3.01	3.01	0.56	2.54	1.76	0.69	0.77	6.64	2.21	1.50	0.13	1.46	0.54	0.00
WT3x7.5	40	2.995	5.99	0.23	0.26	0.375	0	0	0	0	2.25	7.64	17.65	3.00	3.00	0.56	2.44	1.41	0.58	0.79	4.66	1.56	1.44	0.05	1.04	0.46	0.00
WT3x8	40	3.14	4.03	0.26	0.405	0.375	0	0	0	0	2.40	8.17	14.02	2.02	2.02	0.67	2.47	1.69	0.68	0.84	2.22	1.10	0.96	0.12	1.09	0.54	0.00
WT3x6	40	3.015	4	0.23	0.28	0.375	0	0	0	0	1.81	6.15	13.71	2.00	2.00	0.67	2.34	1.32	0.56	0.85	1.50	0.75	0.91	0.05	0.75	0.46	0.00
WT3x4.5	40	2.95	3.94	0.17	0.215	0.375	0	0	0	0	1.37	4.67	13.46	1.97	1.97	0.62	2.33	0.95	0.41	0.83	1.10	0.56	0.89	0.02	0.56	0.33	0.00
WT2.5x9.5	40	2.575	5.03	0.27	0.43	0.375	0	0	0	0	2.80	9.53	14.89	2.52	2.52	0.49	2.09	1.01	0.49	0.60	4.57	1.82	1.28	0.17	1.44	0.46	0.00
WT2.5x8	40	2.505	5	0.24	0.36	0.375	0	0	0	0	2.38	8.08	14.69	2.50	2.50	0.46	2.05	0.85	0.41	0.60	3.76	1.50	1.26	0.10	1.20	0.40	0.00
WT2x6.5	40	2.08	4.06	0.28	0.345	0.313	0	0	0	0	1.93	6.56	12.01	2.03	2.03	0.44	1.64	0.53	0.32	0.52	1.93	0.95	1.00	0.08	0.93	0.39	0.00
																											
	
	
	
	
	
	
	
	
	
	
	
	
	
	
	
	
	
	
	
	
	
	
	
	
	
	
	
	
	
