PartNumber	Code	D(in)	Bf(in)	Tw(in)	Tf(in)	R1(in)	R2(in)	SLOPE(deg)	Sx(in)	Sy(in)	A(in2)	P(lb_ft)	L(in)	vxm(in)	vxp(in)	vym(in)	vyp(in)	Ix(in4)	Vx(in3)	Gx(in)	Iy(in4)	Vy(in3)	Gy(in)	J(in4)	Ax(in2)	Ay(in2)	Alpha(deg)
FL_1x0.1875	81	1.0000	0.1875	0.000	0.000	0.000	0.000	0.0000	0.00	0.00	0.187500	0.637500	2.375000	0.093750	0.093750	0.500000	0.500000	0.015625	0.031250	0.288675	0.000549	0.005859	0.054127	0.001964	0.125000	0.125000	0.000000
FL_1x0.25	81	1.0000	0.2500	0.000	0.000	0.000	0.000	0.0000	0.00	0.00	0.250000	0.850000	2.500000	0.125000	0.125000	0.500000	0.500000	0.020833	0.041667	0.288675	0.001302	0.010417	0.072169	0.004391	0.166667	0.166667	0.000000
FL_1x0.3125	81	1.0000	0.3125	0.000	0.000	0.000	0.000	0.0000	0.00	0.00	0.312500	1.062500	2.625000	0.156250	0.156250	0.500000	0.500000	0.026042	0.052083	0.288675	0.002543	0.016276	0.090211	0.008026	0.208333	0.208333	0.000000
FL_1x0.375	81	1.0000	0.3750	0.000	0.000	0.000	0.000	0.0000	0.00	0.00	0.375000	1.275000	2.750000	0.187500	0.187500	0.500000	0.500000	0.031250	0.062500	0.288675	0.004395	0.023438	0.108253	0.013869	0.250000	0.250000	0.000000
FL_1x0.4375	81	1.0000	0.4375	0.000	0.000	0.000	0.000	0.0000	0.00	0.00	0.437500	1.487500	2.875000	0.218750	0.218750	0.500000	0.500000	0.036458	0.072917	0.288675	0.006978	0.031901	0.126295	0.019177	0.291667	0.291667	0.000000
FL_1x0.5	81	1.0000	0.5000	0.000	0.000	0.000	0.000	0.0000	0.00	0.00	0.500000	1.700000	3.000000	0.250000	0.250000	0.500000	0.500000	0.041667	0.083333	0.288675	0.010417	0.041667	0.144338	0.028625	0.333333	0.333333	0.000000
FL_1x0.5625	81	1.0000	0.5625	0.000	0.000	0.000	0.000	0.0000	0.00	0.00	0.562500	1.912500	3.125000	0.281250	0.281250	0.500000	0.500000	0.046875	0.093750	0.288675	0.014832	0.052734	0.162380	0.040757	0.375000	0.375000	0.000000
FL_1x0.625	81	1.0000	0.6250	0.000	0.000	0.000	0.000	0.0000	0.00	0.00	0.625000	2.125000	3.250000	0.312500	0.312500	0.500000	0.500000	0.052083	0.104167	0.288675	0.020345	0.065104	0.180422	0.047852	0.416667	0.416667	0.000000
FL_1x0.6875	81	1.0000	0.6875	0.000	0.000	0.000	0.000	0.0000	0.00	0.00	0.687500	2.337500	3.375000	0.343750	0.343750	0.500000	0.500000	0.057292	0.114583	0.288675	0.027079	0.078776	0.198464	0.063690	0.458333	0.458333	0.000000
FL_1x0.75	81	1.0000	0.7500	0.000	0.000	0.000	0.000	0.0000	0.00	0.00	0.750000	2.550000	3.500000	0.375000	0.375000	0.500000	0.500000	0.062500	0.125000	0.288675	0.035156	0.093750	0.216506	0.082688	0.500000	0.500000	0.000000
FL_1x0.8125	81	1.0000	0.8125	0.000	0.000	0.000	0.000	0.0000	0.00	0.00	0.812500	2.762500	3.625000	0.406250	0.406250	0.500000	0.500000	0.067708	0.135417	0.288675	0.044698	0.110026	0.234549	0.075629	0.541667	0.541667	0.000000
FL_1x0.875	81	1.0000	0.8750	0.000	0.000	0.000	0.000	0.0000	0.00	0.00	0.875000	2.975000	3.750000	0.437500	0.437500	0.500000	0.500000	0.072917	0.145833	0.288675	0.055827	0.127604	0.252591	0.094459	0.583333	0.583333	0.000000
FL_1x0.9375	81	1.0000	0.9375	0.000	0.000	0.000	0.000	0.0000	0.00	0.00	0.937500	3.187500	3.875000	0.468750	0.468750	0.500000	0.500000	0.078125	0.156250	0.288675	0.068665	0.146484	0.270633	0.116180	0.625000	0.625000	0.000000
FL_1x1	81	1.0000	1.0000	0.000	0.000	0.000	0.000	0.0000	0.00	0.00	1.000000	3.400000	4.000000	0.500000	0.500000	0.500000	0.500000	0.083333	0.166667	0.288675	0.083333	0.166667	0.288675	0.141000	0.666667	0.666667	0.000000
FL_2x0.1875	81	2.0000	0.1875	0.000	0.000	0.000	0.000	0.0000	0.00	0.00	0.375000	1.275000	4.375000	0.093750	0.093750	1.000000	1.000000	0.125000	0.125000	0.577350	0.001099	0.011719	0.054127	0.004113	0.250000	0.250000	0.000000
FL_2x0.25	81	2.0000	0.2500	0.000	0.000	0.000	0.000	0.0000	0.00	0.00	0.500000	1.700000	4.500000	0.125000	0.125000	1.000000	1.000000	0.166667	0.166667	0.577350	0.002604	0.020833	0.072169	0.009594	0.333333	0.333333	0.000000
FL_2x0.3125	81	2.0000	0.3125	0.000	0.000	0.000	0.000	0.0000	0.00	0.00	0.625000	2.125000	4.625000	0.156250	0.156250	1.000000	1.000000	0.208333	0.208333	0.577350	0.005086	0.032552	0.090211	0.018188	0.416667	0.416667	0.000000
FL_2x0.375	81	2.0000	0.3750	0.000	0.000	0.000	0.000	0.0000	0.00	0.00	0.750000	2.550000	4.750000	0.187500	0.187500	1.000000	1.000000	0.250000	0.250000	0.577350	0.008789	0.046875	0.108253	0.031430	0.500000	0.500000	0.000000
FL_2x0.4375	81	2.0000	0.4375	0.000	0.000	0.000	0.000	0.0000	0.00	0.00	0.875000	2.975000	4.875000	0.218750	0.218750	1.000000	1.000000	0.291667	0.291667	0.577350	0.013957	0.063802	0.126295	0.047062	0.583333	0.583333	0.000000
FL_2x0.5	81	2.0000	0.5000	0.000	0.000	0.000	0.000	0.0000	0.00	0.00	1.000000	3.400000	5.000000	0.250000	0.250000	1.000000	1.000000	0.333333	0.333333	0.577350	0.020833	0.083333	0.144338	0.070250	0.666667	0.666667	0.000000
FL_2x0.5625	81	2.0000	0.5625	0.000	0.000	0.000	0.000	0.0000	0.00	0.00	1.125000	3.825000	5.125000	0.281250	0.281250	1.000000	1.000000	0.375000	0.375000	0.577350	0.029663	0.105469	0.162380	0.100024	0.750000	0.750000	0.000000
FL_2x0.625	81	2.0000	0.6250	0.000	0.000	0.000	0.000	0.0000	0.00	0.00	1.250000	4.250000	5.250000	0.312500	0.312500	1.000000	1.000000	0.416667	0.416667	0.577350	0.040690	0.130208	0.180422	0.128418	0.833333	0.833333	0.000000
FL_2x0.6875	81	2.0000	0.6875	0.000	0.000	0.000	0.000	0.0000	0.00	0.00	1.375000	4.675000	5.375000	0.343750	0.343750	1.000000	1.000000	0.458333	0.458333	0.577350	0.054159	0.157552	0.198464	0.170924	0.916667	0.916667	0.000000
FL_2x0.75	81	2.0000	0.7500	0.000	0.000	0.000	0.000	0.0000	0.00	0.00	1.500000	5.100000	5.500000	0.375000	0.375000	1.000000	1.000000	0.500000	0.500000	0.577350	0.070313	0.187500	0.216506	0.221906	1.000000	1.000000	0.000000
FL_2x0.8125	81	2.0000	0.8125	0.000	0.000	0.000	0.000	0.0000	0.00	0.00	1.625000	5.525000	5.625000	0.406250	0.406250	1.000000	1.000000	0.541667	0.541667	0.577350	0.089396	0.220052	0.234549	0.245661	1.083333	1.083333	0.000000
FL_2x0.875	81	2.0000	0.8750	0.000	0.000	0.000	0.000	0.0000	0.00	0.00	1.750000	5.950000	5.750000	0.437500	0.437500	1.000000	1.000000	0.583333	0.583333	0.577350	0.111654	0.255208	0.252591	0.306824	1.166667	1.166667	0.000000
FL_2x0.9375	81	2.0000	0.9375	0.000	0.000	0.000	0.000	0.0000	0.00	0.00	1.875000	6.375000	5.875000	0.468750	0.468750	1.000000	1.000000	0.625000	0.625000	0.577350	0.137329	0.292969	0.270633	0.377380	1.250000	1.250000	0.000000
FL_2x1	81	2.0000	1.0000	0.000	0.000	0.000	0.000	0.0000	0.00	0.00	2.000000	6.800000	6.000000	0.500000	0.500000	1.000000	1.000000	0.666667	0.666667	0.577350	0.166667	0.333333	0.288675	0.458000	1.333333	1.333333	0.000000
FL_3x0.1875	81	3.0000	0.1875	0.000	0.000	0.000	0.000	0.0000	0.00	0.00	0.562500	1.912500	6.375000	0.093750	0.093750	1.500000	1.500000	0.421875	0.281250	0.866025	0.001648	0.017578	0.054127	0.006585	0.375000	0.375000	0.000000
FL_3x0.25	81	3.0000	0.2500	0.000	0.000	0.000	0.000	0.0000	0.00	0.00	0.750000	2.550000	6.500000	0.125000	0.125000	1.500000	1.500000	0.562500	0.375000	0.866025	0.003906	0.031250	0.072169	0.015609	0.500000	0.500000	0.000000
FL_3x0.3125	81	3.0000	0.3125	0.000	0.000	0.000	0.000	0.0000	0.00	0.00	0.937500	3.187500	6.625000	0.156250	0.156250	1.500000	1.500000	0.703125	0.468750	0.866025	0.007629	0.048828	0.090211	0.028564	0.625000	0.625000	0.000000
FL_3x0.375	81	3.0000	0.3750	0.000	0.000	0.000	0.000	0.0000	0.00	0.00	1.125000	3.825000	6.750000	0.187500	0.187500	1.500000	1.500000	0.843750	0.562500	0.866025	0.013184	0.070313	0.108253	0.048568	0.750000	0.750000	0.000000
FL_3x0.4375	81	3.0000	0.4375	0.000	0.000	0.000	0.000	0.0000	0.00	0.00	1.312500	4.462500	6.875000	0.218750	0.218750	1.500000	1.500000	0.984375	0.656250	0.866025	0.020935	0.095703	0.126295	0.074864	0.875000	0.875000	0.000000
FL_3x0.5	81	3.0000	0.5000	0.000	0.000	0.000	0.000	0.0000	0.00	0.00	1.500000	5.100000	7.000000	0.250000	0.250000	1.500000	1.500000	1.125000	0.750000	0.866025	0.031250	0.125000	0.144338	0.111750	1.000000	1.000000	0.000000
FL_3x0.5625	81	3.0000	0.5625	0.000	0.000	0.000	0.000	0.0000	0.00	0.00	1.687500	5.737500	7.125000	0.281250	0.281250	1.500000	1.500000	1.265625	0.843750	0.866025	0.044495	0.158203	0.162380	0.159113	1.125000	1.125000	0.000000
FL_3x0.625	81	3.0000	0.6250	0.000	0.000	0.000	0.000	0.0000	0.00	0.00	1.875000	6.375000	7.250000	0.312500	0.312500	1.500000	1.500000	1.406250	0.937500	0.866025	0.061035	0.195313	0.180422	0.205811	1.250000	1.250000	0.000000
FL_3x0.6875	81	3.0000	0.6875	0.000	0.000	0.000	0.000	0.0000	0.00	0.00	2.062500	7.012500	7.375000	0.343750	0.343750	1.500000	1.500000	1.546875	1.031250	0.866025	0.081238	0.236328	0.198464	0.273934	1.375000	1.375000	0.000000
FL_3x0.75	81	3.0000	0.7500	0.000	0.000	0.000	0.000	0.0000	0.00	0.00	2.250000	7.650000	7.500000	0.375000	0.375000	1.500000	1.500000	1.687500	1.125000	0.866025	0.105469	0.281250	0.216506	0.355641	1.500000	1.500000	0.000000
FL_3x0.8125	81	3.0000	0.8125	0.000	0.000	0.000	0.000	0.0000	0.00	0.00	2.437500	8.287500	7.625000	0.406250	0.406250	1.500000	1.500000	1.828125	1.218750	0.866025	0.134094	0.330078	0.234549	0.452166	1.625000	1.625000	0.000000
FL_3x0.875	81	3.0000	0.8750	0.000	0.000	0.000	0.000	0.0000	0.00	0.00	2.625000	8.925000	7.750000	0.437500	0.437500	1.500000	1.500000	1.968750	1.312500	0.866025	0.167480	0.382813	0.252591	0.528568	1.750000	1.750000	0.000000
FL_3x0.9375	81	3.0000	0.9375	0.000	0.000	0.000	0.000	0.0000	0.00	0.00	2.812500	9.562500	7.875000	0.468750	0.468750	1.500000	1.500000	2.109375	1.406250	0.866025	0.205994	0.439453	0.270633	0.650116	1.875000	1.875000	0.000000
FL_3x1	81	3.0000	1.0000	0.000	0.000	0.000	0.000	0.0000	0.00	0.00	3.000000	10.200000	8.000000	0.500000	0.500000	1.500000	1.500000	2.250000	1.500000	0.866025	0.250000	0.500000	0.288675	0.789000	2.000000	2.000000	0.000000
FL_4x0.1875	81	4.0000	0.1875	0.000	0.000	0.000	0.000	0.0000	0.00	0.00	0.750000	2.550000	8.375000	0.093750	0.093750	2.000000	2.000000	1.000000	0.500000	1.154701	0.002197	0.023438	0.054127	0.008780	0.500000	0.500000	0.000000
FL_4x0.25	81	4.0000	0.2500	0.000	0.000	0.000	0.000	0.0000	0.00	0.00	1.000000	3.400000	8.500000	0.125000	0.125000	2.000000	2.000000	1.333333	0.666667	1.154701	0.005208	0.041667	0.072169	0.020813	0.666667	0.666667	0.000000
FL_4x0.3125	81	4.0000	0.3125	0.000	0.000	0.000	0.000	0.0000	0.00	0.00	1.250000	4.250000	8.625000	0.156250	0.156250	2.000000	2.000000	1.666667	0.833333	1.154701	0.010173	0.065104	0.090211	0.040649	0.833333	0.833333	0.000000
FL_4x0.375	81	4.0000	0.3750	0.000	0.000	0.000	0.000	0.0000	0.00	0.00	1.500000	5.100000	8.750000	0.187500	0.187500	2.000000	2.000000	2.000000	1.000000	1.154701	0.017578	0.093750	0.108253	0.065813	1.000000	1.000000	0.000000
FL_4x0.4375	81	4.0000	0.4375	0.000	0.000	0.000	0.000	0.0000	0.00	0.00	1.750000	5.950000	8.875000	0.218750	0.218750	2.000000	2.000000	2.333333	1.166667	1.154701	0.027913	0.127604	0.126295	0.104508	1.166667	1.166667	0.000000
FL_4x0.5	81	4.0000	0.5000	0.000	0.000	0.000	0.000	0.0000	0.00	0.00	2.000000	6.800000	9.000000	0.250000	0.250000	2.000000	2.000000	2.666667	1.333333	1.154701	0.041667	0.166667	0.144338	0.153500	1.333333	1.333333	0.000000
FL_4x0.5625	81	4.0000	0.5625	0.000	0.000	0.000	0.000	0.0000	0.00	0.00	2.250000	7.650000	9.125000	0.281250	0.281250	2.000000	2.000000	3.000000	1.500000	1.154701	0.059326	0.210938	0.162380	0.218558	1.500000	1.500000	0.000000
FL_4x0.625	81	4.0000	0.6250	0.000	0.000	0.000	0.000	0.0000	0.00	0.00	2.500000	8.500000	9.250000	0.312500	0.312500	2.000000	2.000000	3.333333	1.666667	1.154701	0.081380	0.260417	0.180422	0.291016	1.666667	1.666667	0.000000
FL_4x0.6875	81	4.0000	0.6875	0.000	0.000	0.000	0.000	0.0000	0.00	0.00	2.750000	9.350000	9.375000	0.343750	0.343750	2.000000	2.000000	3.666667	1.833333	1.154701	0.108317	0.315104	0.198464	0.387342	1.833333	1.833333	0.000000
FL_4x0.75	81	4.0000	0.7500	0.000	0.000	0.000	0.000	0.0000	0.00	0.00	3.000000	10.200000	9.500000	0.375000	0.375000	2.000000	2.000000	4.000000	2.000000	1.154701	0.140625	0.375000	0.216506	0.502875	2.000000	2.000000	0.000000
FL_4x0.8125	81	4.0000	0.8125	0.000	0.000	0.000	0.000	0.0000	0.00	0.00	3.250000	11.050000	9.625000	0.406250	0.406250	2.000000	2.000000	4.333333	2.166667	1.154701	0.178792	0.440104	0.234549	0.602888	2.166667	2.166667	0.000000
FL_4x0.875	81	4.0000	0.8750	0.000	0.000	0.000	0.000	0.0000	0.00	0.00	3.500000	11.900000	9.750000	0.437500	0.437500	2.000000	2.000000	4.666667	2.333333	1.154701	0.223307	0.510417	0.252591	0.752992	2.333333	2.333333	0.000000
FL_4x0.9375	81	4.0000	0.9375	0.000	0.000	0.000	0.000	0.0000	0.00	0.00	3.750000	12.750000	9.875000	0.468750	0.468750	2.000000	2.000000	5.000000	2.500000	1.154701	0.274658	0.585938	0.270633	0.926147	2.500000	2.500000	0.000000
FL_4x1	81	4.0000	1.0000	0.000	0.000	0.000	0.000	0.0000	0.00	0.00	4.000000	13.600000	10.000000	0.500000	0.500000	2.000000	2.000000	5.333333	2.666667	1.154701	0.333333	0.666667	0.288675	1.124000	2.666667	2.666667	0.000000
FL_5x0.1875	81	5.0000	0.1875	0.000	0.000	0.000	0.000	0.0000	0.00	0.00	0.937500	3.187500	10.375000	0.093750	0.093750	2.500000	2.500000	1.953125	0.781250	1.443376	0.002747	0.029297	0.054127	0.010975	0.625000	0.625000	0.000000
FL_5x0.25	81	5.0000	0.2500	0.000	0.000	0.000	0.000	0.0000	0.00	0.00	1.250000	4.250000	10.500000	0.125000	0.125000	2.500000	2.500000	2.604167	1.041667	1.443376	0.006510	0.052083	0.072169	0.026016	0.833333	0.833333	0.000000
FL_5x0.3125	81	5.0000	0.3125	0.000	0.000	0.000	0.000	0.0000	0.00	0.00	1.562500	5.312500	10.625000	0.156250	0.156250	2.500000	2.500000	3.255208	1.302083	1.443376	0.012716	0.081380	0.090211	0.050812	1.041667	1.041667	0.000000
FL_5x0.375	81	5.0000	0.3750	0.000	0.000	0.000	0.000	0.0000	0.00	0.00	1.875000	6.375000	10.750000	0.187500	0.187500	2.500000	2.500000	3.906250	1.562500	1.443376	0.021973	0.117188	0.108253	0.087803	1.250000	1.250000	0.000000
FL_5x0.4375	81	5.0000	0.4375	0.000	0.000	0.000	0.000	0.0000	0.00	0.00	2.187500	7.437500	10.875000	0.218750	0.218750	2.500000	2.500000	4.557292	1.822917	1.443376	0.034892	0.159505	0.126295	0.139427	1.458333	1.458333	0.000000
FL_5x0.5	81	5.0000	0.5000	0.000	0.000	0.000	0.000	0.0000	0.00	0.00	2.500000	8.500000	11.000000	0.250000	0.250000	2.500000	2.500000	5.208333	2.083333	1.443376	0.052083	0.208333	0.144338	0.195000	1.666667	1.666667	0.000000
FL_5x0.5625	81	5.0000	0.5625	0.000	0.000	0.000	0.000	0.0000	0.00	0.00	2.812500	9.562500	11.125000	0.281250	0.281250	2.500000	2.500000	5.859375	2.343750	1.443376	0.074158	0.263672	0.162380	0.273197	1.875000	1.875000	0.000000
FL_5x0.625	81	5.0000	0.6250	0.000	0.000	0.000	0.000	0.0000	0.00	0.00	3.125000	10.625000	11.250000	0.312500	0.312500	2.500000	2.500000	6.510417	2.604167	1.443376	0.101725	0.325521	0.180422	0.374756	2.083333	2.083333	0.000000
FL_5x0.6875	81	5.0000	0.6875	0.000	0.000	0.000	0.000	0.0000	0.00	0.00	3.437500	11.687500	11.375000	0.343750	0.343750	2.500000	2.500000	7.161458	2.864583	1.443376	0.135396	0.393880	0.198464	0.498800	2.291667	2.291667	0.000000
FL_5x0.75	81	5.0000	0.7500	0.000	0.000	0.000	0.000	0.0000	0.00	0.00	3.750000	12.750000	11.500000	0.375000	0.375000	2.500000	2.500000	7.812500	3.125000	1.443376	0.175781	0.468750	0.216506	0.628594	2.500000	2.500000	0.000000
FL_5x0.8125	81	5.0000	0.8125	0.000	0.000	0.000	0.000	0.0000	0.00	0.00	4.062500	13.812500	11.625000	0.406250	0.406250	2.500000	2.500000	8.463542	3.385417	1.443376	0.223490	0.550130	0.234549	0.799202	2.708333	2.708333	0.000000
FL_5x0.875	81	5.0000	0.8750	0.000	0.000	0.000	0.000	0.0000	0.00	0.00	4.375000	14.875000	11.750000	0.437500	0.437500	2.500000	2.500000	9.114583	3.645833	1.443376	0.279134	0.638021	0.252591	0.998184	2.916667	2.916667	0.000000
FL_5x0.9375	81	5.0000	0.9375	0.000	0.000	0.000	0.000	0.0000	0.00	0.00	4.687500	15.937500	11.875000	0.468750	0.468750	2.500000	2.500000	9.765625	3.906250	1.443376	0.343323	0.732422	0.270633	1.227722	3.125000	3.125000	0.000000
FL_5x1	81	5.0000	1.0000	0.000	0.000	0.000	0.000	0.0000	0.00	0.00	5.000000	17.000000	12.000000	0.500000	0.500000	2.500000	2.500000	10.416667	4.166667	1.443376	0.416667	0.833333	0.288675	1.405000	3.333333	3.333333	0.000000
FL_6x0.1875	81	6.0000	0.1875	0.000	0.000	0.000	0.000	0.0000	0.00	0.00	1.125000	3.825000	12.375000	0.093750	0.093750	3.000000	3.000000	3.375000	1.125000	1.732051	0.003296	0.035156	0.054127	0.013170	0.750000	0.750000	0.000000
FL_6x0.25	81	6.0000	0.2500	0.000	0.000	0.000	0.000	0.0000	0.00	0.00	1.500000	5.100000	12.500000	0.125000	0.125000	3.000000	3.000000	4.500000	1.500000	1.732051	0.007813	0.062500	0.072169	0.031219	1.000000	1.000000	0.000000
FL_6x0.3125	81	6.0000	0.3125	0.000	0.000	0.000	0.000	0.0000	0.00	0.00	1.875000	6.375000	12.625000	0.156250	0.156250	3.000000	3.000000	5.625000	1.875000	1.732051	0.015259	0.097656	0.090211	0.060974	1.250000	1.250000	0.000000
FL_6x0.375	81	6.0000	0.3750	0.000	0.000	0.000	0.000	0.0000	0.00	0.00	2.250000	7.650000	12.750000	0.187500	0.187500	3.000000	3.000000	6.750000	2.250000	1.732051	0.026367	0.140625	0.108253	0.105363	1.500000	1.500000	0.000000
FL_6x0.4375	81	6.0000	0.4375	0.000	0.000	0.000	0.000	0.0000	0.00	0.00	2.625000	8.925000	12.875000	0.218750	0.218750	3.000000	3.000000	7.875000	2.625000	1.732051	0.041870	0.191406	0.126295	0.167313	1.750000	1.750000	0.000000
FL_6x0.5	81	6.0000	0.5000	0.000	0.000	0.000	0.000	0.0000	0.00	0.00	3.000000	10.200000	13.000000	0.250000	0.250000	3.000000	3.000000	9.000000	3.000000	1.732051	0.062500	0.250000	0.144338	0.249750	2.000000	2.000000	0.000000
FL_6x0.5625	81	6.0000	0.5625	0.000	0.000	0.000	0.000	0.0000	0.00	0.00	3.375000	11.475000	13.125000	0.281250	0.281250	3.000000	3.000000	10.125000	3.375000	1.732051	0.088989	0.316406	0.162380	0.333176	2.250000	2.250000	0.000000
FL_6x0.625	81	6.0000	0.6250	0.000	0.000	0.000	0.000	0.0000	0.00	0.00	3.750000	12.750000	13.250000	0.312500	0.312500	3.000000	3.000000	11.250000	3.750000	1.732051	0.122070	0.390625	0.180422	0.457031	2.500000	2.500000	0.000000
FL_6x0.6875	81	6.0000	0.6875	0.000	0.000	0.000	0.000	0.0000	0.00	0.00	4.125000	14.025000	13.375000	0.343750	0.343750	3.000000	3.000000	12.375000	4.125000	1.732051	0.162476	0.472656	0.198464	0.598560	2.750000	2.750000	0.000000
FL_6x0.75	81	6.0000	0.7500	0.000	0.000	0.000	0.000	0.0000	0.00	0.00	4.500000	15.300000	13.500000	0.375000	0.375000	3.000000	3.000000	13.500000	4.500000	1.732051	0.210938	0.562500	0.216506	0.777094	3.000000	3.000000	0.000000
FL_6x0.8125	81	6.0000	0.8125	0.000	0.000	0.000	0.000	0.0000	0.00	0.00	4.875000	16.575000	13.625000	0.406250	0.406250	3.000000	3.000000	14.625000	4.875000	1.732051	0.268188	0.660156	0.234549	0.988006	3.250000	3.250000	0.000000
FL_6x0.875	81	6.0000	0.8750	0.000	0.000	0.000	0.000	0.0000	0.00	0.00	5.250000	17.850000	13.750000	0.437500	0.437500	3.000000	3.000000	15.750000	5.250000	1.732051	0.334961	0.765625	0.252591	1.197820	3.500000	3.500000	0.000000
FL_6x0.9375	81	6.0000	0.9375	0.000	0.000	0.000	0.000	0.0000	0.00	0.00	5.625000	19.125000	13.875000	0.468750	0.468750	3.000000	3.000000	16.875000	5.625000	1.732051	0.411987	0.878906	0.270633	1.473267	3.750000	3.750000	0.000000
FL_6x1	81	6.0000	1.0000	0.000	0.000	0.000	0.000	0.0000	0.00	0.00	6.000000	20.400000	14.000000	0.500000	0.500000	3.000000	3.000000	18.000000	6.000000	1.732051	0.500000	1.000000	0.288675	1.788000	4.000000	4.000000	0.000000
FL_7x0.1875	81	7.0000	0.1875	0.000	0.000	0.000	0.000	0.0000	0.00	0.00	1.312500	4.462500	14.375000	0.093750	0.093750	3.500000	3.500000	5.359375	1.531250	2.020726	0.003845	0.041016	0.054127	0.015365	0.875000	0.875000	0.000000
FL_7x0.25	81	7.0000	0.2500	0.000	0.000	0.000	0.000	0.0000	0.00	0.00	1.750000	5.950000	14.500000	0.125000	0.125000	3.500000	3.500000	7.145833	2.041667	2.020726	0.009115	0.072917	0.072169	0.036422	1.166667	1.166667	0.000000
FL_7x0.3125	81	7.0000	0.3125	0.000	0.000	0.000	0.000	0.0000	0.00	0.00	2.187500	7.437500	14.625000	0.156250	0.156250	3.500000	3.500000	8.932292	2.552083	2.020726	0.017802	0.113932	0.090211	0.071136	1.458333	1.458333	0.000000
FL_7x0.375	81	7.0000	0.3750	0.000	0.000	0.000	0.000	0.0000	0.00	0.00	2.625000	8.925000	14.750000	0.187500	0.187500	3.500000	3.500000	10.718750	3.062500	2.020726	0.030762	0.164063	0.108253	0.122924	1.750000	1.750000	0.000000
FL_7x0.4375	81	7.0000	0.4375	0.000	0.000	0.000	0.000	0.0000	0.00	0.00	3.062500	10.412500	14.875000	0.218750	0.218750	3.500000	3.500000	12.505208	3.572917	2.020726	0.048848	0.223307	0.126295	0.195198	2.041667	2.041667	0.000000
FL_7x0.5	81	7.0000	0.5000	0.000	0.000	0.000	0.000	0.0000	0.00	0.00	3.500000	11.900000	15.000000	0.250000	0.250000	3.500000	3.500000	14.291667	4.083333	2.020726	0.072917	0.291667	0.144338	0.291375	2.333333	2.333333	0.000000
FL_7x0.5625	81	7.0000	0.5625	0.000	0.000	0.000	0.000	0.0000	0.00	0.00	3.937500	13.387500	15.125000	0.281250	0.281250	3.500000	3.500000	16.078125	4.593750	2.020726	0.103821	0.369141	0.162380	0.414868	2.625000	2.625000	0.000000
FL_7x0.625	81	7.0000	0.6250	0.000	0.000	0.000	0.000	0.0000	0.00	0.00	4.375000	14.875000	15.250000	0.312500	0.312500	3.500000	3.500000	17.864583	5.104167	2.020726	0.142415	0.455729	0.180422	0.569092	2.916667	2.916667	0.000000
FL_7x0.6875	81	7.0000	0.6875	0.000	0.000	0.000	0.000	0.0000	0.00	0.00	4.812500	16.362500	15.375000	0.343750	0.343750	3.500000	3.500000	19.651042	5.614583	2.020726	0.189555	0.551432	0.198464	0.709693	3.208333	3.208333	0.000000
FL_7x0.75	81	7.0000	0.7500	0.000	0.000	0.000	0.000	0.0000	0.00	0.00	5.250000	17.850000	15.500000	0.375000	0.375000	3.500000	3.500000	21.437500	6.125000	2.020726	0.246094	0.656250	0.216506	0.921375	3.500000	3.500000	0.000000
FL_7x0.8125	81	7.0000	0.8125	0.000	0.000	0.000	0.000	0.0000	0.00	0.00	5.687500	19.337500	15.625000	0.406250	0.406250	3.500000	3.500000	23.223958	6.635417	2.020726	0.312887	0.770182	0.234549	1.152674	3.791667	3.791667	0.000000
FL_7x0.875	81	7.0000	0.8750	0.000	0.000	0.000	0.000	0.0000	0.00	0.00	6.125000	20.825000	15.750000	0.437500	0.437500	3.500000	3.500000	25.010417	7.145833	2.020726	0.390788	0.893229	0.252591	1.439662	4.083333	4.083333	0.000000
FL_7x0.9375	81	7.0000	0.9375	0.000	0.000	0.000	0.000	0.0000	0.00	0.00	6.562500	22.312500	15.875000	0.468750	0.468750	3.500000	3.500000	26.796875	7.656250	2.020726	0.480652	1.025391	0.270633	1.770721	4.375000	4.375000	0.000000
FL_7x1	81	7.0000	1.0000	0.000	0.000	0.000	0.000	0.0000	0.00	0.00	7.000000	23.800000	16.000000	0.500000	0.500000	3.500000	3.500000	28.583333	8.166667	2.020726	0.583333	1.166667	0.288675	2.086000	4.666667	4.666667	0.000000
FL_8x0.1875	81	8.0000	0.1875	0.000	0.000	0.000	0.000	0.0000	0.00	0.00	1.500000	5.100000	16.375000	0.093750	0.093750	4.000000	4.000000	8.000000	2.000000	2.309401	0.004395	0.046875	0.054127	0.017561	1.000000	1.000000	0.000000
FL_8x0.25	81	8.0000	0.2500	0.000	0.000	0.000	0.000	0.0000	0.00	0.00	2.000000	6.800000	16.500000	0.125000	0.125000	4.000000	4.000000	10.666667	2.666667	2.309401	0.010417	0.083333	0.072169	0.041625	1.333333	1.333333	0.000000
FL_8x0.3125	81	8.0000	0.3125	0.000	0.000	0.000	0.000	0.0000	0.00	0.00	2.500000	8.500000	16.625000	0.156250	0.156250	4.000000	4.000000	13.333333	3.333333	2.309401	0.020345	0.130208	0.090211	0.081299	1.666667	1.666667	0.000000
FL_8x0.375	81	8.0000	0.3750	0.000	0.000	0.000	0.000	0.0000	0.00	0.00	3.000000	10.200000	16.750000	0.187500	0.187500	4.000000	4.000000	16.000000	4.000000	2.309401	0.035156	0.187500	0.108253	0.140484	2.000000	2.000000	0.000000
FL_8x0.4375	81	8.0000	0.4375	0.000	0.000	0.000	0.000	0.0000	0.00	0.00	3.500000	11.900000	16.875000	0.218750	0.218750	4.000000	4.000000	18.666667	4.666667	2.309401	0.055827	0.255208	0.126295	0.223084	2.333333	2.333333	0.000000
FL_8x0.5	81	8.0000	0.5000	0.000	0.000	0.000	0.000	0.0000	0.00	0.00	4.000000	13.600000	17.000000	0.250000	0.250000	4.000000	4.000000	21.333333	5.333333	2.309401	0.083333	0.333333	0.144338	0.333000	2.666667	2.666667	0.000000
FL_8x0.5625	81	8.0000	0.5625	0.000	0.000	0.000	0.000	0.0000	0.00	0.00	4.500000	15.300000	17.125000	0.281250	0.281250	4.000000	4.000000	24.000000	6.000000	2.309401	0.118652	0.421875	0.162380	0.474135	3.000000	3.000000	0.000000
FL_8x0.625	81	8.0000	0.6250	0.000	0.000	0.000	0.000	0.0000	0.00	0.00	5.000000	17.000000	17.250000	0.312500	0.312500	4.000000	4.000000	26.666667	6.666667	2.309401	0.162760	0.520833	0.180422	0.650391	3.333333	3.333333	0.000000
FL_8x0.6875	81	8.0000	0.6875	0.000	0.000	0.000	0.000	0.0000	0.00	0.00	5.500000	18.700000	17.375000	0.343750	0.343750	4.000000	4.000000	29.333333	7.333333	2.309401	0.216634	0.630208	0.198464	0.865670	3.666667	3.666667	0.000000
FL_8x0.75	81	8.0000	0.7500	0.000	0.000	0.000	0.000	0.0000	0.00	0.00	6.000000	20.400000	17.500000	0.375000	0.375000	4.000000	4.000000	32.000000	8.000000	2.309401	0.281250	0.750000	0.216506	1.053000	4.000000	4.000000	0.000000
FL_8x0.8125	81	8.0000	0.8125	0.000	0.000	0.000	0.000	0.0000	0.00	0.00	6.500000	22.100000	17.625000	0.406250	0.406250	4.000000	4.000000	34.666667	8.666667	2.309401	0.357585	0.880208	0.234549	1.338797	4.333333	4.333333	0.000000
FL_8x0.875	81	8.0000	0.8750	0.000	0.000	0.000	0.000	0.0000	0.00	0.00	7.000000	23.800000	17.750000	0.437500	0.437500	4.000000	4.000000	37.333333	9.333333	2.309401	0.446615	1.020833	0.252591	1.672125	4.666667	4.666667	0.000000
FL_8x0.9375	81	8.0000	0.9375	0.000	0.000	0.000	0.000	0.0000	0.00	0.00	7.500000	25.500000	17.875000	0.468750	0.468750	4.000000	4.000000	40.000000	10.000000	2.309401	0.549316	1.171875	0.270633	2.023682	5.000000	5.000000	0.000000
FL_8x1	81	8.0000	1.0000	0.000	0.000	0.000	0.000	0.0000	0.00	0.00	8.000000	27.200000	18.000000	0.500000	0.500000	4.000000	4.000000	42.666667	10.666667	2.309401	0.666667	1.333333	0.288675	2.456000	5.333333	5.333333	0.000000
FL_9x0.1875	81	9.0000	0.1875	0.000	0.000	0.000	0.000	0.0000	0.00	0.00	1.687500	5.737500	18.375000	0.093750	0.093750	4.500000	4.500000	11.390625	2.531250	2.598076	0.004944	0.052734	0.054127	0.019756	1.125000	1.125000	0.000000
FL_9x0.25	81	9.0000	0.2500	0.000	0.000	0.000	0.000	0.0000	0.00	0.00	2.250000	7.650000	18.500000	0.125000	0.125000	4.500000	4.500000	15.187500	3.375000	2.598076	0.011719	0.093750	0.072169	0.046828	1.500000	1.500000	0.000000
FL_9x0.3125	81	9.0000	0.3125	0.000	0.000	0.000	0.000	0.0000	0.00	0.00	2.812500	9.562500	18.625000	0.156250	0.156250	4.500000	4.500000	18.984375	4.218750	2.598076	0.022888	0.146484	0.090211	0.091461	1.875000	1.875000	0.000000
FL_9x0.375	81	9.0000	0.3750	0.000	0.000	0.000	0.000	0.0000	0.00	0.00	3.375000	11.475000	18.750000	0.187500	0.187500	4.500000	4.500000	22.781250	5.062500	2.598076	0.039551	0.210938	0.108253	0.158045	2.250000	2.250000	0.000000
FL_9x0.4375	81	9.0000	0.4375	0.000	0.000	0.000	0.000	0.0000	0.00	0.00	3.937500	13.387500	18.875000	0.218750	0.218750	4.500000	4.500000	26.578125	5.906250	2.598076	0.062805	0.287109	0.126295	0.250969	2.625000	2.625000	0.000000
FL_9x0.5	81	9.0000	0.5000	0.000	0.000	0.000	0.000	0.0000	0.00	0.00	4.500000	15.300000	19.000000	0.250000	0.250000	4.500000	4.500000	30.375000	6.750000	2.598076	0.093750	0.375000	0.144338	0.374625	3.000000	3.000000	0.000000
FL_9x0.5625	81	9.0000	0.5625	0.000	0.000	0.000	0.000	0.0000	0.00	0.00	5.062500	17.212500	19.125000	0.281250	0.281250	4.500000	4.500000	34.171875	7.593750	2.598076	0.133484	0.474609	0.162380	0.533402	3.375000	3.375000	0.000000
FL_9x0.625	81	9.0000	0.6250	0.000	0.000	0.000	0.000	0.0000	0.00	0.00	5.625000	19.125000	19.250000	0.312500	0.312500	4.500000	4.500000	37.968750	8.437500	2.598076	0.183105	0.585938	0.180422	0.731689	3.750000	3.750000	0.000000
FL_9x0.6875	81	9.0000	0.6875	0.000	0.000	0.000	0.000	0.0000	0.00	0.00	6.187500	21.037500	19.375000	0.343750	0.343750	4.500000	4.500000	41.765625	9.281250	2.598076	0.243713	0.708984	0.198464	0.973879	4.125000	4.125000	0.000000
FL_9x0.75	81	9.0000	0.7500	0.000	0.000	0.000	0.000	0.0000	0.00	0.00	6.750000	22.950000	19.500000	0.375000	0.375000	4.500000	4.500000	45.562500	10.125000	2.598076	0.316406	0.843750	0.216506	1.264359	4.500000	4.500000	0.000000
FL_9x0.8125	81	9.0000	0.8125	0.000	0.000	0.000	0.000	0.0000	0.00	0.00	7.312500	24.862500	19.625000	0.406250	0.406250	4.500000	4.500000	49.359375	10.968750	2.598076	0.402283	0.990234	0.234549	1.607522	4.875000	4.875000	0.000000
FL_9x0.875	81	9.0000	0.8750	0.000	0.000	0.000	0.000	0.0000	0.00	0.00	7.875000	26.775000	19.750000	0.437500	0.437500	4.500000	4.500000	53.156250	11.812500	2.598076	0.502441	1.148438	0.252591	1.881141	5.250000	5.250000	0.000000
FL_9x0.9375	81	9.0000	0.9375	0.000	0.000	0.000	0.000	0.0000	0.00	0.00	8.437500	28.687500	19.875000	0.468750	0.468750	4.500000	4.500000	56.953125	12.656250	2.598076	0.617981	1.318359	0.270633	2.313721	5.625000	5.625000	0.000000
FL_9x1	81	9.0000	1.0000	0.000	0.000	0.000	0.000	0.0000	0.00	0.00	9.000000	30.600000	20.000000	0.500000	0.500000	4.500000	4.500000	60.750000	13.500000	2.598076	0.750000	1.500000	0.288675	2.763000	6.000000	6.000000	0.000000
FL_10x0.1875	81	10.0000	0.1875	0.000	0.000	0.000	0.000	0.0000	0.00	0.00	1.875000	6.375000	20.375000	0.093750	0.093750	5.000000	5.000000	15.625000	3.125000	2.886751	0.005493	0.058594	0.054127	0.021951	1.250000	1.250000	0.000000
FL_10x0.25	81	10.0000	0.2500	0.000	0.000	0.000	0.000	0.0000	0.00	0.00	2.500000	8.500000	20.500000	0.125000	0.125000	5.000000	5.000000	20.833333	4.166667	2.886751	0.013021	0.104167	0.072169	0.052031	1.666667	1.666667	0.000000
FL_10x0.3125	81	10.0000	0.3125	0.000	0.000	0.000	0.000	0.0000	0.00	0.00	3.125000	10.625000	20.625000	0.156250	0.156250	5.000000	5.000000	26.041667	5.208333	2.886751	0.025431	0.162760	0.090211	0.101624	2.083333	2.083333	0.000000
FL_10x0.375	81	10.0000	0.3750	0.000	0.000	0.000	0.000	0.0000	0.00	0.00	3.750000	12.750000	20.750000	0.187500	0.187500	5.000000	5.000000	31.250000	6.250000	2.886751	0.043945	0.234375	0.108253	0.175605	2.500000	2.500000	0.000000
FL_10x0.4375	81	10.0000	0.4375	0.000	0.000	0.000	0.000	0.0000	0.00	0.00	4.375000	14.875000	20.875000	0.218750	0.218750	5.000000	5.000000	36.458333	7.291667	2.886751	0.069784	0.319010	0.126295	0.278855	2.916667	2.916667	0.000000
FL_10x0.5	81	10.0000	0.5000	0.000	0.000	0.000	0.000	0.0000	0.00	0.00	5.000000	17.000000	21.000000	0.250000	0.250000	5.000000	5.000000	41.666667	8.333333	2.886751	0.104167	0.416667	0.144338	0.416250	3.333333	3.333333	0.000000
FL_10x0.5625	81	10.0000	0.5625	0.000	0.000	0.000	0.000	0.0000	0.00	0.00	5.625000	19.125000	21.125000	0.281250	0.281250	5.000000	5.000000	46.875000	9.375000	2.886751	0.148315	0.527344	0.162380	0.592668	3.750000	3.750000	0.000000
FL_10x0.625	81	10.0000	0.6250	0.000	0.000	0.000	0.000	0.0000	0.00	0.00	6.250000	21.250000	21.250000	0.312500	0.312500	5.000000	5.000000	52.083333	10.416667	2.886751	0.203451	0.651042	0.180422	0.812988	4.166667	4.166667	0.000000
FL_10x0.6875	81	10.0000	0.6875	0.000	0.000	0.000	0.000	0.0000	0.00	0.00	6.875000	23.375000	21.375000	0.343750	0.343750	5.000000	5.000000	57.291667	11.458333	2.886751	0.270793	0.787760	0.198464	1.082087	4.583333	4.583333	0.000000
FL_10x0.75	81	10.0000	0.7500	0.000	0.000	0.000	0.000	0.0000	0.00	0.00	7.500000	25.500000	21.500000	0.375000	0.375000	5.000000	5.000000	62.500000	12.500000	2.886751	0.351563	0.937500	0.216506	1.404844	5.000000	5.000000	0.000000
FL_10x0.8125	81	10.0000	0.8125	0.000	0.000	0.000	0.000	0.0000	0.00	0.00	8.125000	27.625000	21.625000	0.406250	0.406250	5.000000	5.000000	67.708333	13.541667	2.886751	0.446981	1.100260	0.234549	1.786135	5.416667	5.416667	0.000000
FL_10x0.875	81	10.0000	0.8750	0.000	0.000	0.000	0.000	0.0000	0.00	0.00	8.750000	29.750000	21.750000	0.437500	0.437500	5.000000	5.000000	72.916667	14.583333	2.886751	0.558268	1.276042	0.252591	2.230840	5.833333	5.833333	0.000000
FL_10x0.9375	81	10.0000	0.9375	0.000	0.000	0.000	0.000	0.0000	0.00	0.00	9.375000	31.875000	21.875000	0.468750	0.468750	5.000000	5.000000	78.125000	15.625000	2.886751	0.686646	1.464844	0.270633	2.570801	6.250000	6.250000	0.000000
FL_10x1	81	10.0000	1.0000	0.000	0.000	0.000	0.000	0.0000	0.00	0.00	10.000000	34.000000	22.000000	0.500000	0.500000	5.000000	5.000000	83.333333	16.666667	2.886751	0.833333	1.666667	0.288675	3.120000	6.666667	6.666667	0.000000
FL_11x0.1875	81	11.0000	0.1875	0.000	0.000	0.000	0.000	0.0000	0.00	0.00	2.062500	7.012500	22.375000	0.093750	0.093750	5.500000	5.500000	20.796875	3.781250	3.175426	0.006042	0.064453	0.054127	0.024146	1.375000	1.375000	0.000000
FL_11x0.25	81	11.0000	0.2500	0.000	0.000	0.000	0.000	0.0000	0.00	0.00	2.750000	9.350000	22.500000	0.125000	0.125000	5.500000	5.500000	27.729167	5.041667	3.175426	0.014323	0.114583	0.072169	0.057234	1.833333	1.833333	0.000000
FL_11x0.3125	81	11.0000	0.3125	0.000	0.000	0.000	0.000	0.0000	0.00	0.00	3.437500	11.687500	22.625000	0.156250	0.156250	5.500000	5.500000	34.661458	6.302083	3.175426	0.027974	0.179036	0.090211	0.111786	2.291667	2.291667	0.000000
FL_11x0.375	81	11.0000	0.3750	0.000	0.000	0.000	0.000	0.0000	0.00	0.00	4.125000	14.025000	22.750000	0.187500	0.187500	5.500000	5.500000	41.593750	7.562500	3.175426	0.048340	0.257813	0.108253	0.193166	2.750000	2.750000	0.000000
FL_11x0.4375	81	11.0000	0.4375	0.000	0.000	0.000	0.000	0.0000	0.00	0.00	4.812500	16.362500	22.875000	0.218750	0.218750	5.500000	5.500000	48.526042	8.822917	3.175426	0.076762	0.350911	0.126295	0.306740	3.208333	3.208333	0.000000
FL_11x0.5	81	11.0000	0.5000	0.000	0.000	0.000	0.000	0.0000	0.00	0.00	5.500000	18.700000	23.000000	0.250000	0.250000	5.500000	5.500000	55.458333	10.083333	3.175426	0.114583	0.458333	0.144338	0.457875	3.666667	3.666667	0.000000
FL_11x0.5625	81	11.0000	0.5625	0.000	0.000	0.000	0.000	0.0000	0.00	0.00	6.187500	21.037500	23.125000	0.281250	0.281250	5.500000	5.500000	62.390625	11.343750	3.175426	0.163147	0.580078	0.162380	0.651935	4.125000	4.125000	0.000000
FL_11x0.625	81	11.0000	0.6250	0.000	0.000	0.000	0.000	0.0000	0.00	0.00	6.875000	23.375000	23.250000	0.312500	0.312500	5.500000	5.500000	69.322917	12.604167	3.175426	0.223796	0.716146	0.180422	0.894287	4.583333	4.583333	0.000000
FL_11x0.6875	81	11.0000	0.6875	0.000	0.000	0.000	0.000	0.0000	0.00	0.00	7.562500	25.712500	23.375000	0.343750	0.343750	5.500000	5.500000	76.255208	13.864583	3.175426	0.297872	0.866536	0.198464	1.190296	5.041667	5.041667	0.000000
FL_11x0.75	81	11.0000	0.7500	0.000	0.000	0.000	0.000	0.0000	0.00	0.00	8.250000	28.050000	23.500000	0.375000	0.375000	5.500000	5.500000	83.187500	15.125000	3.175426	0.386719	1.031250	0.216506	1.545328	5.500000	5.500000	0.000000
FL_11x0.8125	81	11.0000	0.8125	0.000	0.000	0.000	0.000	0.0000	0.00	0.00	8.937500	30.387500	23.625000	0.406250	0.406250	5.500000	5.500000	90.119792	16.385417	3.175426	0.491679	1.210286	0.234549	1.964749	5.958333	5.958333	0.000000
FL_11x0.875	81	11.0000	0.8750	0.000	0.000	0.000	0.000	0.0000	0.00	0.00	9.625000	32.725000	23.750000	0.437500	0.437500	5.500000	5.500000	97.052083	17.645833	3.175426	0.614095	1.403646	0.252591	2.453924	6.416667	6.416667	0.000000
FL_11x0.9375	81	11.0000	0.9375	0.000	0.000	0.000	0.000	0.0000	0.00	0.00	10.312500	35.062500	23.875000	0.468750	0.468750	5.500000	5.500000	103.984375	18.906250	3.175426	0.755310	1.611328	0.270633	3.018219	6.875000	6.875000	0.000000
FL_11x1	81	11.0000	1.0000	0.000	0.000	0.000	0.000	0.0000	0.00	0.00	11.000000	37.400000	24.000000	0.500000	0.500000	5.500000	5.500000	110.916667	20.166667	3.175426	0.916667	1.833333	0.288675	3.432000	7.333333	7.333333	0.000000
FL_12x0.1875	81	12.0000	0.1875	0.000	0.000	0.000	0.000	0.0000	0.00	0.00	2.250000	7.650000	24.375000	0.093750	0.093750	6.000000	6.000000	27.000000	4.500000	3.464102	0.006592	0.070313	0.054127	0.026341	1.500000	1.500000	0.000000
FL_12x0.25	81	12.0000	0.2500	0.000	0.000	0.000	0.000	0.0000	0.00	0.00	3.000000	10.200000	24.500000	0.125000	0.125000	6.000000	6.000000	36.000000	6.000000	3.464102	0.015625	0.125000	0.072169	0.062438	2.000000	2.000000	0.000000
FL_12x0.3125	81	12.0000	0.3125	0.000	0.000	0.000	0.000	0.0000	0.00	0.00	3.750000	12.750000	24.625000	0.156250	0.156250	6.000000	6.000000	45.000000	7.500000	3.464102	0.030518	0.195313	0.090211	0.121948	2.500000	2.500000	0.000000
FL_12x0.375	81	12.0000	0.3750	0.000	0.000	0.000	0.000	0.0000	0.00	0.00	4.500000	15.300000	24.750000	0.187500	0.187500	6.000000	6.000000	54.000000	9.000000	3.464102	0.052734	0.281250	0.108253	0.210727	3.000000	3.000000	0.000000
FL_12x0.4375	81	12.0000	0.4375	0.000	0.000	0.000	0.000	0.0000	0.00	0.00	5.250000	17.850000	24.875000	0.218750	0.218750	6.000000	6.000000	63.000000	10.500000	3.464102	0.083740	0.382813	0.126295	0.334626	3.500000	3.500000	0.000000
FL_12x0.5	81	12.0000	0.5000	0.000	0.000	0.000	0.000	0.0000	0.00	0.00	6.000000	20.400000	25.000000	0.250000	0.250000	6.000000	6.000000	72.000000	12.000000	3.464102	0.125000	0.500000	0.144338	0.499500	4.000000	4.000000	0.000000
FL_12x0.5625	81	12.0000	0.5625	0.000	0.000	0.000	0.000	0.0000	0.00	0.00	6.750000	22.950000	25.125000	0.281250	0.281250	6.000000	6.000000	81.000000	13.500000	3.464102	0.177979	0.632813	0.162380	0.711202	4.500000	4.500000	0.000000
FL_12x0.625	81	12.0000	0.6250	0.000	0.000	0.000	0.000	0.0000	0.00	0.00	7.500000	25.500000	25.250000	0.312500	0.312500	6.000000	6.000000	90.000000	15.000000	3.464102	0.244141	0.781250	0.180422	0.975586	5.000000	5.000000	0.000000
FL_12x0.6875	81	12.0000	0.6875	0.000	0.000	0.000	0.000	0.0000	0.00	0.00	8.250000	28.050000	25.375000	0.343750	0.343750	6.000000	6.000000	99.000000	16.500000	3.464102	0.324951	0.945313	0.198464	1.298505	5.500000	5.500000	0.000000
FL_12x0.75	81	12.0000	0.7500	0.000	0.000	0.000	0.000	0.0000	0.00	0.00	9.000000	30.600000	25.500000	0.375000	0.375000	6.000000	6.000000	108.000000	18.000000	3.464102	0.421875	1.125000	0.216506	1.685813	6.000000	6.000000	0.000000
FL_12x0.8125	81	12.0000	0.8125	0.000	0.000	0.000	0.000	0.0000	0.00	0.00	9.750000	33.150000	25.625000	0.406250	0.406250	6.000000	6.000000	117.000000	19.500000	3.464102	0.536377	1.320313	0.234549	2.143362	6.500000	6.500000	0.000000
FL_12x0.875	81	12.0000	0.8750	0.000	0.000	0.000	0.000	0.0000	0.00	0.00	10.500000	35.700000	25.750000	0.437500	0.437500	6.000000	6.000000	126.000000	21.000000	3.464102	0.669922	1.531250	0.252591	2.677008	7.000000	7.000000	0.000000
FL_12x0.9375	81	12.0000	0.9375	0.000	0.000	0.000	0.000	0.0000	0.00	0.00	11.250000	38.250000	25.875000	0.468750	0.468750	6.000000	6.000000	135.000000	22.500000	3.464102	0.823975	1.757813	0.270633	3.292603	7.500000	7.500000	0.000000
FL_12x1	81	12.0000	1.0000	0.000	0.000	0.000	0.000	0.0000	0.00	0.00	12.000000	40.800000	26.000000	0.500000	0.500000	6.000000	6.000000	144.000000	24.000000	3.464102	1.000000	2.000000	0.288675	3.996000	8.000000	8.000000	0.000000
FL_14x0.1875	81	14.0000	0.1875	0.000	0.000	0.000	0.000	0.0000	0.00	0.00	2.625000	8.925000	28.375000	0.093750	0.093750	7.000000	7.000000	42.875000	6.125000	4.041452	0.007690	0.082031	0.054127	0.030731	1.750000	1.750000	0.000000
FL_14x0.25	81	14.0000	0.2500	0.000	0.000	0.000	0.000	0.0000	0.00	0.00	3.500000	11.900000	28.500000	0.125000	0.125000	7.000000	7.000000	57.166667	8.166667	4.041452	0.018229	0.145833	0.072169	0.072844	2.333333	2.333333	0.000000
FL_14x0.3125	81	14.0000	0.3125	0.000	0.000	0.000	0.000	0.0000	0.00	0.00	4.375000	14.875000	28.625000	0.156250	0.156250	7.000000	7.000000	71.458333	10.208333	4.041452	0.035604	0.227865	0.090211	0.142273	2.916667	2.916667	0.000000
FL_14x0.375	81	14.0000	0.3750	0.000	0.000	0.000	0.000	0.0000	0.00	0.00	5.250000	17.850000	28.750000	0.187500	0.187500	7.000000	7.000000	85.750000	12.250000	4.041452	0.061523	0.328125	0.108253	0.245848	3.500000	3.500000	0.000000
FL_14x0.4375	81	14.0000	0.4375	0.000	0.000	0.000	0.000	0.0000	0.00	0.00	6.125000	20.825000	28.875000	0.218750	0.218750	7.000000	7.000000	100.041667	14.291667	4.041452	0.097697	0.446615	0.126295	0.390397	4.083333	4.083333	0.000000
FL_14x0.5	81	14.0000	0.5000	0.000	0.000	0.000	0.000	0.0000	0.00	0.00	7.000000	23.800000	29.000000	0.250000	0.250000	7.000000	7.000000	114.333333	16.333333	4.041452	0.145833	0.583333	0.144338	0.582750	4.666667	4.666667	0.000000
FL_14x0.5625	81	14.0000	0.5625	0.000	0.000	0.000	0.000	0.0000	0.00	0.00	7.875000	26.775000	29.125000	0.281250	0.281250	7.000000	7.000000	128.625000	18.375000	4.041452	0.207642	0.738281	0.162380	0.829736	5.250000	5.250000	0.000000
FL_14x0.625	81	14.0000	0.6250	0.000	0.000	0.000	0.000	0.0000	0.00	0.00	8.750000	29.750000	29.250000	0.312500	0.312500	7.000000	7.000000	142.916667	20.416667	4.041452	0.284831	0.911458	0.180422	1.138184	5.833333	5.833333	0.000000
FL_14x0.6875	81	14.0000	0.6875	0.000	0.000	0.000	0.000	0.0000	0.00	0.00	9.625000	32.725000	29.375000	0.343750	0.343750	7.000000	7.000000	157.208333	22.458333	4.041452	0.379110	1.102865	0.198464	1.514922	6.416667	6.416667	0.000000
FL_14x0.75	81	14.0000	0.7500	0.000	0.000	0.000	0.000	0.0000	0.00	0.00	10.500000	35.700000	29.500000	0.375000	0.375000	7.000000	7.000000	171.500000	24.500000	4.041452	0.492188	1.312500	0.216506	1.966781	7.000000	7.000000	0.000000
FL_14x0.8125	81	14.0000	0.8125	0.000	0.000	0.000	0.000	0.0000	0.00	0.00	11.375000	38.675000	29.625000	0.406250	0.406250	7.000000	7.000000	185.791667	26.541667	4.041452	0.625773	1.540365	0.234549	2.500589	7.583333	7.583333	0.000000
FL_14x0.875	81	14.0000	0.8750	0.000	0.000	0.000	0.000	0.0000	0.00	0.00	12.250000	41.650000	29.750000	0.437500	0.437500	7.000000	7.000000	200.083333	28.583333	4.041452	0.781576	1.786458	0.252591	3.123176	8.166667	8.166667	0.000000
FL_14x0.9375	81	14.0000	0.9375	0.000	0.000	0.000	0.000	0.0000	0.00	0.00	13.125000	44.625000	29.875000	0.468750	0.468750	7.000000	7.000000	214.375000	30.625000	4.041452	0.961304	2.050781	0.270633	3.841370	8.750000	8.750000	0.000000
FL_14x1	81	14.0000	1.0000	0.000	0.000	0.000	0.000	0.0000	0.00	0.00	14.000000	47.600000	30.000000	0.500000	0.500000	7.000000	7.000000	228.666667	32.666667	4.041452	1.166667	2.333333	0.288675	4.662000	9.333333	9.333333	0.000000
FL_16x0.1875	81	16.0000	0.1875	0.000	0.000	0.000	0.000	0.0000	0.00	0.00	3.000000	10.200000	32.375000	0.093750	0.093750	8.000000	8.000000	64.000000	8.000000	4.618802	0.008789	0.093750	0.054127	0.035121	2.000000	2.000000	0.000000
FL_16x0.25	81	16.0000	0.2500	0.000	0.000	0.000	0.000	0.0000	0.00	0.00	4.000000	13.600000	32.500000	0.125000	0.125000	8.000000	8.000000	85.333333	10.666667	4.618802	0.020833	0.166667	0.072169	0.083250	2.666667	2.666667	0.000000
FL_16x0.3125	81	16.0000	0.3125	0.000	0.000	0.000	0.000	0.0000	0.00	0.00	5.000000	17.000000	32.625000	0.156250	0.156250	8.000000	8.000000	106.666667	13.333333	4.618802	0.040690	0.260417	0.090211	0.162598	3.333333	3.333333	0.000000
FL_16x0.375	81	16.0000	0.3750	0.000	0.000	0.000	0.000	0.0000	0.00	0.00	6.000000	20.400000	32.750000	0.187500	0.187500	8.000000	8.000000	128.000000	16.000000	4.618802	0.070313	0.375000	0.108253	0.280969	4.000000	4.000000	0.000000
FL_16x0.4375	81	16.0000	0.4375	0.000	0.000	0.000	0.000	0.0000	0.00	0.00	7.000000	23.800000	32.875000	0.218750	0.218750	8.000000	8.000000	149.333333	18.666667	4.618802	0.111654	0.510417	0.126295	0.446168	4.666667	4.666667	0.000000
FL_16x0.5	81	16.0000	0.5000	0.000	0.000	0.000	0.000	0.0000	0.00	0.00	8.000000	27.200000	33.000000	0.250000	0.250000	8.000000	8.000000	170.666667	21.333333	4.618802	0.166667	0.666667	0.144338	0.666000	5.333333	5.333333	0.000000
FL_16x0.5625	81	16.0000	0.5625	0.000	0.000	0.000	0.000	0.0000	0.00	0.00	9.000000	30.600000	33.125000	0.281250	0.281250	8.000000	8.000000	192.000000	24.000000	4.618802	0.237305	0.843750	0.162380	0.948270	6.000000	6.000000	0.000000
FL_16x0.625	81	16.0000	0.6250	0.000	0.000	0.000	0.000	0.0000	0.00	0.00	10.000000	34.000000	33.250000	0.312500	0.312500	8.000000	8.000000	213.333333	26.666667	4.618802	0.325521	1.041667	0.180422	1.300781	6.666667	6.666667	0.000000
FL_16x0.6875	81	16.0000	0.6875	0.000	0.000	0.000	0.000	0.0000	0.00	0.00	11.000000	37.400000	33.375000	0.343750	0.343750	8.000000	8.000000	234.666667	29.333333	4.618802	0.433268	1.260417	0.198464	1.731340	7.333333	7.333333	0.000000
FL_16x0.75	81	16.0000	0.7500	0.000	0.000	0.000	0.000	0.0000	0.00	0.00	12.000000	40.800000	33.500000	0.375000	0.375000	8.000000	8.000000	256.000000	32.000000	4.618802	0.562500	1.500000	0.216506	2.247750	8.000000	8.000000	0.000000
FL_16x0.8125	81	16.0000	0.8125	0.000	0.000	0.000	0.000	0.0000	0.00	0.00	13.000000	44.200000	33.625000	0.406250	0.406250	8.000000	8.000000	277.333333	34.666667	4.618802	0.715169	1.760417	0.234549	2.857816	8.666667	8.666667	0.000000
FL_16x0.875	81	16.0000	0.8750	0.000	0.000	0.000	0.000	0.0000	0.00	0.00	14.000000	47.600000	33.750000	0.437500	0.437500	8.000000	8.000000	298.666667	37.333333	4.618802	0.893229	2.041667	0.252591	3.569344	9.333333	9.333333	0.000000
FL_16x0.9375	81	16.0000	0.9375	0.000	0.000	0.000	0.000	0.0000	0.00	0.00	15.000000	51.000000	33.875000	0.468750	0.468750	8.000000	8.000000	320.000000	40.000000	4.618802	1.098633	2.343750	0.270633	4.390137	10.000000	10.000000	0.000000
FL_16x1	81	16.0000	1.0000	0.000	0.000	0.000	0.000	0.0000	0.00	0.00	16.000000	54.400000	34.000000	0.500000	0.500000	8.000000	8.000000	341.333333	42.666667	4.618802	1.333333	2.666667	0.288675	5.328000	10.666667	10.666667	0.000000
FL_18x0.1875	81	18.0000	0.1875	0.000	0.000	0.000	0.000	0.0000	0.00	0.00	3.375000	11.475000	36.375000	0.093750	0.093750	9.000000	9.000000	91.125000	10.125000	5.196152	0.009888	0.105469	0.054127	0.039511	2.250000	2.250000	0.000000
FL_18x0.25	81	18.0000	0.2500	0.000	0.000	0.000	0.000	0.0000	0.00	0.00	4.500000	15.300000	36.500000	0.125000	0.125000	9.000000	9.000000	121.500000	13.500000	5.196152	0.023438	0.187500	0.072169	0.093656	3.000000	3.000000	0.000000
FL_18x0.3125	81	18.0000	0.3125	0.000	0.000	0.000	0.000	0.0000	0.00	0.00	5.625000	19.125000	36.625000	0.156250	0.156250	9.000000	9.000000	151.875000	16.875000	5.196152	0.045776	0.292969	0.090211	0.182922	3.750000	3.750000	0.000000
FL_18x0.375	81	18.0000	0.3750	0.000	0.000	0.000	0.000	0.0000	0.00	0.00	6.750000	22.950000	36.750000	0.187500	0.187500	9.000000	9.000000	182.250000	20.250000	5.196152	0.079102	0.421875	0.108253	0.316090	4.500000	4.500000	0.000000
FL_18x0.4375	81	18.0000	0.4375	0.000	0.000	0.000	0.000	0.0000	0.00	0.00	7.875000	26.775000	36.875000	0.218750	0.218750	9.000000	9.000000	212.625000	23.625000	5.196152	0.125610	0.574219	0.126295	0.501939	5.250000	5.250000	0.000000
FL_18x0.5	81	18.0000	0.5000	0.000	0.000	0.000	0.000	0.0000	0.00	0.00	9.000000	30.600000	37.000000	0.250000	0.250000	9.000000	9.000000	243.000000	27.000000	5.196152	0.187500	0.750000	0.144338	0.749250	6.000000	6.000000	0.000000
FL_18x0.5625	81	18.0000	0.5625	0.000	0.000	0.000	0.000	0.0000	0.00	0.00	10.125000	34.425000	37.125000	0.281250	0.281250	9.000000	9.000000	273.375000	30.375000	5.196152	0.266968	0.949219	0.162380	1.066803	6.750000	6.750000	0.000000
FL_18x0.625	81	18.0000	0.6250	0.000	0.000	0.000	0.000	0.0000	0.00	0.00	11.250000	38.250000	37.250000	0.312500	0.312500	9.000000	9.000000	303.750000	33.750000	5.196152	0.366211	1.171875	0.180422	1.463379	7.500000	7.500000	0.000000
FL_18x0.6875	81	18.0000	0.6875	0.000	0.000	0.000	0.000	0.0000	0.00	0.00	12.375000	42.075000	37.375000	0.343750	0.343750	9.000000	9.000000	334.125000	37.125000	5.196152	0.487427	1.417969	0.198464	1.947757	8.250000	8.250000	0.000000
FL_18x0.75	81	18.0000	0.7500	0.000	0.000	0.000	0.000	0.0000	0.00	0.00	13.500000	45.900000	37.500000	0.375000	0.375000	9.000000	9.000000	364.500000	40.500000	5.196152	0.632813	1.687500	0.216506	2.528719	9.000000	9.000000	0.000000
FL_18x0.8125	81	18.0000	0.8125	0.000	0.000	0.000	0.000	0.0000	0.00	0.00	14.625000	49.725000	37.625000	0.406250	0.406250	9.000000	9.000000	394.875000	43.875000	5.196152	0.804565	1.980469	0.234549	3.215043	9.750000	9.750000	0.000000
FL_18x0.875	81	18.0000	0.8750	0.000	0.000	0.000	0.000	0.0000	0.00	0.00	15.750000	53.550000	37.750000	0.437500	0.437500	9.000000	9.000000	425.250000	47.250000	5.196152	1.004883	2.296875	0.252591	4.015512	10.500000	10.500000	0.000000
FL_18x0.9375	81	18.0000	0.9375	0.000	0.000	0.000	0.000	0.0000	0.00	0.00	16.875000	57.375000	37.875000	0.468750	0.468750	9.000000	9.000000	455.625000	50.625000	5.196152	1.235962	2.636719	0.270633	4.938904	11.250000	11.250000	0.000000
FL_18x1	81	18.0000	1.0000	0.000	0.000	0.000	0.000	0.0000	0.00	0.00	18.000000	61.200000	38.000000	0.500000	0.500000	9.000000	9.000000	486.000000	54.000000	5.196152	1.500000	3.000000	0.288675	5.994000	12.000000	12.000000	0.000000
FL_20x0.1875	81	20.0000	0.1875	0.000	0.000	0.000	0.000	0.0000	0.00	0.00	3.750000	12.750000	40.375000	0.093750	0.093750	10.000000	10.000000	125.000000	12.500000	5.773503	0.010986	0.117188	0.054127	0.043901	2.500000	2.500000	0.000000
FL_20x0.25	81	20.0000	0.2500	0.000	0.000	0.000	0.000	0.0000	0.00	0.00	5.000000	17.000000	40.500000	0.125000	0.125000	10.000000	10.000000	166.666667	16.666667	5.773503	0.026042	0.208333	0.072169	0.104063	3.333333	3.333333	0.000000
FL_20x0.3125	81	20.0000	0.3125	0.000	0.000	0.000	0.000	0.0000	0.00	0.00	6.250000	21.250000	40.625000	0.156250	0.156250	10.000000	10.000000	208.333333	20.833333	5.773503	0.050863	0.325521	0.090211	0.203247	4.166667	4.166667	0.000000
FL_20x0.375	81	20.0000	0.3750	0.000	0.000	0.000	0.000	0.0000	0.00	0.00	7.500000	25.500000	40.750000	0.187500	0.187500	10.000000	10.000000	250.000000	25.000000	5.773503	0.087891	0.468750	0.108253	0.351211	5.000000	5.000000	0.000000
FL_20x0.4375	81	20.0000	0.4375	0.000	0.000	0.000	0.000	0.0000	0.00	0.00	8.750000	29.750000	40.875000	0.218750	0.218750	10.000000	10.000000	291.666667	29.166667	5.773503	0.139567	0.638021	0.126295	0.557710	5.833333	5.833333	0.000000
FL_20x0.5	81	20.0000	0.5000	0.000	0.000	0.000	0.000	0.0000	0.00	0.00	10.000000	34.000000	41.000000	0.250000	0.250000	10.000000	10.000000	333.333333	33.333333	5.773503	0.208333	0.833333	0.144338	0.832500	6.666667	6.666667	0.000000
FL_20x0.5625	81	20.0000	0.5625	0.000	0.000	0.000	0.000	0.0000	0.00	0.00	11.250000	38.250000	41.125000	0.281250	0.281250	10.000000	10.000000	375.000000	37.500000	5.773503	0.296631	1.054688	0.162380	1.185337	7.500000	7.500000	0.000000
FL_20x0.625	81	20.0000	0.6250	0.000	0.000	0.000	0.000	0.0000	0.00	0.00	12.500000	42.500000	41.250000	0.312500	0.312500	10.000000	10.000000	416.666667	41.666667	5.773503	0.406901	1.302083	0.180422	1.625977	8.333333	8.333333	0.000000
FL_20x0.6875	81	20.0000	0.6875	0.000	0.000	0.000	0.000	0.0000	0.00	0.00	13.750000	46.750000	41.375000	0.343750	0.343750	10.000000	10.000000	458.333333	45.833333	5.773503	0.541585	1.575521	0.198464	2.164175	9.166667	9.166667	0.000000
FL_20x0.75	81	20.0000	0.7500	0.000	0.000	0.000	0.000	0.0000	0.00	0.00	15.000000	51.000000	41.500000	0.375000	0.375000	10.000000	10.000000	500.000000	50.000000	5.773503	0.703125	1.875000	0.216506	2.809688	10.000000	10.000000	0.000000
FL_20x0.8125	81	20.0000	0.8125	0.000	0.000	0.000	0.000	0.0000	0.00	0.00	16.250000	55.250000	41.625000	0.406250	0.406250	10.000000	10.000000	541.666667	54.166667	5.773503	0.893962	2.200521	0.234549	3.572271	10.833333	10.833333	0.000000
FL_20x0.875	81	20.0000	0.8750	0.000	0.000	0.000	0.000	0.0000	0.00	0.00	17.500000	59.500000	41.750000	0.437500	0.437500	10.000000	10.000000	583.333333	58.333333	5.773503	1.116536	2.552083	0.252591	4.461680	11.666667	11.666667	0.000000
FL_20x0.9375	81	20.0000	0.9375	0.000	0.000	0.000	0.000	0.0000	0.00	0.00	18.750000	63.750000	41.875000	0.468750	0.468750	10.000000	10.000000	625.000000	62.500000	5.773503	1.373291	2.929688	0.270633	5.487671	12.500000	12.500000	0.000000
FL_20x1	81	20.0000	1.0000	0.000	0.000	0.000	0.000	0.0000	0.00	0.00	20.000000	68.000000	42.000000	0.500000	0.500000	10.000000	10.000000	666.666667	66.666667	5.773503	1.666667	3.333333	0.288675	6.660000	13.333333	13.333333	0.000000

