PartNumber	Code	D(in)	Bf(in)	Tw(in)	Tf(in)	R1(in)	R2(in)	SLOPE(deg)	Sx(in)	Sy(in)	A(in2)	P(lb_ft)	L(in)	vxm(in)	vxp(in)	vym(in)	vyp(in)	Ix(in4)	Vx(in3)	Gx(in)	Iy(in4)	Vy(in3)	Gy(in)	J(in4)	Ax(in2)	Ay(in2)	Alpha(deg)
PIPE_SW_0.5	70	0.839	0.839	0.110	0.110	0.000	0.000	0	0	0	0.25	0.86	3.98	0.42	0.42	0.42	0.42	0.02	0.04	0.26	0.02	0.04	0.26	0.03	0.13	0.13	0.00
PIPE_SW_0.75	70	1.051	1.051	0.114	0.114	0.000	0.000	0	0	0	0.34	1.14	4.19	0.53	0.53	0.53	0.53	0.04	0.07	0.33	0.04	0.07	0.33	0.07	0.17	0.17	0.00
PIPE_SW_1	70	1.315	1.315	0.134	0.134	0.000	0.000	0	0	0	0.50	1.69	4.46	0.66	0.66	0.66	0.66	0.09	0.13	0.42	0.09	0.13	0.42	0.18	0.25	0.25	0.00
PIPE_SW_1_0.25	70	1.661	1.661	0.142	0.142	0.000	0.000	0	0	0	0.68	2.30	4.80	0.83	0.83	0.83	0.83	0.20	0.24	0.54	0.20	0.24	0.54	0.39	0.34	0.34	0.00
PIPE_SW_1_0.5	70	1.902	1.902	0.146	0.146	0.000	0.000	0	0	0	0.80	2.73	5.04	0.95	0.95	0.95	0.95	0.31	0.33	0.62	0.31	0.33	0.62	0.62	0.40	0.40	0.00
PIPE_SW_2	70	2.374	2.374	0.154	0.154	0.000	0.000	0	0	0	1.07	3.64	5.52	1.19	1.19	1.19	1.19	0.66	0.56	0.79	0.66	0.56	0.79	1.33	0.54	0.54	0.00
PIPE_SW_2_0.5	70	2.874	2.874	0.205	0.205	0.000	0.000	0	0	0	1.72	5.84	6.02	1.44	1.44	1.44	1.44	1.54	1.07	0.95	1.54	1.07	0.95	3.08	0.86	0.86	0.00
PIPE_SW_3	70	3.500	3.500	0.217	0.217	0.000	0.000	0	0	0	2.23	7.59	6.64	1.75	1.75	1.75	1.75	3.02	1.73	1.16	3.02	1.73	1.16	6.05	1.12	1.12	0.00
PIPE_SW_3_0.5	70	4.000	4.000	0.224	0.224	0.000	0.000	0	0	0	2.66	9.05	7.14	2.00	2.00	2.00	2.00	4.76	2.38	1.34	4.76	2.38	1.34	9.52	1.33	1.33	0.00
PIPE_SW_4	70	4.500	4.500	0.236	0.236	0.000	0.000	0	0	0	3.16	10.76	7.64	2.25	2.25	2.25	2.25	7.21	3.21	1.51	7.21	3.21	1.51	14.43	1.58	1.58	0.00
PIPE_SW_5	70	5.563	5.563	0.260	0.260	0.000	0.000	0	0	0	4.33	14.72	8.70	2.78	2.78	2.78	2.78	15.26	5.48	1.88	15.26	5.48	1.88	30.51	2.16	2.16	0.00
PIPE_SW_6	70	6.626	6.626	0.280	0.280	0.000	0.000	0	0	0	5.57	18.95	9.77	3.31	3.31	3.31	3.31	28.11	8.49	2.25	28.11	8.49	2.25	56.23	2.79	2.79	0.00
PIPE_SW_8	70	8.626	8.626	0.323	0.323	0.000	0.000	0	0	0	8.42	28.63	11.77	4.31	4.31	4.31	4.31	72.68	16.85	2.94	72.68	16.85	2.94	145.36	4.21	4.21	0.00
PIPE_SW_10	70	10.752	10.752	0.366	0.366	0.000	0.000	0	0	0	11.95	40.62	13.89	5.38	5.38	5.38	5.38	161.28	30.00	3.67	161.28	30.00	3.67	322.55	5.97	5.97	0.00
PIPE_SW_12	70	12.752	12.752	0.374	0.374	0.000	0.000	0	0	0	14.54	49.45	15.89	6.38	6.38	6.38	6.38	278.80	43.73	4.38	278.80	43.73	4.38	557.60	7.27	7.27	0.00
PIPE_ES_0.5	70	0.839	0.839	0.146	0.146	0.000	0.000	0	0	0	0.32	1.08	3.98	0.42	0.42	0.42	0.42	0.02	0.05	0.25	0.02	0.05	0.25	0.04	0.16	0.16	0.00
PIPE_ES_0.75	70	1.051	1.051	0.154	0.154	0.000	0.000	0	0	0	0.43	1.47	4.19	0.53	0.53	0.53	0.53	0.04	0.09	0.32	0.04	0.09	0.32	0.09	0.22	0.22	0.00
PIPE_ES_1	70	1.315	1.315	0.177	0.177	0.000	0.000	0	0	0	0.63	2.15	4.46	0.66	0.66	0.66	0.66	0.10	0.16	0.41	0.10	0.16	0.41	0.21	0.32	0.32	0.00
PIPE_ES_1_0.25	70	1.661	1.661	0.193	0.193	0.000	0.000	0	0	0	0.89	3.03	4.80	0.83	0.83	0.83	0.83	0.24	0.29	0.52	0.24	0.29	0.52	0.49	0.44	0.44	0.00
PIPE_ES_1_0.5	70	1.902	1.902	0.201	0.201	0.000	0.000	0	0	0	1.07	3.65	5.04	0.95	0.95	0.95	0.95	0.39	0.41	0.61	0.39	0.41	0.61	0.79	0.54	0.54	0.00
PIPE_ES_2	70	2.374	2.374	0.217	0.217	0.000	0.000	0	0	0	1.47	4.99	5.52	1.19	1.19	1.19	1.19	0.86	0.73	0.77	0.86	0.73	0.77	1.73	0.73	0.73	0.00
PIPE_ES_2_0.5	70	2.874	2.874	0.276	0.276	0.000	0.000	0	0	0	2.25	7.65	6.02	1.44	1.44	1.44	1.44	1.92	1.34	0.92	1.92	1.34	0.92	3.84	1.12	1.12	0.00
PIPE_ES_3	70	3.500	3.500	0.299	0.299	0.000	0.000	0	0	0	3.01	10.23	6.64	1.75	1.75	1.75	1.75	3.89	2.22	1.14	3.89	2.22	1.14	7.77	1.50	1.50	0.00
PIPE_ES_3_0.5	70	4.000	4.000	0.319	0.319	0.000	0.000	0	0	0	3.69	12.54	7.14	2.00	2.00	2.00	2.00	6.29	3.15	1.31	6.29	3.15	1.31	12.59	1.84	1.84	0.00
PIPE_ES_4	70	4.500	4.500	0.339	0.339	0.000	0.000	0	0	0	4.43	15.05	7.64	2.25	2.25	2.25	2.25	9.65	4.29	1.48	9.65	4.29	1.48	19.29	2.21	2.21	0.00
PIPE_ES_5	70	5.563	5.563	0.374	0.374	0.000	0.000	0	0	0	6.10	20.73	8.70	2.78	2.78	2.78	2.78	20.63	7.42	1.84	20.63	7.42	1.84	41.25	3.05	3.05	0.00
PIPE_ES_6	70	6.626	6.626	0.433	0.433	0.000	0.000	0	0	0	8.43	28.65	9.77	3.31	3.31	3.31	3.31	40.59	12.25	2.19	40.59	12.25	2.19	81.18	4.21	4.21	0.00
PIPE_ES_8	70	8.626	8.626	0.500	0.500	0.000	0.000	0	0	0	12.76	43.40	11.77	4.31	4.31	4.31	4.31	105.75	24.52	2.88	105.75	24.52	2.88	211.51	6.38	6.38	0.00
PIPE_ES_10	70	10.752	10.752	0.500	0.500	0.000	0.000	0	0	0	16.10	54.75	13.89	5.38	5.38	5.38	5.38	212.07	39.45	3.63	212.07	39.45	3.63	424.14	8.05	8.05	0.00
PIPE_ES_12	70	12.752	12.752	0.500	0.500	0.000	0.000	0	0	0	19.25	65.43	15.89	6.38	6.38	6.38	6.38	361.72	56.73	4.34	361.72	56.73	4.34	723.44	9.62	9.62	0.00
PIPE_DES_2	70	2.374	2.374	0.437	0.437	0.000	0.000	0	0	0	2.66	9.04	5.52	1.19	1.19	1.19	1.19	1.31	1.10	0.70	1.31	1.10	0.70	2.62	1.33	1.33	0.00
PIPE_DES_2_0.5	70	2.874	2.874	0.551	0.551	0.000	0.000	0	0	0	4.02	13.68	6.02	1.44	1.44	1.44	1.44	2.87	1.99	0.84	2.87	1.99	0.84	5.73	2.01	2.01	0.00
PIPE_DES_3	70	3.500	3.500	0.598	0.598	0.000	0.000	0	0	0	5.45	18.55	6.64	1.75	1.75	1.75	1.75	5.98	3.42	1.05	5.98	3.42	1.05	11.97	2.73	2.73	0.00
PIPE_DES_4	70	4.500	4.500	0.673	0.673	0.000	0.000	0	0	0	8.09	27.52	7.64	2.25	2.25	2.25	2.25	15.27	6.79	1.37	15.27	6.79	1.37	30.55	4.05	4.05	0.00
PIPE_DES_5	70	5.563	5.563	0.752	0.752	0.000	0.000	0	0	0	11.37	38.64	8.70	2.78	2.78	2.78	2.78	33.69	12.11	1.72	33.69	12.11	1.72	67.37	5.68	5.68	0.00
PIPE_DES_6	70	6.626	6.626	0.862	0.862	0.000	0.000	0	0	0	15.61	53.08	9.77	3.31	3.31	3.31	3.31	66.28	20.01	2.06	66.28	20.01	2.06	132.57	7.81	7.81	0.00
PIPE_DES_8	70	8.626	8.626	0.874	0.874	0.000	0.000	0	0	0	21.29	72.37	11.77	4.31	4.31	4.31	4.31	161.92	37.54	2.76	161.92	37.54	2.76	323.84	10.64	10.64	0.00
																											
																											
																											
