PartNumber	Code	D(in)	Bf(in)	Tw(in)	Tf(in)	R1(in)	R2(in)	SLOPE(deg)	Sx(in)	Sy(in)	A(in2)	P(lb_ft)	L(in)	vxm(in)	vxp(in)	vym(in)	vyp(in)	Ix(in4)	Vx(in3)	Gx(in)	Iy(in4)	Vy(in3)	Gy(in)	J(in4)	Ax(in2)	Ay(in2)	Alpha(deg)
W44x285	10	44.020	11.811	1.024	1.772	0.938	0.000	0	0	0	84.1	285.8	131.63	5.91	5.91	22.01	22.01	24650	1120	17.12	491	83	2.42	75.79	27.91	45.08	0
W44x248	10	43.620	11.811	0.865	1.575	0.938	0.000	0	0	0	73.0	248.1	131.14	5.91	5.91	21.81	21.81	21531	987	17.18	435	74	2.44	51.34	24.80	37.73	0
W44x224	10	43.310	11.811	0.787	1.416	0.875	0.000	0	0	0	66.0	224.3	130.79	5.91	5.91	21.66	21.66	19296	891	17.10	391	66	2.43	37.61	22.30	34.08	0
W44x198	10	42.910	11.811	0.709	1.220	0.875	0.000	0	0	0	58.2	197.8	130.14	5.91	5.91	21.46	21.46	16706	779	16.95	336	57	2.40	24.84	19.21	30.42	0
W40x328	10	40.000	17.910	0.910	1.730	1.375	0.000	0	0	0	96.8	329.3	147.46	8.96	8.96	20.00	20.00	26929	1346	16.68	1660	185	4.14	92.30	41.31	36.40	0
W40x298	10	39.690	17.830	0.830	1.575	1.438	0.000	0	0	0	88.3	300.1	146.57	8.92	8.92	19.85	19.85	24356	1227	16.61	1491	167	4.11	69.43	37.44	32.94	0
W40x268	10	39.370	17.750	0.750	1.415	1.375	0.000	0	0	0	79.3	269.5	145.88	8.88	8.88	19.69	19.69	21672	1101	16.54	1321	149	4.08	50.26	33.49	29.53	0
W40x244	10	39.060	17.710	0.710	1.260	1.375	0.000	0	0	0	72.2	245.5	145.18	8.86	8.86	19.53	19.53	19358	991	16.37	1168	132	4.02	36.37	29.75	27.73	0
W40x221	10	38.670	17.710	0.710	1.065	1.375	0.000	0	0	0	65.3	222.0	144.40	8.86	8.86	19.34	19.34	16750	866	16.02	988	112	3.89	24.21	25.15	27.46	0
W40x192	10	38.200	17.710	0.710	0.830	1.375	0.000	0	0	0	57.0	193.7	143.46	8.86	8.86	19.10	19.10	13676	716	15.49	770	87	3.68	14.44	19.60	27.12	0
W40x655	10	43.620	16.870	1.970	3.540	1.375	0.000	0	0	0	193.0	656.4	148.42	8.44	8.44	21.81	21.81	56625	2596	17.13	2859	339	3.85	769.66	79.63	85.93	0
W40x593	10	42.990	16.690	1.790	3.230	1.375	0.000	0	0	0	174.8	594.4	146.80	8.35	8.35	21.50	21.50	50500	2349	17.00	2523	302	3.80	578.22	71.88	76.95	0
W40x531	10	42.340	16.510	1.610	2.910	1.375	0.000	0	0	0	156.5	532.1	145.14	8.26	8.26	21.17	21.17	44474	2101	16.86	2197	266	3.75	418.64	64.06	68.17	0
W40x480	10	41.810	16.360	1.460	2.640	1.375	0.000	0	0	0	141.3	480.5	143.78	8.18	8.18	20.91	20.91	39638	1896	16.75	1938	237	3.70	310.15	57.59	61.04	0
W40x436	10	41.340	16.240	1.340	2.400	1.438	0.000	0	0	0	128.7	437.5	142.49	8.12	8.12	20.67	20.67	35607	1723	16.63	1722	212	3.66	232.67	51.97	55.40	0
W40x397	10	40.950	16.120	1.220	2.200	1.438	0.000	0	0	0	117.3	398.8	141.47	8.06	8.06	20.48	20.48	32190	1572	16.57	1543	191	3.63	177.52	47.29	49.96	0
W40x362	10	40.550	16.020	1.120	2.010	1.375	0.000	0	0	0	106.9	363.6	140.58	8.01	8.01	20.28	20.28	29009	1431	16.47	1383	173	3.60	134.99	42.93	45.42	0
W40x324	10	40.160	15.905	1.000	1.810	1.375	0.000	0	0	0	95.7	325.5	139.58	7.95	7.95	20.08	20.08	25775	1284	16.41	1218	153	3.57	97.57	38.38	40.16	0
W40x297	10	39.840	15.825	0.930	1.650	1.438	0.000	0	0	0	88.0	299.1	138.65	7.91	7.91	19.92	19.92	23406	1175	16.31	1094	138	3.53	74.35	34.82	37.05	0
W40x277	10	39.690	15.830	0.830	1.575	1.438	0.000	0	0	0	82.0	278.7	138.57	7.92	7.92	19.85	19.85	22067	1112	16.41	1044	132	3.57	62.65	33.24	32.94	0
W40x249	10	39.380	15.750	0.750	1.420	1.375	0.000	0	0	0	73.8	250.8	137.90	7.88	7.88	19.69	19.69	19694	1000	16.34	927	118	3.54	45.76	29.82	29.54	0
W40x215	10	38.980	15.750	0.650	1.220	1.375	0.000	0	0	0	63.8	216.9	137.30	7.88	7.88	19.49	19.49	16870	866	16.26	796	101	3.53	29.13	25.62	25.34	0
W40x199	10	38.670	15.750	0.650	1.065	1.375	0.000	0	0	0	58.9	200.3	136.68	7.88	7.88	19.34	19.34	15030	777	15.97	695	88	3.43	20.84	22.37	25.14	0
W40x183	10	38.980	11.810	0.650	1.220	1.375	0.000	0	0	0	54.2	184.2	121.54	5.91	5.91	19.49	19.49	13442	690	15.75	337	57	2.49	22.93	19.21	25.34	0
W40x167	10	38.590	11.810	0.650	1.025	1.438	0.000	0	0	0	49.7	169.1	120.65	5.91	5.91	19.30	19.30	11757	609	15.38	283	48	2.39	15.37	16.14	25.08	0
W40x149	10	38.200	11.810	0.630	0.830	1.438	0.000	0	0	0	44.4	151.0	119.91	5.91	5.91	19.10	19.10	9979	522	14.99	229	39	2.27	9.81	13.07	24.07	0
W36x848	10	42.450	18.130	2.520	4.530	1.188	0.000	0	0	0	249.6	848.7	150.34	9.07	9.07	21.23	21.23	67473	3179	16.44	4547	502	4.27	1692.19	109.51	106.97	0
W36x798	10	41.970	17.990	2.380	4.290	1.125	0.000	0	0	0	234.9	798.7	149.21	9.00	9.00	20.99	20.99	62701	2988	16.34	4203	467	4.23	1426.05	102.90	99.89	0
W36x720	10	41.190	17.775	2.165	3.900	1.188	0.000	0	0	0	212.1	721.3	147.11	8.89	8.89	20.60	20.60	55417	2691	16.16	3681	414	4.17	1060.64	92.43	89.18	0
W36x650	10	40.470	17.575	1.970	3.540	1.125	0.000	0	0	0	191.3	650.4	145.37	8.79	8.79	20.24	20.24	48961	2420	16.00	3226	367	4.11	786.33	82.95	79.73	0
W36x588	10	39.840	17.400	1.790	3.230	1.125	0.000	0	0	0	173.2	589.0	143.77	8.70	8.70	19.92	19.92	43603	2189	15.86	2853	328	4.06	591.13	74.94	71.31	0
W36x527	10	39.210	17.220	1.610	2.910	1.125	0.000	0	0	0	155.1	527.2	142.15	8.61	8.61	19.61	19.61	38374	1957	15.73	2489	289	4.01	428.14	66.81	63.13	0
W36x485	10	38.740	17.105	1.500	2.680	1.125	0.000	0	0	0	142.8	485.7	140.97	8.55	8.55	19.37	19.37	34802	1797	15.61	2246	263	3.97	334.17	61.12	58.11	0
W36x439	10	38.260	16.965	1.360	2.440	1.125	0.000	0	0	0	129.3	439.5	139.73	8.48	8.48	19.13	19.13	31106	1626	15.51	1994	235	3.93	249.97	55.19	52.03	0
W36x393	10	37.800	16.830	1.220	2.200	1.125	0.000	0	0	0	115.9	394.0	138.55	8.42	8.42	18.90	18.90	27575	1459	15.43	1754	208	3.89	181.59	49.37	46.12	0
W36x359	10	37.400	16.730	1.120	2.010	1.125	0.000	0	0	0	105.7	359.5	137.55	8.37	8.37	18.70	18.70	24846	1329	15.33	1573	188	3.86	138.07	44.84	41.89	0
W36x328	10	37.090	16.630	1.020	1.850	1.125	0.000	0	0	0	96.7	328.7	136.73	8.32	8.32	18.55	18.55	22579	1218	15.28	1422	171	3.83	106.61	41.02	37.83	0
W36x300	10	36.740	16.655	0.945	1.680	1.125	0.000	0	0	0	88.6	301.2	136.28	8.33	8.33	18.37	18.37	20433	1112	15.19	1297	156	3.83	80.65	37.31	34.72	0
W36x280	10	36.520	16.594	0.886	1.571	1.125	0.000	0	0	0	82.8	281.5	135.71	8.30	8.30	18.26	18.26	18969	1039	15.14	1199	144	3.81	65.80	34.76	32.35	0
W36x260	10	36.260	16.551	0.839	1.441	1.125	0.000	0	0	0	76.8	261.0	135.12	8.28	8.28	18.13	18.13	17357	957	15.04	1091	132	3.77	51.45	31.80	30.41	0
W36x245	10	36.079	16.512	0.799	1.350	1.125	0.000	0	0	0	72.4	246.0	134.67	8.26	8.26	18.04	18.04	16223	899	14.97	1015	123	3.75	42.62	29.73	28.83	0
W36x230	10	35.902	16.469	0.760	1.260	1.125	0.000	0	0	0	67.9	231.0	134.23	8.23	8.23	17.95	17.95	15104	841	14.91	940	114	3.72	34.89	27.66	27.28	0
W36x256	10	37.430	12.215	0.960	1.730	0.875	0.000	0	0	0	75.5	256.8	120.30	6.11	6.11	18.72	18.72	16798	898	14.91	528	87	2.64	67.84	28.18	35.93	0
W36x232	10	37.120	12.120	0.870	1.570	0.938	0.000	0	0	0	68.4	232.5	119.37	6.06	6.06	18.56	18.56	15089	813	14.86	468	77	2.62	50.35	25.37	32.29	0
W36x210	10	36.689	12.181	0.831	1.358	0.938	0.000	0	0	0	62.1	211.0	118.83	6.09	6.09	18.34	18.34	13258	723	14.62	411	67	2.57	34.89	22.06	30.48	0
W36x194	10	36.488	12.114	0.764	1.260	0.938	0.000	0	0	0	57.2	194.6	118.30	6.06	6.06	18.24	18.24	12181	668	14.59	375	62	2.56	27.55	20.35	27.87	0
W36x182	10	36.331	12.075	0.724	1.181	0.938	0.000	0	0	0	53.9	183.2	117.90	6.04	6.04	18.17	18.17	11392	627	14.54	348	58	2.54	22.84	19.02	26.32	0
W36x170	10	36.169	12.031	0.681	1.098	0.875	0.000	0	0	0	50.2	170.8	117.60	6.02	6.02	18.08	18.08	10541	583	14.49	320	53	2.52	18.47	17.62	24.63	0
W36x160	10	36.012	12.000	0.650	1.020	0.938	0.000	0	0	0	47.3	160.8	117.11	6.00	6.00	18.01	18.01	9828	546	14.42	295	49	2.50	15.06	16.31	23.39	0
W36x150	10	35.850	11.976	0.626	0.941	0.938	0.000	0	0	0	44.6	151.5	116.74	5.99	5.99	17.93	17.93	9125	509	14.31	270	45	2.46	12.26	15.03	22.44	0
W36x135	10	35.551	11.949	0.598	0.791	0.875	0.000	0	0	0	39.9	135.6	116.20	5.97	5.97	17.78	17.78	7853	442	14.03	226	38	2.38	8.29	12.61	21.27	0
W33x619	10	38.470	16.910	1.970	3.540	0.813	0.000	0	0	0	182.1	619.2	139.25	8.46	8.46	19.24	19.24	41858	2176	15.16	2874	340	3.97	754.13	79.82	75.79	0
W33x567	10	37.910	16.750	1.810	3.270	0.813	0.000	0	0	0	166.9	567.4	137.81	8.38	8.38	18.96	18.96	37752	1992	15.04	2577	308	3.93	588.19	73.03	68.62	0
W33x515	10	37.360	16.590	1.650	2.990	0.813	0.000	0	0	0	151.6	515.3	136.39	8.30	8.30	18.68	18.68	33758	1807	14.92	2288	276	3.89	445.42	66.14	61.64	0
W33x468	10	36.810	16.455	1.520	2.720	0.750	0.000	0	0	0	137.7	468.1	135.11	8.23	8.23	18.41	18.41	30089	1635	14.78	2029	247	3.84	334.72	59.68	55.95	0
W33x424	10	36.340	16.315	1.380	2.480	0.813	0.000	0	0	0	124.8	424.3	133.79	8.16	8.16	18.17	18.17	26926	1482	14.69	1802	221	3.80	251.41	53.95	50.15	0
W33x387	10	35.950	16.200	1.260	2.280	0.875	0.000	0	0	0	114.1	387.9	132.68	8.10	8.10	17.98	17.98	24374	1356	14.62	1621	200	3.77	193.62	49.25	45.30	0
W33x354	10	35.550	16.100	1.160	2.090	0.813	0.000	0	0	0	104.3	354.5	131.79	8.05	8.05	17.78	17.78	21981	1237	14.52	1458	181	3.74	148.60	44.87	41.24	0
W33x318	10	35.160	15.985	1.040	1.890	0.813	0.000	0	0	0	93.6	318.3	130.79	7.99	7.99	17.58	17.58	19553	1112	14.45	1290	161	3.71	108.83	40.28	36.57	0
W33x291	10	34.840	15.905	0.960	1.730	0.813	0.000	0	0	0	85.7	291.5	129.99	7.95	7.95	17.42	17.42	17704	1016	14.37	1163	146	3.68	83.40	36.69	33.45	0
W33x263	10	34.530	15.805	0.870	1.570	0.813	0.000	0	0	0	77.5	263.5	129.15	7.90	7.90	17.27	17.27	15867	919	14.31	1035	131	3.65	61.97	33.09	30.04	0
W33x241	10	34.181	15.858	0.831	1.402	0.813	0.000	0	0	0	71.1	241.7	128.74	7.93	7.93	17.09	17.09	14223	832	14.15	933	118	3.62	45.64	29.64	28.39	0
W33x221	10	33.929	15.803	0.776	1.276	0.813	0.000	0	0	0	65.2	221.7	128.12	7.90	7.90	16.96	16.96	12885	760	14.06	840	106	3.59	34.77	26.88	26.32	0
W33x201	10	33.681	15.744	0.717	1.150	0.813	0.000	0	0	0	59.3	201.5	127.51	7.87	7.87	16.84	16.84	11563	687	13.97	749	95	3.56	25.73	24.13	24.13	0
W33x169	10	33.820	11.500	0.670	1.220	0.813	0.000	0	0	0	49.7	168.8	110.91	5.75	5.75	16.91	16.91	9320	551	13.70	310	54	2.50	22.19	18.71	22.66	0
W33x152	10	33.488	11.567	0.634	1.055	0.813	0.000	0	0	0	44.9	152.5	110.58	5.78	5.78	16.74	16.74	8189	489	13.51	273	47	2.47	15.24	16.27	21.23	0
W33x141	10	33.299	11.535	0.606	0.961	0.813	0.000	0	0	0	41.8	142.0	110.13	5.77	5.77	16.65	16.65	7493	450	13.40	246	43	2.43	11.89	14.78	20.19	0
W33x130	10	33.091	11.512	0.579	0.854	0.813	0.000	0	0	0	38.4	130.6	109.68	5.76	5.76	16.55	16.55	6738	407	13.25	218	38	2.38	8.86	13.11	19.15	0
W33x118	10	32.858	11.480	0.551	0.740	0.813	0.000	0	0	0	34.9	118.5	109.14	5.74	5.74	16.43	16.43	5939	361	13.05	187	33	2.32	6.31	11.33	18.11	0
W30x581	10	35.390	16.200	1.970	3.540	0.750	0.000	0	0	0	170.9	581.2	130.35	8.10	8.10	17.70	17.70	33027	1866	13.90	2527	312	3.84	716.63	76.46	69.72	0
W30x526	10	34.760	16.020	1.790	3.230	0.750	0.000	0	0	0	154.6	525.7	128.73	8.01	8.01	17.38	17.38	29286	1685	13.76	2227	278	3.80	538.20	68.99	62.22	0
W30x477	10	34.210	15.865	1.630	2.950	0.750	0.000	0	0	0	140.2	476.8	127.33	7.93	7.93	17.11	17.11	26111	1527	13.65	1974	249	3.75	406.11	62.40	55.76	0
W30x433	10	33.660	15.725	1.500	2.680	0.750	0.000	0	0	0	127.2	432.5	125.93	7.86	7.86	16.83	16.83	23202	1379	13.50	1745	222	3.70	303.72	56.19	50.49	0
W30x391	10	33.190	15.590	1.360	2.440	0.813	0.000	0	0	0	115.1	391.5	124.63	7.80	7.80	16.60	16.60	20704	1248	13.41	1547	198	3.67	227.13	50.72	45.14	0
W30x357	10	32.800	15.470	1.240	2.240	0.750	0.000	0	0	0	104.9	356.7	123.71	7.74	7.74	16.40	16.40	18652	1137	13.33	1387	179	3.64	174.09	46.20	40.67	0
W30x326	10	32.400	15.370	1.140	2.050	0.750	0.000	0	0	0	95.8	325.6	122.71	7.69	7.69	16.20	16.20	16781	1036	13.24	1244	162	3.60	132.93	42.01	36.94	0
W30x292	10	32.010	15.255	1.020	1.850	0.750	0.000	0	0	0	85.8	291.7	121.71	7.63	7.63	16.01	16.01	14875	929	13.17	1097	144	3.58	96.73	37.63	32.65	0
W30x261	10	31.610	15.155	0.930	1.650	0.813	0.000	0	0	0	76.9	261.5	120.59	7.58	7.58	15.81	15.81	13103	829	13.05	959	127	3.53	68.87	33.34	29.40	0
W30x235	10	31.300	15.055	0.830	1.500	0.750	0.000	0	0	0	69.1	235.1	119.87	7.53	7.53	15.65	15.65	11698	747	13.01	855	114	3.52	51.05	30.11	25.98	0
W30x211	10	30.941	15.106	0.776	1.315	0.813	0.000	0	0	0	62.3	211.7	119.36	7.55	7.55	15.47	15.47	10300	666	12.86	757	100	3.49	35.49	26.49	24.00	0
W30x191	10	30.681	15.039	0.709	1.185	0.750	0.000	0	0	0	56.2	191.0	118.81	7.52	7.52	15.34	15.34	9192	599	12.79	673	89	3.46	26.06	23.76	21.74	0
W30x173	10	30.441	14.984	0.654	1.067	0.813	0.000	0	0	0	51.0	173.5	118.12	7.49	7.49	15.22	15.22	8246	542	12.71	599	80	3.43	19.20	21.32	19.89	0
W30x148	10	30.670	10.480	0.650	1.180	0.813	0.000	0	0	0	43.7	148.6	100.57	5.24	5.24	15.34	15.34	6720	438	12.40	227	43	2.28	18.29	16.49	19.94	0
W30x132	10	30.311	10.543	0.614	1.000	0.750	0.000	0	0	0	39.0	132.5	100.28	5.27	5.27	15.16	15.16	5787	382	12.19	196	37	2.24	11.98	14.06	18.62	0
W30x124	10	30.169	10.516	0.587	0.929	0.750	0.000	0	0	0	36.6	124.5	99.94	5.26	5.26	15.08	15.08	5382	357	12.12	181	34	2.22	9.79	13.03	17.70	0
W30x116	10	30.012	10.496	0.567	0.850	0.750	0.000	0	0	0	34.4	116.9	99.59	5.25	5.25	15.01	15.01	4963	331	12.01	164	31	2.19	7.83	11.90	17.01	0
W30x108	10	29.831	10.476	0.543	0.760	0.813	0.000	0	0	0	31.9	108.4	99.09	5.24	5.24	14.92	14.92	4503	302	11.89	146	28	2.14	5.95	10.61	16.21	0
W30x99	10	29.650	10.449	0.520	0.669	0.750	0.000	0	0	0	29.2	99.2	98.77	5.22	5.22	14.82	14.82	4014	271	11.73	128	24	2.09	4.44	9.32	15.41	0
W30x90	10	29.530	10.400	0.470	0.610	0.750	0.000	0	0	0	26.5	90.0	98.43	5.20	5.20	14.77	14.77	3636	246	11.72	115	22	2.08	3.32	8.46	13.88	0
W27x539	10	32.520	15.255	1.970	3.540	0.688	0.000	0	0	0	158.5	539.0	120.94	7.63	7.63	16.26	16.26	25557	1572	12.70	2111	277	3.65	670.79	72.00	64.06	0
W27x494	10	31.970	15.095	1.810	3.270	0.750	0.000	0	0	0	145.2	493.8	119.41	7.55	7.55	15.99	15.99	22973	1437	12.58	1888	250	3.61	522.78	65.81	57.87	0
W27x448	10	31.420	14.940	1.650	2.990	0.688	0.000	0	0	0	131.7	447.9	118.12	7.47	7.47	15.71	15.71	20447	1302	12.46	1672	224	3.56	395.63	59.56	51.84	0
W27x407	10	30.870	14.800	1.520	2.720	0.688	0.000	0	0	0	119.6	406.5	116.72	7.40	7.40	15.44	15.44	18147	1176	12.32	1477	200	3.52	296.82	53.67	46.92	0
W27x368	10	30.390	14.665	1.380	2.480	0.688	0.000	0	0	0	108.2	368.0	115.50	7.33	7.33	15.20	15.20	16158	1063	12.22	1309	179	3.48	222.82	48.49	41.94	0
W27x336	10	30.000	14.545	1.260	2.280	0.750	0.000	0	0	0	98.9	336.1	114.37	7.27	7.27	15.00	15.00	14575	972	12.14	1174	161	3.45	171.46	44.22	37.80	0
W27x307	10	29.610	14.445	1.160	2.090	0.750	0.000	0	0	0	90.4	307.2	113.39	7.22	7.22	14.81	14.81	13120	886	12.05	1053	146	3.41	131.49	40.25	34.35	0
W27x281	10	29.290	14.350	1.060	1.930	0.688	0.000	0	0	0	82.8	281.4	112.68	7.18	7.18	14.65	14.65	11900	813	11.99	953	133	3.39	102.53	36.93	31.05	0
W27x258	10	28.980	14.270	0.980	1.770	0.750	0.000	0	0	0	75.9	258.2	111.79	7.14	7.14	14.49	14.49	10784	744	11.92	859	120	3.36	78.96	33.68	28.40	0
W27x235	10	28.660	14.190	0.910	1.610	0.688	0.000	0	0	0	69.2	235.4	111.08	7.10	7.10	14.33	14.33	9681	676	11.82	768	108	3.33	59.63	30.46	26.08	0
W27x217	10	28.430	14.115	0.830	1.500	0.688	0.000	0	0	0	63.9	217.1	110.48	7.06	7.06	14.22	14.22	8887	625	11.80	704	100	3.32	47.59	28.23	23.60	0
W27x194	10	28.110	14.035	0.750	1.340	0.750	0.000	0	0	0	57.2	194.4	109.57	7.02	7.02	14.06	14.06	7848	558	11.72	618	88	3.29	33.92	25.08	21.08	0
W27x178	10	27.811	14.087	0.724	1.189	0.688	0.000	0	0	0	52.3	177.9	109.34	7.04	7.04	13.91	13.91	6996	503	11.56	555	79	3.26	24.71	22.33	20.15	0
W27x161	10	27.591	14.020	0.661	1.079	0.750	0.000	0	0	0	47.6	161.7	108.65	7.01	7.01	13.80	13.80	6301	457	11.51	496	71	3.23	18.44	20.16	18.25	0
W27x146	10	27.382	13.965	0.606	0.976	0.688	0.000	0	0	0	43.1	146.5	108.23	6.98	6.98	13.69	13.69	5650	413	11.45	444	64	3.21	13.72	18.18	16.60	0
W27x129	10	27.630	10.010	0.610	1.100	0.688	0.000	0	0	0	37.9	129.0	92.90	5.01	5.01	13.82	13.82	4777	346	11.22	184	37	2.20	14.05	14.68	16.85	0
W27x114	10	27.291	10.071	0.571	0.929	0.688	0.000	0	0	0	33.6	114.4	92.54	5.04	5.04	13.65	13.65	4099	300	11.04	159	32	2.17	9.05	12.48	15.58	0
W27x102	10	27.091	10.016	0.516	0.831	0.750	0.000	0	0	0	30.2	102.8	91.92	5.01	5.01	13.55	13.55	3652	270	10.99	139	28	2.15	6.49	11.09	13.97	0
W27x94	10	26.921	9.988	0.488	0.744	0.688	0.000	0	0	0	27.7	94.1	91.64	4.99	4.99	13.46	13.46	3280	244	10.89	124	25	2.12	4.85	9.91	13.14	0
W27x84	10	26.709	9.961	0.461	0.642	0.750	0.000	0	0	0	25.0	84.9	91.05	4.98	4.98	13.35	13.35	2879	216	10.74	106	21	2.06	3.36	8.52	12.30	0
W24x492	10	29.650	14.115	1.970	3.540	0.750	0.000	0	0	0	144.9	492.6	110.53	7.06	7.06	14.83	14.83	19084	1287	11.48	1674	237	3.40	617.45	66.62	58.41	0
W24x450	10	29.090	13.955	1.810	3.270	0.813	0.000	0	0	0	132.6	451.0	108.99	6.98	6.98	14.55	14.55	17092	1175	11.35	1493	214	3.35	480.83	60.84	52.65	0
W24x408	10	28.540	13.800	1.650	2.990	0.750	0.000	0	0	0	120.2	408.8	107.69	6.90	6.90	14.27	14.27	15168	1063	11.23	1319	191	3.31	363.62	55.02	47.09	0
W24x370	10	27.990	13.660	1.520	2.720	0.750	0.000	0	0	0	109.1	370.8	106.29	6.83	6.83	14.00	14.00	13421	959	11.09	1163	170	3.26	272.55	49.54	42.54	0
W24x335	10	27.520	13.520	1.380	2.480	0.750	0.000	0	0	0	98.7	335.5	105.07	6.76	6.76	13.76	13.76	11926	867	10.99	1027	152	3.23	204.42	44.71	37.98	0
W24x306	10	27.130	13.405	1.260	2.280	0.813	0.000	0	0	0	90.1	306.4	103.97	6.70	6.70	13.57	13.57	10740	792	10.92	919	137	3.19	157.26	40.75	34.18	0
W24x279	10	26.730	13.305	1.160	2.090	0.813	0.000	0	0	0	82.3	280.0	102.97	6.65	6.65	13.37	13.37	9640	721	10.82	824	124	3.16	120.52	37.08	31.01	0
W24x250	10	26.340	13.185	1.040	1.890	0.813	0.000	0	0	0	73.9	251.2	101.95	6.59	6.59	13.17	13.17	8528	648	10.74	724	110	3.13	88.14	33.23	27.39	0
W24x229	10	26.020	13.110	0.960	1.730	0.750	0.000	0	0	0	67.5	229.5	101.27	6.56	6.56	13.01	13.01	7680	590	10.67	652	99	3.11	67.48	30.24	24.98	0
W24x207	10	25.710	13.010	0.870	1.570	0.813	0.000	0	0	0	61.1	207.6	100.33	6.51	6.51	12.86	12.86	6863	534	10.60	578	89	3.08	50.07	27.23	22.37	0
W24x192	10	25.470	12.950	0.810	1.460	0.813	0.000	0	0	0	56.6	192.6	99.73	6.48	6.48	12.74	12.74	6300	495	10.55	530	82	3.06	40.12	25.21	20.63	0
W24x176	10	25.240	12.890	0.750	1.340	0.813	0.000	0	0	0	52.0	176.9	99.15	6.45	6.45	12.62	12.62	5726	454	10.49	479	74	3.04	31.00	23.03	18.93	0
W24x162	10	25.000	12.957	0.705	1.220	0.750	0.000	0	0	0	48.0	163.2	99.13	6.48	6.48	12.50	12.50	5209	417	10.42	443	68	3.04	23.84	21.08	17.62	0
W24x146	10	24.740	12.902	0.650	1.091	0.813	0.000	0	0	0	43.4	147.4	98.39	6.45	6.45	12.37	12.37	4629	374	10.33	391	61	3.00	17.18	18.76	16.07	0
W24x131	10	24.480	12.854	0.606	0.961	0.813	0.000	0	0	0	38.9	132.4	97.77	6.43	6.43	12.24	12.24	4067	332	10.22	341	53	2.96	12.05	16.46	14.84	0
W24x117	10	24.260	12.799	0.551	0.850	0.750	0.000	0	0	0	34.7	117.9	97.33	6.40	6.40	12.13	12.13	3571	294	10.15	298	47	2.93	8.46	14.51	13.37	0
W24x104	10	24.059	12.752	0.500	0.752	0.750	0.000	0	0	0	30.9	105.2	96.84	6.38	6.38	12.03	12.03	3143	261	10.08	260	41	2.90	5.92	12.79	12.03	0
W24x103	10	24.530	9.000	0.550	0.980	0.750	0.000	0	0	0	30.5	103.8	82.67	4.50	4.50	12.27	12.27	3034	247	9.97	119	27	1.98	8.97	11.76	13.49	0
W24x94	10	24.311	9.067	0.516	0.874	0.750	0.000	0	0	0	28.0	95.1	82.57	4.53	4.53	12.16	12.16	2731	225	9.88	109	24	1.97	6.59	10.57	12.54	0
W24x84	10	24.098	9.020	0.469	0.772	0.813	0.000	0	0	0	25.1	85.2	81.94	4.51	4.51	12.05	12.05	2412	200	9.81	95	21	1.94	4.60	9.28	11.29	0
W24x76	10	23.921	8.988	0.441	0.681	0.750	0.000	0	0	0	22.7	77.1	81.63	4.49	4.49	11.96	11.96	2135	179	9.70	83	18	1.91	3.30	8.16	10.55	0
W24x68	10	23.728	8.965	0.413	0.587	0.813	0.000	0	0	0	20.4	69.4	81.09	4.48	4.48	11.86	11.86	1874	158	9.58	71	16	1.86	2.26	7.01	9.81	0
W24x62	10	23.740	7.039	0.429	0.591	0.813	0.000	0	0	0	18.6	63.1	73.38	3.52	3.52	11.87	11.87	1595	134	9.27	35	10	1.36	2.03	5.54	10.19	0
W24x55	10	23.571	7.004	0.394	0.504	0.813	0.000	0	0	0	16.5	56.1	72.98	3.50	3.50	11.79	11.79	1386	118	9.16	29	8	1.33	1.37	4.71	9.28	0
W21x402	10	26.020	13.405	1.730	3.130	0.750	0.000	0	0	0	118.6	403.2	100.91	6.70	6.70	13.01	13.01	12218	939	10.15	1266	189	3.27	400.58	55.94	45.01	0
W21x364	10	25.470	13.265	1.590	2.850	0.750	0.000	0	0	0	107.5	365.6	99.53	6.63	6.63	12.74	12.74	10792	847	10.02	1116	168	3.22	300.57	50.41	40.50	0
W21x333	10	25.000	13.130	1.460	2.620	0.750	0.000	0	0	0	98.1	333.7	98.31	6.57	6.57	12.50	12.50	9639	771	9.91	994	151	3.18	231.30	45.87	36.50	0
W21x300	10	24.530	12.990	1.320	2.380	0.750	0.000	0	0	0	88.4	300.6	97.09	6.50	6.50	12.27	12.27	8509	694	9.81	874	135	3.14	171.48	41.22	32.38	0
W21x275	10	24.130	12.890	1.220	2.190	0.813	0.000	0	0	0	81.1	275.8	95.99	6.45	6.45	12.07	12.07	7653	634	9.71	785	122	3.11	132.88	37.64	29.44	0
W21x248	10	23.740	12.775	1.100	1.990	0.750	0.000	0	0	0	73.1	248.4	95.09	6.39	6.39	11.87	11.87	6783	571	9.64	694	109	3.08	98.65	33.90	26.11	0
W21x223	10	23.350	12.675	1.000	1.790	0.750	0.000	0	0	0	65.6	223.1	94.11	6.34	6.34	11.68	11.68	5975	512	9.54	609	96	3.05	71.57	30.25	23.35	0
W21x201	10	23.030	12.575	0.910	1.630	0.750	0.000	0	0	0	59.5	202.2	93.25	6.29	6.29	11.52	11.52	5334	463	9.47	542	86	3.02	53.65	27.33	20.96	0
W21x182	10	22.720	12.500	0.830	1.480	0.750	0.000	0	0	0	53.9	183.2	92.49	6.25	6.25	11.36	11.36	4759	419	9.40	483	77	2.99	40.02	24.67	18.86	0
W21x166	10	22.480	12.420	0.750	1.360	0.750	0.000	0	0	0	49.1	166.9	91.85	6.21	6.21	11.24	11.24	4300	383	9.36	435	70	2.98	30.69	22.52	16.86	0
W21x147	10	22.059	12.512	0.720	1.150	0.750	0.000	0	0	0	43.5	147.9	91.44	6.26	6.26	11.03	11.03	3657	332	9.17	376	60	2.94	19.69	19.18	15.89	0
W21x132	10	21.831	12.441	0.650	1.035	0.750	0.000	0	0	0	39.1	132.9	90.84	6.22	6.22	10.92	10.92	3251	298	9.12	333	54	2.92	14.32	17.18	14.18	0
W21x122	10	21.681	12.390	0.598	0.961	0.750	0.000	0	0	0	36.1	122.8	90.44	6.19	6.19	10.84	10.84	2987	276	9.10	305	49	2.91	11.35	15.87	12.97	0
W21x111	10	21.512	12.339	0.551	0.874	0.750	0.000	0	0	0	32.9	112.0	89.99	6.17	6.17	10.76	10.76	2698	251	9.05	274	44	2.88	8.57	14.38	11.86	0
W21x101	10	21.358	12.291	0.500	0.799	0.750	0.000	0	0	0	30.0	102.0	89.59	6.15	6.15	10.68	10.68	2444	229	9.02	248	40	2.87	6.51	13.10	10.68	0
W21x93	10	21.618	8.421	0.579	0.929	0.750	0.000	0	0	0	27.6	93.7	74.48	4.21	4.21	10.81	10.81	2093	194	8.71	93	22	1.84	7.51	10.43	12.51	0
W21x83	10	21.429	8.354	0.516	0.835	0.750	0.000	0	0	0	24.6	83.7	73.96	4.18	4.18	10.71	10.71	1857	173	8.68	81	19	1.82	5.38	9.30	11.05	0
W21x73	10	21.240	8.295	0.457	0.740	0.750	0.000	0	0	0	21.8	74.1	73.46	4.15	4.15	10.62	10.62	1630	153	8.65	71	17	1.80	3.73	8.19	9.70	0
W21x68	10	21.130	8.272	0.429	0.685	0.750	0.000	0	0	0	20.3	69.0	73.20	4.14	4.14	10.56	10.56	1506	143	8.61	65	16	1.79	2.98	7.56	9.07	0
W21x62	10	20.988	8.240	0.402	0.614	0.750	0.000	0	0	0	18.5	63.0	72.85	4.12	4.12	10.49	10.49	1354	129	8.55	57	14	1.76	2.21	6.75	8.43	0
W21x57	10	21.059	6.555	0.406	0.650	0.750	0.000	0	0	0	17.0	57.8	66.24	3.28	3.28	10.53	10.53	1193	113	8.38	31	9	1.34	2.13	5.68	8.54	0
W21x50	10	20.831	6.531	0.382	0.535	0.750	0.000	0	0	0	15.0	51.1	65.74	3.27	3.27	10.42	10.42	1011	97	8.21	25	8	1.29	1.35	4.66	7.96	0
W21x44	10	20.661	6.500	0.350	0.449	0.750	0.000	0	0	0	13.2	45.0	65.33	3.25	3.25	10.33	10.33	867	84	8.09	21	6	1.25	0.88	3.89	7.24	0
W18x311	10	22.320	12.005	1.520	2.740	0.688	0.000	0	0	0	91.8	312.1	88.44	6.00	6.00	11.16	11.16	6979	625	8.72	795	133	2.94	239.65	43.86	33.93	0
W18x283	10	21.850	11.890	1.400	2.500	0.688	0.000	0	0	0	83.4	283.7	87.28	5.95	5.95	10.93	10.93	6182	566	8.61	705	119	2.91	181.05	39.63	30.59	0
W18x258	10	21.460	11.770	1.280	2.300	0.688	0.000	0	0	0	76.1	258.8	86.26	5.89	5.89	10.73	10.73	5532	516	8.52	628	107	2.87	139.43	36.09	27.47	0
W18x234	10	21.060	11.650	1.160	2.110	0.625	0.000	0	0	0	69.0	234.7	85.33	5.83	5.83	10.53	10.53	4917	467	8.44	558	96	2.84	106.24	32.78	24.43	0
W18x211	10	20.670	11.555	1.060	1.910	0.625	0.000	0	0	0	62.3	211.9	84.37	5.78	5.78	10.34	10.34	4343	420	8.35	493	85	2.81	78.47	29.43	21.91	0
W18x192	10	20.350	11.455	0.960	1.750	0.688	0.000	0	0	0	56.7	192.7	83.42	5.73	5.73	10.18	10.18	3888	382	8.28	440	77	2.79	59.67	26.73	19.54	0
W18x175	10	20.040	11.375	0.890	1.590	0.688	0.000	0	0	0	51.6	175.4	82.62	5.69	5.69	10.02	10.02	3469	346	8.20	391	69	2.75	44.78	24.12	17.84	0
W18x158	10	19.720	11.300	0.810	1.440	0.688	0.000	0	0	0	46.6	158.4	81.84	5.65	5.65	9.86	9.86	3074	312	8.12	347	61	2.73	33.12	21.70	15.97	0
W18x143	10	19.490	11.220	0.730	1.320	0.688	0.000	0	0	0	42.3	143.9	81.22	5.61	5.61	9.75	9.75	2768	284	8.09	311	56	2.71	25.21	19.75	14.23	0
W18x130	10	19.250	11.160	0.670	1.200	0.688	0.000	0	0	0	38.5	130.8	80.62	5.58	5.58	9.63	9.63	2480	258	8.03	279	50	2.69	18.91	17.86	12.90	0
W18x119	10	18.969	11.264	0.654	1.059	0.688	0.000	0	0	0	35.3	119.9	80.50	5.63	5.63	9.48	9.48	2204	232	7.90	253	45	2.68	13.63	15.91	12.40	0
W18x106	10	18.728	11.201	0.591	0.941	0.688	0.000	0	0	0	31.4	106.9	79.90	5.60	5.60	9.36	9.36	1932	206	7.84	221	39	2.65	9.59	14.05	11.06	0
W18x97	10	18.591	11.146	0.535	0.870	0.688	0.000	0	0	0	28.8	98.0	79.51	5.57	5.57	9.30	9.30	1765	190	7.83	201	36	2.64	7.48	12.93	9.95	0
W18x86	10	18.390	11.091	0.480	0.772	0.688	0.000	0	0	0	25.6	87.1	79.00	5.55	5.55	9.19	9.19	1548	168	7.77	176	32	2.62	5.23	11.41	8.83	0
W18x76	10	18.209	11.035	0.425	0.681	0.688	0.000	0	0	0	22.6	76.8	78.53	5.52	5.52	9.10	9.10	1352	149	7.74	153	28	2.60	3.58	10.02	7.74	0
W18x71	10	18.469	7.634	0.496	0.811	0.688	0.000	0	0	0	21.1	71.9	65.30	3.82	3.82	9.23	9.23	1191	129	7.51	60	16	1.69	4.42	8.25	9.16	0
W18x65	10	18.350	7.591	0.449	0.752	0.688	0.000	0	0	0	19.4	65.9	64.99	3.80	3.80	9.18	9.18	1091	119	7.50	55	14	1.68	3.46	7.61	8.24	0
W18x60	10	18.240	7.555	0.413	0.697	0.688	0.000	0	0	0	17.9	60.9	64.69	3.78	3.78	9.12	9.12	1003	110	7.49	50	13	1.68	2.73	7.02	7.54	0
W18x55	10	18.110	7.531	0.390	0.630	0.688	0.000	0	0	0	16.5	56.0	64.39	3.77	3.77	9.06	9.06	908	100	7.43	45	12	1.65	2.06	6.33	7.06	0
W18x50	10	17.988	7.496	0.354	0.571	0.688	0.000	0	0	0	14.9	50.8	64.07	3.75	3.75	8.99	8.99	818	91	7.40	40	11	1.64	1.53	5.71	6.37	0
W18x46	10	18.059	6.059	0.358	0.606	0.625	0.000	0	0	0	13.7	46.6	58.56	3.03	3.03	9.03	9.03	725	80	7.27	23	7	1.28	1.51	4.90	6.47	0
W18x40	10	17.902	6.016	0.315	0.524	0.688	0.000	0	0	0	12.0	40.8	58.06	3.01	3.01	8.95	8.95	629	70	7.24	19	6	1.26	0.98	4.20	5.64	0
W18x35	10	17.701	6.000	0.299	0.425	0.688	0.000	0	0	0	10.5	35.9	57.62	3.00	3.00	8.85	8.85	528	60	7.07	15	5	1.21	0.60	3.40	5.30	0
W16x100	10	16.969	10.425	0.587	0.984	0.688	0.000	0	0	0	29.7	101.1	73.28	5.21	5.21	8.48	8.48	1499	177	7.10	186	36	2.50	9.93	13.68	9.95	0
W16x89	10	16.752	10.366	0.524	0.874	0.688	0.000	0	0	0	26.4	89.7	72.74	5.18	5.18	8.38	8.38	1313	157	7.05	163	31	2.48	6.93	12.08	8.77	0
W16x77	10	16.520	10.295	0.457	0.760	0.688	0.000	0	0	0	22.9	77.9	72.13	5.15	5.15	8.26	8.26	1123	136	7.00	138	27	2.46	4.53	10.43	7.54	0
W16x67	10	16.331	10.236	0.394	0.665	0.688	0.000	0	0	0	19.9	67.8	71.64	5.12	5.12	8.17	8.17	969	119	6.97	119	23	2.44	3.01	9.08	6.43	0
W16x57	10	16.429	7.118	0.429	0.717	0.688	0.000	0	0	0	17.0	57.9	59.29	3.56	3.56	8.21	8.21	773	94	6.73	43	12	1.59	2.78	6.80	7.05	0
W16x50	10	16.260	7.071	0.382	0.630	0.688	0.000	0	0	0	15.0	51.1	58.86	3.54	3.54	8.13	8.13	674	83	6.69	37	11	1.57	1.89	5.94	6.21	0
W16x45	10	16.130	7.035	0.346	0.567	0.688	0.000	0	0	0	13.6	46.2	58.53	3.52	3.52	8.06	8.06	603	75	6.66	33	9	1.56	1.38	5.32	5.59	0
W16x40	10	16.012	6.996	0.303	0.504	0.688	0.000	0	0	0	12.0	40.8	58.22	3.50	3.50	8.01	8.01	531	66	6.65	29	8	1.55	0.96	4.70	4.85	0
W16x36	10	15.858	6.984	0.295	0.429	0.688	0.000	0	0	0	10.8	36.8	57.88	3.49	3.49	7.93	7.93	462	58	6.53	24	7	1.50	0.65	4.00	4.68	0
W16x31	10	15.882	5.524	0.276	0.441	0.688	0.000	0	0	0	9.4	32.0	52.13	2.76	2.76	7.94	7.94	390	49	6.44	12	5	1.15	0.55	3.25	4.38	0
W16x26	10	15.689	5.500	0.252	0.346	0.688	0.000	0	0	0	8.0	27.2	51.69	2.75	2.75	7.84	7.84	317	40	6.30	10	4	1.10	0.30	2.54	3.95	0
W14x730	10	22.421	17.890	3.071	4.909	0.625	0.000	0	0	0	214.7	730.0	109.19	8.94	8.94	11.21	11.21	14345	1280	8.17	4716	527	4.69	1992.80	117.11	68.85	0
W14x665	10	21.642	17.650	2.831	4.520	0.688	0.000	0	0	0	195.6	665.1	107.04	8.82	8.82	10.82	10.82	12452	1151	7.98	4166	472	4.61	1536.12	106.36	61.26	0
W14x605	10	20.921	17.413	2.594	4.161	0.625	0.000	0	0	0	178.0	605.0	105.23	8.71	8.71	10.46	10.46	10832	1035	7.80	3681	423	4.55	1182.92	96.62	54.28	0
W14x550	10	20.240	17.201	2.382	3.819	0.688	0.000	0	0	0	161.8	550.1	103.34	8.60	8.60	10.12	10.12	9429	932	7.63	3254	378	4.48	904.06	87.58	48.21	0
W14x500	10	19.598	17.012	2.189	3.500	0.688	0.000	0	0	0	147.1	500.0	101.69	8.51	8.51	9.80	9.80	8217	839	7.47	2884	339	4.43	689.39	79.39	42.90	0
W14x455	10	19.020	16.835	2.016	3.209	0.688	0.000	0	0	0	133.8	455.1	100.17	8.42	8.42	9.51	9.51	7196	757	7.33	2561	304	4.37	526.71	72.02	38.34	0
W14x426	10	18.669	16.697	1.874	3.035	0.625	0.000	0	0	0	125.3	426.1	99.30	8.35	8.35	9.33	9.33	6597	707	7.26	2362	283	4.34	440.64	67.58	34.99	0
W14x398	10	18.291	16.591	1.772	2.846	0.625	0.000	0	0	0	117.1	398.2	98.33	8.30	8.30	9.15	9.15	6004	657	7.16	2173	262	4.31	361.97	62.97	32.41	0
W14x370	10	17.921	16.476	1.654	2.661	0.625	0.000	0	0	0	108.9	370.2	97.37	8.24	8.24	8.96	8.96	5446	608	7.07	1989	241	4.27	293.87	58.47	29.63	0
W14x342	10	17.539	16.358	1.539	2.469	0.625	0.000	0	0	0	100.5	341.7	96.36	8.18	8.18	8.77	8.77	4896	558	6.98	1805	221	4.24	233.17	53.84	27.00	0
W14x311	10	17.118	16.228	1.409	2.260	0.688	0.000	0	0	0	91.5	311.1	95.15	8.11	8.11	8.56	8.56	4330	506	6.88	1613	199	4.20	177.60	48.90	24.13	0
W14x283	10	16.740	16.110	1.291	2.071	0.688	0.000	0	0	0	83.4	283.6	94.16	8.06	8.06	8.37	8.37	3844	459	6.79	1446	179	4.16	135.75	44.48	21.62	0
W14x257	10	16.382	15.996	1.173	1.890	0.688	0.000	0	0	0	75.6	257.2	93.22	8.00	8.00	8.19	8.19	3403	416	6.71	1291	161	4.13	102.38	40.31	19.22	0
W14x233	10	16.039	15.890	1.071	1.720	0.625	0.000	0	0	0	68.5	232.9	92.42	7.94	7.94	8.02	8.02	3007	375	6.63	1152	145	4.10	76.84	36.45	17.18	0
W14x211	10	15.720	15.799	0.980	1.559	0.688	0.000	0	0	0	62.0	210.9	91.50	7.90	7.90	7.86	7.86	2659	338	6.55	1026	130	4.07	57.03	32.84	15.41	0
W14x193	10	15.480	15.709	0.890	1.441	0.688	0.000	0	0	0	56.9	193.4	90.84	7.85	7.85	7.74	7.74	2402	310	6.50	932	119	4.05	44.58	30.18	13.77	0
W14x176	10	15.220	15.650	0.831	1.311	0.688	0.000	0	0	0	51.9	176.5	90.20	7.82	7.82	7.61	7.61	2144	282	6.43	838	107	4.02	33.69	27.36	12.64	0
W14x159	10	14.980	15.567	0.744	1.189	0.688	0.000	0	0	0	46.8	159.1	89.56	7.78	7.78	7.49	7.49	1904	254	6.38	748	96	4.00	24.93	24.68	11.15	0
W14x145	10	14.780	15.500	0.681	1.091	0.688	0.000	0	0	0	42.8	145.5	89.02	7.75	7.75	7.39	7.39	1716	232	6.33	677	87	3.98	19.15	22.54	10.07	0
W14x132	10	14.661	14.724	0.646	1.031	0.688	0.000	0	0	0	38.9	132.3	85.75	7.36	7.36	7.33	7.33	1536	210	6.28	549	75	3.76	15.47	20.25	9.47	0
W14x120	10	14.480	14.669	0.591	0.941	0.688	0.000	0	0	0	35.5	120.5	85.28	7.33	7.33	7.24	7.24	1381	191	6.24	495	68	3.74	11.72	18.40	8.55	0
W14x109	10	14.319	14.606	0.524	0.858	0.688	0.000	0	0	0	32.1	109.1	84.84	7.30	7.30	7.16	7.16	1240	173	6.22	446	61	3.73	8.79	16.71	7.50	0
W14x99	10	14.161	14.567	0.484	0.780	0.688	0.000	0	0	0	29.2	99.3	84.44	7.28	7.28	7.08	7.08	1114	157	6.17	402	55	3.71	6.60	15.14	6.86	0
W14x90	10	14.020	14.520	0.441	0.709	0.688	0.000	0	0	0	26.5	90.2	84.06	7.26	7.26	7.01	7.01	1001	143	6.14	362	50	3.69	4.95	13.72	6.18	0
W14x82	10	14.311	10.130	0.512	0.854	0.750	0.000	0	0	0	24.2	82.4	66.83	5.06	5.06	7.16	7.16	888	124	6.05	148	29	2.47	6.21	11.54	7.32	0
W14x74	10	14.169	10.071	0.449	0.783	0.750	0.000	0	0	0	21.9	74.5	66.44	5.04	5.04	7.08	7.08	801	113	6.04	134	27	2.47	4.69	10.52	6.36	0
W14x68	10	14.039	10.035	0.413	0.720	0.750	0.000	0	0	0	20.2	68.5	66.11	5.02	5.02	7.02	7.02	729	104	6.01	122	24	2.46	3.64	9.64	5.80	0
W14x61	10	13.890	9.996	0.374	0.646	0.813	0.000	0	0	0	18.2	61.8	65.62	5.00	5.00	6.94	6.94	650	94	5.98	108	22	2.43	2.62	8.61	5.19	0
W14x53	10	13.921	8.059	0.370	0.661	0.750	0.000	0	0	0	15.8	53.7	58.05	4.03	4.03	6.96	6.96	549	79	5.89	58	14	1.91	2.30	7.11	5.15	0
W14x48	10	13.791	8.031	0.339	0.594	0.750	0.000	0	0	0	14.3	48.6	57.74	4.02	4.02	6.90	6.90	491	71	5.86	51	13	1.90	1.67	6.37	4.67	0
W14x43	10	13.661	7.996	0.303	0.531	0.688	0.000	0	0	0	12.7	43.3	57.52	4.00	4.00	6.83	6.83	432	63	5.83	45	11	1.89	1.19	5.67	4.14	0
W14x38	10	14.098	6.772	0.311	0.516	0.563	0.000	0	0	0	11.3	38.5	53.70	3.39	3.39	7.05	7.05	391	56	5.88	27	8	1.54	0.98	4.66	4.38	0
W14x34	10	13.980	6.744	0.283	0.457	0.563	0.000	0	0	0	10.1	34.5	53.40	3.37	3.37	6.99	6.99	346	49	5.84	23	7	1.52	0.69	4.11	3.96	0
W14x30	10	13.839	6.728	0.272	0.386	0.563	0.000	0	0	0	9.0	30.6	53.08	3.36	3.36	6.92	6.92	297	43	5.74	20	6	1.48	0.45	3.46	3.76	0
W14x26	10	13.909	5.024	0.256	0.421	0.500	0.000	0	0	0	7.8	26.5	46.54	2.51	2.51	6.95	6.95	249	36	5.65	9	4	1.07	0.42	2.82	3.56	0
W14x22	10	13.740	5.000	0.228	0.335	0.563	0.000	0	0	0	6.6	22.4	46.06	2.50	2.50	6.87	6.87	204	30	5.56	7	3	1.03	0.23	2.23	3.14	0
W12x336	10	16.820	13.385	1.775	2.955	0.750	0.000	0	0	0	99.0	336.4	82.34	6.69	6.69	8.41	8.41	4065	483	6.41	1187	177	3.46	325.76	52.74	29.86	0
W12x305	10	16.320	13.235	1.625	2.705	0.750	0.000	0	0	0	89.8	305.4	81.04	6.62	6.62	8.16	8.16	3551	435	6.29	1050	159	3.42	247.31	47.73	26.52	0
W12x279	10	15.850	13.140	1.530	2.470	0.688	0.000	0	0	0	82.0	278.8	80.02	6.57	6.57	7.93	7.93	3115	393	6.16	938	143	3.38	188.54	43.27	24.25	0
W12x252	10	15.410	13.005	1.395	2.250	0.688	0.000	0	0	0	74.1	252.1	78.87	6.50	6.50	7.71	7.71	2721	353	6.06	828	127	3.34	141.22	39.02	21.50	0
W12x230	10	15.050	12.895	1.285	2.070	0.688	0.000	0	0	0	67.8	230.6	77.93	6.45	6.45	7.53	7.53	2418	321	5.97	742	115	3.31	109.16	35.59	19.34	0
W12x210	10	14.710	12.790	1.180	1.900	0.750	0.000	0	0	0	62.0	210.7	76.93	6.40	6.40	7.36	7.36	2150	292	5.89	664	104	3.27	83.80	32.40	17.36	0
W12x190	10	14.382	12.669	1.059	1.736	0.688	0.000	0	0	0	56.0	190.2	76.14	6.33	6.33	7.19	7.19	1896	264	5.82	590	93	3.25	63.08	29.33	15.23	0
W12x170	10	14.031	12.571	0.961	1.559	0.688	0.000	0	0	0	50.1	170.3	75.24	6.29	6.29	7.02	7.02	1648	235	5.74	517	82	3.21	45.48	26.13	13.48	0
W12x152	10	13.709	12.480	0.870	1.402	0.750	0.000	0	0	0	45.0	152.8	74.31	6.24	6.24	6.85	6.85	1438	210	5.66	455	73	3.18	32.89	23.32	11.93	0
W12x136	10	13.409	12.402	0.791	1.252	0.688	0.000	0	0	0	40.1	136.3	73.66	6.20	6.20	6.70	6.70	1248	186	5.58	399	64	3.15	23.43	20.70	10.61	0
W12x120	10	13.118	12.319	0.709	1.106	0.688	0.000	0	0	0	35.4	120.3	72.91	6.16	6.16	6.56	6.56	1074	164	5.51	345	56	3.12	16.14	18.17	9.30	0
W12x106	10	12.890	12.220	0.610	0.988	0.688	0.000	0	0	0	31.2	106.1	72.26	6.11	6.11	6.44	6.44	935	145	5.47	301	49	3.10	11.29	16.10	7.87	0
W12x96	10	12.709	12.161	0.551	0.902	0.750	0.000	0	0	0	28.4	96.6	71.67	6.08	6.08	6.35	6.35	839	132	5.43	271	44	3.09	8.52	14.62	7.00	0
W12x87	10	12.531	12.126	0.516	0.811	0.688	0.000	0	0	0	25.7	87.4	71.36	6.06	6.06	6.27	6.27	744	119	5.38	241	40	3.06	6.25	13.11	6.46	0
W12x79	10	12.382	12.079	0.469	0.736	0.688	0.000	0	0	0	23.3	79.2	70.96	6.04	6.04	6.19	6.19	666	108	5.35	216	36	3.05	4.66	11.86	5.80	0
W12x72	10	12.252	12.039	0.429	0.669	0.688	0.000	0	0	0	21.2	72.1	70.62	6.02	6.02	6.13	6.13	599	98	5.31	195	32	3.03	3.50	10.74	5.26	0
W12x65	10	12.118	12.000	0.390	0.606	0.688	0.000	0	0	0	19.2	65.3	70.28	6.00	6.00	6.06	6.06	536	88	5.28	175	29	3.02	2.60	9.70	4.72	0
W12x58	10	12.189	10.012	0.358	0.642	0.750	0.000	0	0	0	17.2	58.6	62.42	5.01	5.01	6.09	6.09	481	79	5.28	107	21	2.50	2.51	8.57	4.37	0
W12x53	10	12.059	9.996	0.346	0.575	0.688	0.000	0	0	0	15.7	53.3	62.23	5.00	5.00	6.03	6.03	428	71	5.23	96	19	2.47	1.84	7.66	4.18	0
W12x50	10	12.189	8.079	0.370	0.642	0.750	0.000	0	0	0	14.9	50.6	54.67	4.04	4.04	6.09	6.09	399	66	5.18	57	14	1.95	2.09	6.91	4.51	0
W12x45	10	12.059	8.043	0.335	0.575	0.688	0.000	0	0	0	13.3	45.2	54.44	4.02	4.02	6.03	6.03	353	59	5.15	50	12	1.94	1.50	6.16	4.04	0
W12x40	10	11.941	8.004	0.295	0.516	0.750	0.000	0	0	0	12.0	40.7	54.02	4.00	4.00	5.97	5.97	315	53	5.13	44	11	1.92	1.07	5.50	3.53	0
W12x35	10	12.500	6.559	0.299	0.520	0.500	0.000	0	0	0	10.5	35.6	49.78	3.28	3.28	6.25	6.25	289	46	5.26	24	7	1.53	0.93	4.54	3.74	0
W12x30	10	12.339	6.520	0.260	0.441	0.500	0.000	0	0	0	8.9	30.4	49.38	3.26	3.26	6.17	6.17	243	39	5.21	20	6	1.51	0.57	3.83	3.21	0
W12x26	10	12.220	6.488	0.228	0.382	0.500	0.000	0	0	0	7.8	26.5	49.08	3.24	3.24	6.11	6.11	209	34	5.18	17	5	1.50	0.37	3.30	2.79	0
W12x22	10	12.311	4.031	0.260	0.425	0.438	0.000	0	0	0	6.6	22.3	39.48	2.02	2.02	6.16	6.16	159	26	4.92	5	2	0.84	0.36	2.29	3.20	0
W12x19	10	12.161	4.004	0.236	0.350	0.438	0.000	0	0	0	5.7	19.3	39.12	2.00	2.00	6.08	6.08	133	22	4.84	4	2	0.81	0.21	1.87	2.87	0
W12x16	10	11.988	3.988	0.220	0.264	0.500	0.000	0	0	0	4.8	16.5	38.63	1.99	1.99	5.99	5.99	107	18	4.69	3	1	0.76	0.12	1.40	2.64	0
W12x14	10	11.909	3.969	0.201	0.224	0.438	0.000	0	0	0	4.2	14.4	38.54	1.98	1.98	5.95	5.95	91	15	4.63	2	1	0.74	0.08	1.19	2.39	0
W10x112	10	11.358	10.413	0.756	1.252	0.625	0.000	0	0	0	33.1	112.5	61.79	5.21	5.21	5.68	5.68	719	127	4.66	236	45	2.67	19.37	17.38	8.59	0
W10x100	10	11.098	10.339	0.681	1.118	0.625	0.000	0	0	0	29.5	100.3	61.12	5.17	5.17	5.55	5.55	624	112	4.60	206	40	2.64	13.74	15.41	7.56	0
W10x88	10	10.839	10.264	0.606	0.988	0.625	0.000	0	0	0	26.0	88.4	60.45	5.13	5.13	5.42	5.42	535	99	4.54	178	35	2.62	9.44	13.52	6.57	0
W10x77	10	10.598	10.189	0.531	0.870	0.625	0.000	0	0	0	22.8	77.4	59.82	5.09	5.09	5.30	5.30	458	86	4.48	154	30	2.60	6.39	11.82	5.63	0
W10x68	10	10.402	10.130	0.469	0.772	0.625	0.000	0	0	0	20.1	68.4	59.31	5.06	5.06	5.20	5.20	397	76	4.44	134	26	2.58	4.43	10.42	4.87	0
W10x60	10	10.220	10.079	0.421	0.681	0.625	0.000	0	0	0	17.8	60.5	58.84	5.04	5.04	5.11	5.11	343	67	4.39	116	23	2.56	3.05	9.15	4.31	0
W10x54	10	10.091	10.031	0.370	0.614	0.625	0.000	0	0	0	15.9	54.2	58.49	5.02	5.02	5.05	5.05	305	60	4.37	103	21	2.55	2.21	8.21	3.73	0
W10x49	10	9.980	10.000	0.339	0.559	0.625	0.000	0	0	0	14.5	49.4	58.21	5.00	5.00	4.99	4.99	274	55	4.35	93	19	2.53	1.66	7.45	3.38	0
W10x45	10	10.098	8.020	0.350	0.618	0.625	0.000	0	0	0	13.4	45.4	50.50	4.01	4.01	5.05	5.05	250	49	4.32	53	13	2.00	1.81	6.61	3.54	0
W10x39	10	9.921	7.984	0.315	0.531	0.625	0.000	0	0	0	11.6	39.5	50.08	3.99	3.99	4.96	4.96	212	43	4.27	45	11	1.97	1.16	5.66	3.12	0
W10x33	10	9.728	7.961	0.291	0.433	0.625	0.000	0	0	0	9.8	33.4	49.64	3.98	3.98	4.86	4.86	172	35	4.19	36	9	1.93	0.66	4.60	2.83	0
W10x30	10	10.469	5.811	0.299	0.512	0.438	0.000	0	0	0	8.9	30.4	42.83	2.91	2.91	5.23	5.23	172	33	4.39	17	6	1.37	0.78	3.97	3.13	0
W10x26	10	10.331	5.772	0.260	0.441	0.438	0.000	0	0	0	7.7	26.2	42.48	2.89	2.89	5.17	5.17	146	28	4.36	14	5	1.35	0.50	3.39	2.68	0
W10x22	10	10.169	5.752	0.240	0.358	0.375	0.000	0	0	0	6.5	22.1	42.22	2.88	2.88	5.08	5.08	119	23	4.27	11	4	1.32	0.29	2.75	2.44	0
W10x19	10	10.240	4.020	0.252	0.394	0.438	0.000	0	0	0	5.7	19.4	35.30	2.01	2.01	5.12	5.12	98	19	4.14	4	2	0.87	0.28	2.11	2.58	0
W10x17	10	10.110	4.012	0.240	0.331	0.438	0.000	0	0	0	5.1	17.3	35.04	2.01	2.01	5.06	5.06	84	17	4.06	4	2	0.84	0.18	1.77	2.43	0
W10x15	10	9.988	4.000	0.228	0.272	0.438	0.000	0	0	0	4.5	15.3	34.77	2.00	2.00	4.99	4.99	71	14	3.97	3	1	0.81	0.12	1.45	2.28	0
W10x12	10	9.870	3.961	0.189	0.209	0.438	0.000	0	0	0	3.6	12.3	34.45	1.98	1.98	4.94	4.94	55	11	3.92	2	1	0.78	0.06	1.10	1.87	0
W8x67	10	9.000	8.280	0.571	0.933	0.500	0.000	0	0	0	19.7	67.1	49.12	4.14	4.14	4.50	4.50	272	61	3.71	88	21	2.12	6.40	10.30	5.14	0
W8x58	10	8.752	8.220	0.512	0.811	0.500	0.000	0	0	0	17.2	58.5	48.50	4.11	4.11	4.38	4.38	229	52	3.65	75	18	2.09	4.21	8.89	4.48	0
W8x48	10	8.500	8.110	0.402	0.685	0.500	0.000	0	0	0	14.2	48.2	47.78	4.06	4.06	4.25	4.25	185	43	3.61	61	15	2.07	2.46	7.41	3.41	0
W8x40	10	8.252	8.071	0.358	0.559	0.500	0.000	0	0	0	11.8	40.1	47.21	4.04	4.04	4.13	4.13	147	36	3.53	49	12	2.04	1.36	6.02	2.96	0
W8x35	10	8.118	8.020	0.311	0.496	0.500	0.000	0	0	0	10.4	35.3	46.83	4.01	4.01	4.06	4.06	128	31	3.51	43	11	2.03	0.94	5.30	2.52	0
W8x31	10	8.000	7.996	0.283	0.433	0.500	0.000	0	0	0	9.2	31.2	46.56	4.00	4.00	4.00	4.00	110	28	3.47	37	9	2.01	0.63	4.62	2.27	0
W8x28	10	8.059	6.535	0.283	0.465	0.500	0.000	0	0	0	8.3	28.2	40.83	3.27	3.27	4.03	4.03	99	25	3.45	22	7	1.61	0.64	4.05	2.28	0
W8x24	10	7.929	6.496	0.244	0.402	0.500	0.000	0	0	0	7.2	24.4	40.50	3.25	3.25	3.96	3.96	84	21	3.42	18	6	1.60	0.41	3.48	1.94	0
W8x21	10	8.280	5.272	0.252	0.402	0.438	0.000	0	0	0	6.3	21.4	36.39	2.64	2.64	4.14	4.14	77	19	3.49	10	4	1.25	0.35	2.82	2.09	0
W8x18	10	8.142	5.252	0.228	0.331	0.438	0.000	0	0	0	5.3	18.2	36.08	2.63	2.63	4.07	4.07	63	16	3.44	8	3	1.22	0.20	2.32	1.86	0
W8x15	10	8.110	4.016	0.244	0.315	0.438	0.000	0	0	0	4.5	15.4	31.04	2.01	2.01	4.06	4.06	49	12	3.30	3	2	0.87	0.16	1.69	1.98	0
W8x13	10	7.988	4.000	0.228	0.256	0.438	0.000	0	0	0	3.9	13.3	30.77	2.00	2.00	3.99	3.99	41	10	3.22	3	1	0.84	0.10	1.36	1.82	0
W8x10	10	7.890	3.941	0.169	0.205	0.438	0.000	0	0	0	3.0	10.4	30.45	1.97	1.97	3.94	3.94	32	8	3.24	2	1	0.83	0.05	1.08	1.34	0
W6x25	10	6.382	6.079	0.319	0.457	0.375	0.000	0	0	0	7.4	25.2	35.80	3.04	3.04	3.19	3.19	54	17	2.70	17	6	1.52	0.58	3.70	2.04	0
W6x20	10	6.201	6.020	0.260	0.366	0.375	0.000	0	0	0	5.9	20.2	35.32	3.01	3.01	3.10	3.10	42	14	2.66	13	4	1.50	0.30	2.94	1.61	0
W6x16	10	6.280	4.031	0.260	0.406	0.375	0.000	0	0	0	4.8	16.4	27.52	2.02	2.02	3.14	3.14	33	10	2.60	4	2	0.96	0.27	2.18	1.63	0
W6x15	10	5.988	5.988	0.228	0.260	0.375	0.000	0	0	0	4.5	15.2	34.83	2.99	2.99	2.99	2.99	30	10	2.57	9	3	1.44	0.12	2.07	1.37	0
W6x12	10	6.031	4.000	0.228	0.280	0.375	0.000	0	0	0	3.6	12.3	26.96	2.00	2.00	3.02	3.02	22	7	2.50	3	1	0.91	0.10	1.49	1.38	0
W6x9	10	5.902	3.941	0.169	0.217	0.375	0.000	0	0	0	2.8	9.4	26.58	1.97	1.97	2.95	2.95	17	6	2.48	2	1	0.90	0.05	1.14	1.00	0
W5x19	10	5.150	5.031	0.272	0.429	0.375	0.000	0	0	0	5.6	19.1	29.24	2.52	2.52	2.57	2.57	26	10	2.17	9	4	1.28	0.38	2.88	1.40	0
W5x16	10	5.012	5.000	0.240	0.358	0.375	0.000	0	0	0	4.7	16.1	28.90	2.50	2.50	2.51	2.51	22	9	2.13	7	3	1.26	0.23	2.39	1.20	0
W4x13	10	4.161	4.059	0.280	0.346	0.313	0.000	0	0	0	3.9	13.1	23.46	2.03	2.03	2.08	2.08	11	6	1.72	4	2	1.00	0.18	1.88	1.16	0
