PartNumber	Code	D(in)	Bf(in)	Tw(in)	Tf(in)	R1(in)	R2(in)	SLOPE(deg)	Sx(in)	Sy(in)	A(in2)	P(lb_ft)	L(in)	vxm(in)	vxp(in)	vym(in)	vyp(in)	Ix(in4)	Vx(in3)	Gx(in)	Iy(in4)	Vy(in3)	Gy(in)	J(in4)	Ax(in2)	Ay(in2)	Alpha(deg)
RECT_12x8x0.5	80	12.000	8.000	0.500	0.500	1.531	1.031	0	0.00	0.00	17.90	60.86	37.37	4.00	4.00	6.00	6.00	336.36	56.06	4.33	180.28	45.07	3.17	0.00	8.00	12.00	0.00
RECT_12x8x0.375	80	12.000	8.000	0.374	0.374	1.177	0.803	0	0.00	0.00	13.77	46.80	37.98	4.00	4.00	6.00	6.00	268.31	44.72	4.41	144.31	36.08	3.24	0.00	5.98	8.98	0.00
RECT_12x8x0.3125	80	12.000	8.000	0.311	0.311	0.917	0.606	0	0.00	0.00	11.65	39.60	38.43	4.00	4.00	6.00	6.00	231.83	38.64	4.46	124.77	31.19	3.27	0.00	4.98	7.46	0.00
RECT_12x8x0.25	80	12.000	8.000	0.252	0.252	0.756	0.504	0	0.00	0.00	9.55	32.48	38.70	4.00	4.00	6.00	6.00	193.17	32.19	4.50	104.15	26.04	3.30	0.00	4.03	6.05	0.00
RECT_12x8x0.1875	80	12.000	8.000	0.185	0.185	0.555	0.370	0	0.00	0.00	7.12	24.20	39.05	4.00	4.00	6.00	6.00	146.57	24.43	4.54	79.18	19.79	3.34	0.00	2.96	4.44	0.00
RECT_12x6x0.5	80	12.000	6.000	0.500	0.500	1.531	1.031	0	0.00	0.00	15.90	54.06	33.37	3.00	3.00	6.00	6.00	270.19	45.03	4.12	91.77	30.59	2.40	0.00	6.00	12.00	0.00
RECT_12x6x0.375	80	12.000	6.000	0.374	0.374	1.177	0.803	0	0.00	0.00	12.27	41.72	33.98	3.00	3.00	6.00	6.00	217.74	36.29	4.21	74.52	24.84	2.46	0.00	4.49	8.98	0.00
RECT_12x6x0.3125	80	12.000	6.000	0.311	0.311	1.012	0.701	0	0.00	0.00	10.35	35.20	34.26	3.00	3.00	6.00	6.00	187.45	31.24	4.26	64.44	21.48	2.49	0.00	3.73	7.46	0.00
RECT_12x6x0.25	80	12.000	6.000	0.252	0.252	0.756	0.504	0	0.00	0.00	8.54	29.05	34.70	3.00	3.00	6.00	6.00	158.38	26.40	4.31	54.53	18.18	2.53	0.00	3.02	6.05	0.00
RECT_12x6x0.1875	80	12.000	6.000	0.185	0.185	0.555	0.370	0	0.00	0.00	6.38	21.68	35.05	3.00	3.00	6.00	6.00	120.74	20.12	4.35	41.74	13.91	2.56	0.00	2.22	4.44	0.00
RECT_12x4x0.5	80	12.000	4.000	0.500	0.500	1.531	1.031	0	0.00	0.00	13.90	47.26	29.37	2.00	2.00	6.00	6.00	204.03	34.00	3.83	35.06	17.53	1.59	0.00	4.00	12.00	0.00
RECT_12x4x0.375	80	12.000	4.000	0.374	0.374	1.177	0.803	0	0.00	0.00	10.77	36.63	29.98	2.00	2.00	6.00	6.00	167.17	27.86	3.94	29.28	14.64	1.65	0.00	2.99	8.98	0.00
RECT_12x4x0.3125	80	12.000	4.000	0.311	0.311	0.937	0.626	0	0.00	0.00	9.15	31.10	30.39	2.00	2.00	6.00	6.00	146.43	24.41	4.00	25.83	12.91	1.68	0.00	2.49	7.46	0.00
RECT_12x4x0.25	80	12.000	4.000	0.252	0.252	0.756	0.504	0	0.00	0.00	7.54	25.62	30.70	2.00	2.00	6.00	6.00	123.60	20.60	4.05	21.99	11.00	1.71	0.00	2.02	6.05	0.00
RECT_12x4x0.1875	80	12.000	4.000	0.185	0.185	0.555	0.370	0	0.00	0.00	5.64	19.17	31.05	2.00	2.00	6.00	6.00	94.90	15.82	4.10	17.07	8.53	1.74	0.00	1.48	4.44	0.00
RECT_12x2x0.375	80	12.000	2.000	0.374	0.374	1.130	0.756	0	0.00	0.00	9.31	31.65	26.06	1.00	1.00	6.00	6.00	117.74	19.62	3.56	5.61	5.61	0.78	0.00	1.50	8.98	0.00
RECT_12x2x0.3125	80	12.000	2.000	0.311	0.311	0.937	0.626	0	0.00	0.00	7.90	26.88	26.39	1.00	1.00	6.00	6.00	103.93	17.32	3.63	5.13	5.13	0.81	0.00	1.24	7.46	0.00
RECT_12x2x0.25	80	12.000	2.000	0.252	0.252	0.756	0.504	0	0.00	0.00	6.53	22.20	26.70	1.00	1.00	6.00	6.00	88.82	14.80	3.69	4.53	4.53	0.83	0.00	1.01	6.05	0.00
RECT_12x2x0.1875	80	12.000	2.000	0.185	0.185	0.555	0.370	0	0.00	0.00	4.90	16.65	27.05	1.00	1.00	6.00	6.00	69.07	11.51	3.76	3.66	3.66	0.86	0.00	0.74	4.44	0.00
RECT_10x8x0.5	80	10.000	8.000	0.500	0.500	1.531	1.031	0	0.00	0.00	15.90	54.06	33.37	4.00	4.00	5.00	5.00	214.25	42.85	3.67	152.11	38.03	3.09	0.00	8.00	10.00	0.00
RECT_10x8x0.375	80	10.000	8.000	0.374	0.374	1.177	0.803	0	0.00	0.00	12.27	41.72	33.98	4.00	4.00	5.00	5.00	172.27	34.45	3.75	122.54	30.63	3.16	0.00	5.98	7.48	0.00
RECT_10x8x0.3125	80	10.000	8.000	0.311	0.311	1.012	0.701	0	0.00	0.00	10.35	35.20	34.26	4.00	4.00	5.00	5.00	148.19	29.64	3.78	105.53	26.38	3.19	0.00	4.98	6.22	0.00
RECT_10x8x0.25	80	10.000	8.000	0.252	0.252	0.756	0.504	0	0.00	0.00	8.54	29.05	34.70	4.00	4.00	5.00	5.00	124.98	25.00	3.82	89.02	22.26	3.23	0.00	4.03	5.04	0.00
RECT_10x8x0.1875	80	10.000	8.000	0.185	0.185	0.555	0.370	0	0.00	0.00	6.38	21.68	35.05	4.00	4.00	5.00	5.00	95.19	19.04	3.86	67.88	16.97	3.26	0.00	2.96	3.70	0.00
RECT_10x6x0.5	80	10.000	6.000	0.500	0.500	1.531	1.031	0	0.00	0.00	13.90	47.26	29.37	3.00	3.00	5.00	5.00	169.09	33.82	3.49	76.60	25.53	2.35	0.00	6.00	10.00	0.00
RECT_10x6x0.375	80	10.000	6.000	0.374	0.374	1.177	0.803	0	0.00	0.00	10.77	36.63	29.98	3.00	3.00	5.00	5.00	137.60	27.52	3.57	62.67	20.89	2.41	0.00	4.49	7.48	0.00
RECT_10x6x0.3125	80	10.000	6.000	0.311	0.311	0.937	0.626	0	0.00	0.00	9.15	31.10	30.39	3.00	3.00	5.00	5.00	120.02	24.00	3.62	54.74	18.25	2.45	0.00	3.73	6.22	0.00
RECT_10x6x0.25	80	10.000	6.000	0.252	0.252	0.756	0.504	0	0.00	0.00	7.54	25.62	30.70	3.00	3.00	5.00	5.00	101.03	20.21	3.66	46.20	15.40	2.48	0.00	3.02	5.04	0.00
RECT_10x6x0.1875	80	10.000	6.000	0.185	0.185	0.555	0.370	0	0.00	0.00	5.64	19.17	31.05	3.00	3.00	5.00	5.00	77.37	15.47	3.70	35.49	11.83	2.51	0.00	2.22	3.70	0.00
RECT_10x4x0.5	80	10.000	4.000	0.500	0.500	1.531	1.031	0	0.00	0.00	11.90	40.46	25.37	2.00	2.00	5.00	5.00	123.92	24.78	3.23	28.89	14.44	1.56	0.00	4.00	10.00	0.00
RECT_10x4x0.375	80	10.000	4.000	0.374	0.374	1.130	0.756	0	0.00	0.00	9.31	31.65	26.06	2.00	2.00	5.00	5.00	103.72	20.74	3.34	24.47	12.24	1.62	0.00	2.99	7.48	0.00
RECT_10x4x0.3125	80	10.000	4.000	0.311	0.311	0.937	0.626	0	0.00	0.00	7.90	26.88	26.39	2.00	2.00	5.00	5.00	90.81	18.16	3.39	21.58	10.79	1.65	0.00	2.49	6.22	0.00
RECT_10x4x0.25	80	10.000	4.000	0.252	0.252	0.756	0.504	0	0.00	0.00	6.53	22.20	26.70	2.00	2.00	5.00	5.00	77.09	15.42	3.44	18.45	9.22	1.68	0.00	2.02	5.04	0.00
RECT_10x4x0.1875	80	10.000	4.000	0.185	0.185	0.555	0.370	0	0.00	0.00	4.90	16.65	27.05	2.00	2.00	5.00	5.00	59.54	11.91	3.49	14.37	7.19	1.71	0.00	1.48	3.70	0.00
RECT_10x2x0.375	80	10.000	2.000	0.276	0.374	0.945	0.571	0	0.00	0.00	5.82	19.80	22.38	1.00	1.00	5.00	5.00	72.10	14.42	3.52	4.73	4.73	0.90	0.00	1.50	5.51	0.00
RECT_10x2x0.3125	80	10.000	2.000	0.311	0.311	0.787	0.476	0	0.00	0.00	6.74	22.92	22.65	1.00	1.00	5.00	5.00	63.66	12.73	3.07	4.32	4.32	0.80	0.00	1.24	6.22	0.00
RECT_10x2x0.25	80	10.000	2.000	0.252	0.252	0.614	0.362	0	0.00	0.00	5.58	18.98	22.95	1.00	1.00	5.00	5.00	54.70	10.94	3.13	3.82	3.82	0.83	0.00	1.01	5.04	0.00
RECT_10x2x0.1875	80	10.000	2.000	0.185	0.185	0.465	0.276	0	0.00	0.00	4.18	14.23	23.20	1.00	1.00	5.00	5.00	42.40	8.48	3.18	3.08	3.08	0.86	0.00	0.74	3.70	0.00
RECT_8x6x0.5	80	8.000	6.000	0.500	0.500	1.531	1.031	0	0.00	0.00	11.90	40.46	25.37	3.00	3.00	4.00	4.00	95.78	23.94	2.84	61.43	20.48	2.27	0.00	6.00	8.00	0.00
RECT_8x6x0.375	80	8.000	6.000	0.374	0.374	1.130	0.756	0	0.00	0.00	9.31	31.65	26.06	3.00	3.00	4.00	4.00	79.51	19.88	2.92	51.10	17.03	2.34	0.00	4.49	5.98	0.00
RECT_8x6x0.3125	80	8.000	6.000	0.311	0.311	0.937	0.626	0	0.00	0.00	7.90	26.88	26.39	3.00	3.00	4.00	4.00	69.40	17.35	2.96	44.67	14.89	2.38	0.00	3.73	4.98	0.00
RECT_8x6x0.25	80	8.000	6.000	0.252	0.252	0.756	0.504	0	0.00	0.00	6.53	22.20	26.70	3.00	3.00	4.00	4.00	58.76	14.69	3.00	37.87	12.62	2.41	0.00	3.02	4.03	0.00
RECT_8x6x0.1875	80	8.000	6.000	0.185	0.185	0.555	0.370	0	0.00	0.00	4.90	16.65	27.05	3.00	3.00	4.00	4.00	45.27	11.32	3.04	29.23	9.74	2.44	0.00	2.22	2.96	0.00
RECT_8x4x0.5	80	8.000	4.000	0.500	0.500	1.299	0.799	0	0.00	0.00	10.10	34.34	21.77	2.00	2.00	4.00	4.00	70.95	17.74	2.65	23.56	11.78	1.53	0.00	4.00	8.00	0.00
RECT_8x4x0.375	80	8.000	4.000	0.374	0.374	0.945	0.571	0	0.00	0.00	7.93	26.96	22.38	2.00	2.00	4.00	4.00	59.71	14.93	2.74	20.04	10.02	1.59	0.00	2.99	5.98	0.00
RECT_8x4x0.3125	80	8.000	4.000	0.311	0.311	0.787	0.476	0	0.00	0.00	6.74	22.92	22.65	2.00	2.00	4.00	4.00	52.32	13.08	2.79	17.68	8.84	1.62	0.00	2.49	4.98	0.00
RECT_8x4x0.25	80	8.000	4.000	0.252	0.252	0.614	0.362	0	0.00	0.00	5.58	18.98	22.95	2.00	2.00	4.00	4.00	44.63	11.16	2.83	15.16	7.58	1.65	0.00	2.02	4.03	0.00
RECT_8x4x0.1875	80	8.000	4.000	0.185	0.185	0.465	0.276	0	0.00	0.00	4.18	14.23	23.20	2.00	2.00	4.00	4.00	34.41	8.60	2.87	11.79	5.89	1.68	0.00	1.48	2.96	0.00
RECT_8x3x0.5	80	8.000	3.000	0.500	0.500	1.252	0.752	0	0.00	0.00	9.14	31.08	19.85	1.50	1.50	4.00	4.00	57.53	14.38	2.51	11.60	7.73	1.13	0.00	3.00	8.00	0.00
RECT_8x3x0.375	80	8.000	3.000	0.374	0.374	0.945	0.571	0	0.00	0.00	7.18	24.42	20.38	1.50	1.50	4.00	4.00	48.83	12.21	2.61	10.08	6.72	1.18	0.00	2.24	5.98	0.00
RECT_8x3x0.3125	80	8.000	3.000	0.311	0.311	0.780	0.469	0	0.00	0.00	6.12	20.82	20.66	1.50	1.50	4.00	4.00	43.19	10.80	2.66	9.03	6.02	1.21	0.00	1.87	4.98	0.00
RECT_8x3x0.25	80	8.000	3.000	0.252	0.252	0.614	0.362	0	0.00	0.00	5.08	17.27	20.95	1.50	1.50	4.00	4.00	37.07	9.27	2.70	7.83	5.22	1.24	0.00	1.51	4.03	0.00
RECT_8x3x0.1875	80	8.000	3.000	0.185	0.185	0.480	0.291	0	0.00	0.00	3.81	12.95	21.18	1.50	1.50	4.00	4.00	28.68	7.17	2.74	6.16	4.11	1.27	0.00	1.11	2.96	0.00
RECT_8x2x0.375	80	8.000	2.000	0.374	0.374	0.945	0.571	0	0.00	0.00	6.43	21.88	18.38	1.00	1.00	4.00	4.00	37.94	9.49	2.43	3.72	3.72	0.76	0.00	1.50	5.98	0.00
RECT_8x2x0.3125	80	8.000	2.000	0.311	0.311	0.787	0.476	0	0.00	0.00	5.50	18.69	18.65	1.00	1.00	4.00	4.00	33.92	8.48	2.48	3.42	3.42	0.79	0.00	1.24	4.98	0.00
RECT_8x2x0.25	80	8.000	2.000	0.252	0.252	0.614	0.362	0	0.00	0.00	4.57	15.55	18.95	1.00	1.00	4.00	4.00	29.50	7.37	2.54	3.05	3.05	0.82	0.00	1.01	4.03	0.00
RECT_8x2x0.1875	80	8.000	2.000	0.185	0.185	0.465	0.276	0	0.00	0.00	3.44	11.71	19.20	1.00	1.00	4.00	4.00	23.11	5.78	2.59	2.47	2.47	0.85	0.00	0.74	2.96	0.00
RECT_7x5x0.5	80	7.000	5.000	0.500	0.500	1.299	0.799	0	0.00	0.00	10.10	34.34	21.77	2.50	2.50	3.50	3.50	60.28	17.22	2.44	35.59	14.23	1.88	0.00	5.00	7.00	0.00
RECT_7x5x0.375	80	7.000	5.000	0.374	0.374	0.945	0.571	0	0.00	0.00	7.93	26.96	22.38	2.50	2.50	3.50	3.50	50.53	14.44	2.52	29.95	11.98	1.94	0.00	3.74	5.24	0.00
RECT_7x5x0.3125	80	7.000	5.000	0.311	0.311	0.787	0.476	0	0.00	0.00	6.74	22.92	22.65	2.50	2.50	3.50	3.50	44.22	12.64	2.56	26.28	10.51	1.97	0.00	3.11	4.35	0.00
RECT_7x5x0.25	80	7.000	5.000	0.252	0.252	0.614	0.362	0	0.00	0.00	5.58	18.98	22.95	2.50	2.50	3.50	3.50	37.67	10.76	2.60	22.43	8.97	2.00	0.00	2.52	3.53	0.00
RECT_7x5x0.1875	80	7.000	5.000	0.185	0.185	0.465	0.276	0	0.00	0.00	4.18	14.23	23.20	2.50	2.50	3.50	3.50	29.03	8.29	2.63	17.35	6.94	2.04	0.00	1.85	2.59	0.00
RECT_6x4x0.5	80	6.000	4.000	0.500	0.500	1.252	0.752	0	0.00	0.00	8.14	27.68	17.85	2.00	2.00	3.00	3.00	33.37	11.12	2.02	17.56	8.78	1.47	0.00	4.00	6.00	0.00
RECT_6x4x0.375	80	6.000	4.000	0.374	0.374	0.945	0.571	0	0.00	0.00	6.43	21.88	18.38	2.00	2.00	3.00	3.00	28.51	9.50	2.10	15.10	7.55	1.53	0.00	2.99	4.49	0.00
RECT_6x4x0.3125	80	6.000	4.000	0.311	0.311	0.787	0.476	0	0.00	0.00	5.50	18.69	18.65	2.00	2.00	3.00	3.00	25.26	8.42	2.14	13.43	6.72	1.56	0.00	2.49	3.73	0.00
RECT_6x4x0.25	80	6.000	4.000	0.252	0.252	0.614	0.362	0	0.00	0.00	4.57	15.55	18.95	2.00	2.00	3.00	3.00	21.78	7.26	2.18	11.61	5.81	1.59	0.00	2.02	3.02	0.00
RECT_6x4x0.1875	80	6.000	4.000	0.185	0.185	0.465	0.276	0	0.00	0.00	3.44	11.71	19.20	2.00	2.00	3.00	3.00	16.96	5.65	2.22	9.09	4.55	1.62	0.00	1.48	2.22	0.00
RECT_6x3x0.5	80	6.000	3.000	0.500	0.500	1.252	0.752	0	0.00	0.00	7.14	24.28	15.85	1.50	1.50	3.00	3.00	25.78	8.59	1.90	8.43	5.62	1.09	0.00	3.00	6.00	0.00
RECT_6x3x0.375	80	6.000	3.000	0.374	0.374	0.945	0.571	0	0.00	0.00	5.69	19.33	16.38	1.50	1.50	3.00	3.00	22.58	7.53	1.99	7.49	4.99	1.15	0.00	2.24	4.49	0.00
RECT_6x3x0.3125	80	6.000	3.000	0.311	0.311	0.780	0.469	0	0.00	0.00	4.88	16.59	16.66	1.50	1.50	3.00	3.00	20.26	6.75	2.04	6.77	4.51	1.18	0.00	1.87	3.73	0.00
RECT_6x3x0.25	80	6.000	3.000	0.252	0.252	0.614	0.362	0	0.00	0.00	4.07	13.84	16.95	1.50	1.50	3.00	3.00	17.61	5.87	2.08	5.93	3.95	1.21	0.00	1.51	3.02	0.00
RECT_6x3x0.1875	80	6.000	3.000	0.185	0.185	0.480	0.291	0	0.00	0.00	3.07	10.43	17.18	1.50	1.50	3.00	3.00	13.78	4.59	2.12	4.69	3.13	1.24	0.00	1.11	2.22	0.00
RECT_6x2x0.375	80	6.000	2.000	0.374	0.374	0.945	0.571	0	0.00	0.00	4.94	16.79	14.38	1.00	1.00	3.00	3.00	16.65	5.55	1.84	2.71	2.71	0.74	0.00	1.50	4.49	0.00
RECT_6x2x0.3125	80	6.000	2.000	0.311	0.311	0.787	0.476	0	0.00	0.00	4.25	14.46	14.65	1.00	1.00	3.00	3.00	15.18	5.06	1.89	2.52	2.52	0.77	0.00	1.24	3.73	0.00
RECT_6x2x0.25	80	6.000	2.000	0.252	0.252	0.614	0.362	0	0.00	0.00	3.57	12.13	14.95	1.00	1.00	3.00	3.00	13.45	4.48	1.94	2.27	2.27	0.80	0.00	1.01	3.02	0.00
RECT_6x2x0.1875	80	6.000	2.000	0.185	0.185	0.465	0.276	0	0.00	0.00	2.70	9.19	15.20	1.00	1.00	3.00	3.00	10.70	3.57	1.99	1.86	1.86	0.83	0.00	0.74	2.22	0.00
RECT_5x3x0.5	80	5.000	3.000	0.500	0.500	1.252	0.752	0	0.00	0.00	6.14	20.88	13.85	1.50	1.50	2.50	2.50	15.51	6.21	1.59	6.85	4.57	1.06	0.00	3.00	5.00	0.00
RECT_5x3x0.375	80	5.000	3.000	0.374	0.374	0.945	0.571	0	0.00	0.00	4.94	16.79	14.38	1.50	1.50	2.50	2.50	13.90	5.56	1.68	6.19	4.13	1.12	0.00	2.24	3.74	0.00
RECT_5x3x0.3125	80	5.000	3.000	0.311	0.311	0.787	0.476	0	0.00	0.00	4.25	14.46	14.65	1.50	1.50	2.50	2.50	12.58	5.03	1.72	5.63	3.75	1.15	0.00	1.87	3.11	0.00
RECT_5x3x0.25	80	5.000	3.000	0.252	0.252	0.614	0.362	0	0.00	0.00	3.57	12.13	14.95	1.50	1.50	2.50	2.50	11.06	4.43	1.76	4.97	3.31	1.18	0.00	1.51	2.52	0.00
RECT_5x3x0.1875	80	5.000	3.000	0.185	0.185	0.465	0.276	0	0.00	0.00	2.70	9.19	15.20	1.50	1.50	2.50	2.50	8.76	3.51	1.80	3.97	2.65	1.21	0.00	1.11	1.85	0.00
RECT_5x2x0.25	80	5.000	2.000	0.252	0.252	0.496	0.248	0	0.00	0.00	3.12	10.59	13.15	1.00	1.00	2.50	2.50	8.55	3.42	1.66	1.94	1.94	0.79	0.00	1.01	2.52	0.00
RECT_5x2x0.1875	80	5.000	2.000	0.185	0.185	0.386	0.201	0	0.00	0.00	2.36	8.03	13.34	1.00	1.00	2.50	2.50	6.79	2.71	1.70	1.58	1.58	0.82	0.00	0.74	1.85	0.00
RECT_4x3x0.25	80	4.000	3.000	0.252	0.252	0.496	0.248	0	0.00	0.00	3.12	10.59	13.15	1.50	1.50	2.00	2.00	6.51	3.25	1.45	4.14	2.76	1.15	0.00	1.51	2.02	0.00
RECT_4x3x0.1875	80	4.000	3.000	0.185	0.185	0.386	0.201	0	0.00	0.00	2.36	8.03	13.34	1.50	1.50	2.00	2.00	5.16	2.58	1.48	3.30	2.20	1.18	0.00	1.11	1.48	0.00
RECT_4x2x0.25	80	4.000	2.000	0.252	0.252	0.496	0.248	0	0.00	0.00	2.61	8.88	11.15	1.00	1.00	2.00	2.00	4.74	2.37	1.35	1.55	1.55	0.77	0.00	1.01	2.02	0.00
RECT_4x2x0.1875	80	4.000	2.000	0.185	0.185	0.370	0.181	0	0.00	0.00	1.99	6.78	11.36	1.00	1.00	2.00	2.00	3.83	1.91	1.39	1.27	1.27	0.80	0.00	0.74	1.48	0.00
RECT_3x2x0.25	80	3.000	2.000	0.252	0.252	0.496	0.248	0	0.00	0.00	2.11	7.16	9.15	1.00	1.00	1.50	1.50	2.23	1.48	1.03	1.16	1.16	0.74	0.00	1.01	1.51	0.00
RECT_3x2x0.1875	80	3.000	2.000	0.185	0.185	0.386	0.201	0	0.00	0.00	1.62	5.51	9.34	1.00	1.00	1.50	1.50	1.83	1.22	1.06	0.96	0.96	0.77	0.00	0.74	1.11	0.00
