14 DENEB_PART_FILE
0
1
1.000000 0.000000 0.000000
0.000000 1.000000 0.000000
0.000000 0.000000 1.000000
0.000000 0.000000 0.000000
0
0
0
1
12
*
72
-35.355106 35.355480 -56.251163
0.000095 50.000069 -56.250854
35.355221 35.355484 -56.250973
49.999763 0.000312 -56.251396
35.355244 -35.354855 -56.251766
0.000044 -49.999443 -56.251953
-49.999748 0.000314 -56.251595
-35.355022 -35.354851 -56.251957
-35.355507 35.352940 168.748718
-0.000305 49.997517 168.748932
35.354698 35.352943 168.748932
49.999363 -0.002179 168.748505
35.354721 -35.357296 168.748108
-0.000356 -50.001873 168.747803
-50.000027 -0.002177 168.748322
-35.355484 -35.357300 168.747925
-17.677940 -17.679996 193.748230
-25.000273 -0.002454 193.748322
-0.000439 -25.002274 193.748108
17.677090 17.675081 193.748627
17.677101 -17.679998 193.748230
-17.678013 17.675083 193.748505
-0.000474 24.997358 193.748718
24.999361 -0.002455 193.748505
-15.000141 43.785915 25.979734
-15.000233 -43.787125 25.978697
-15.000136 -140.000595 25.977598
-25.980883 39.237640 14.998837
-25.980913 -39.238602 14.998043
-25.980968 -140.000519 14.996883
-30.000057 37.573006 -0.001164
-30.000065 -37.573635 -0.001958
-30.000071 -140.000290 -0.003117
-25.980879 39.237999 -15.001102
-25.980787 -39.238300 -15.001957
-25.980843 -140.000122 -15.003117
-15.000011 43.786526 -25.981813
-15.000042 -43.786583 -25.982790
-15.000068 -140.000000 -25.983767
0.000030 49.999756 -30.000854
-0.000082 -49.999733 -30.001953
-0.000067 -140.000000 -30.003113
14.999989 43.786507 -25.981810
14.999958 -43.786572 -25.982664
14.999932 -140.000000 -25.983763
25.980730 39.237995 -15.000973
25.980700 -39.238285 -15.001766
25.980766 -140.000168 -15.002987
29.999943 37.573009 -0.000972
29.999935 -37.573650 -0.001765
29.999929 -140.000290 -0.002986
25.980604 39.237667 14.999027
25.980635 -39.238625 14.998112
25.980640 -140.000458 14.997013
14.999859 43.785927 25.979799
-0.000223 49.999088 29.999023
14.999767 -43.787144 25.978823
14.999864 -140.000595 25.977724
-0.000137 -140.000687 29.996887
-0.000152 -50.000374 29.997925
29.999887 139.999710 0.000127
-25.980888 139.999481 14.999996
-30.000113 139.999710 -0.000005
25.980721 139.999542 15.000126
-25.980824 139.999878 -15.000004
25.980724 139.999832 -14.999874
-14.999986 140.000015 -25.980715
0.000015 140.000000 -30.000000
15.000014 140.000015 -25.980711
-0.000177 139.999313 30.000000
-15.000115 139.999420 25.980833
14.999885 139.999420 25.980837
0
210
71 70
70 69
69 71
68 67
67 66
66 68
65 66
66 64
64 65
65 68
63 70
71 63
64 62
62 65
63 61
61 70
63 62
62 61
60 65
62 60
63 60
59 58
58 57
57 59
57 56
56 59
69 55
55 71
55 54
54 71
57 53
53 56
53 52
52 56
54 63
54 51
51 63
53 50
50 52
50 49
49 52
51 60
51 48
48 60
50 47
47 46
46 50
46 49
48 45
45 60
45 65
47 44
44 43
43 47
43 46
65 42
42 68
45 42
44 41
41 40
40 44
40 43
68 39
39 67
42 39
40 38
38 37
37 40
41 38
39 36
36 66
66 39
37 35
35 34
34 37
38 35
36 33
33 64
64 36
34 32
32 31
31 34
35 32
33 30
30 62
62 33
32 29
29 28
28 32
28 31
62 27
27 61
30 27
29 26
26 25
25 29
25 28
61 24
24 70
27 24
26 58
59 26
59 25
70 55
24 55
44 38
26 57
53 26
29 53
47 38
32 53
47 35
47 32
32 50
23 22
22 21
21 23
20 23
21 20
23 19
19 22
18 17
17 16
16 18
21 17
17 20
18 20
15 16
17 15
17 14
14 15
13 18
16 13
15 13
13 20
13 12
12 20
12 23
12 11
11 23
11 10
10 23
10 19
10 9
9 19
9 22
9 8
8 21
21 9
8 14
17 8
7 14
14 6
6 7
7 15
28 15
15 31
7 31
25 15
59 15
7 34
59 13
5 37
37 7
7 5
5 40
4 43
43 5
5 4
4 46
4 12
12 49
49 4
59 12
12 52
56 12
4 11
4 3
3 11
11 2
2 10
3 2
10 54
55 10
2 1
1 42
42 2
1 39
45 2
48 2
55 9
10 48
51 10
55 8
30 8
8 27
8 24
36 0
0 33
0 8
30 0
1 0
36 1
0 6
14 0
2 0
4 7
6 4
3 0
3 6
140
3 -178 -208 -210
3 210 -204 -209
3 209 -206 -182
3 -169 -165 -207
3 207 -154 208
3 206 -202 -185
3 -205 -150 -200
3 204 -153 205
3 -203 -70 -188
3 202 -198 203
3 -201 -84 -199
3 -105 -197 -194
3 200 -195 201
3 198 199 -77
3 -100 -196 197
3 195 196 -93
3 194 -147 -191
3 -193 -36 -183
3 -181 -190 -192
3 192 -43 193
3 -184 191 -144
3 190 -189 -49
3 189 -187 -58
3 -186 188 -65
3 185 186 187
3 183 -29 184
3 -179 182 -180
3 180 181 -141
3 -177 178 179
3 -139 -171 177
3 -176 -34 -175
3 -174 -26 176
3 175 -41 -172
3 -136 -162 174
3 -48 -170 -173
3 171 172 173
3 -55 -167 170
3 -62 -166 -168
3 167 168 169
3 166 -68 -163
3 -75 -161 -164
3 163 164 165
3 162 -134 -160
3 161 -82 -158
3 160 -159 -103
3 159 -156 -97
3 -155 158 -157
3 -90 156 157
3 155 -131 -152
3 152 153 154
3 -151 -125 -148
3 150 -130 151
3 -149 -116 -146
3 147 148 149
3 -145 146 -121
3 -143 144 145
3 -142 143 -120
3 -140 141 142
3 -138 139 140
3 -118 -137 138
3 -135 136 137
3 -127 -132 135
3 -133 -128 134
3 132 -124 133
3 -129 130 131
3 128 -123 129
3 -126 -122 127
3 -119 125 126
3 122 123 124
3 120 121 -115
3 118 -117 119
3 115 116 117
3 -114 -113 -45
3 -38 -111 114
3 113 -83 -112
3 112 -76 -110
3 -109 -87 111
3 110 -106 -52
3 -31 -107 -108
3 108 -94 109
3 -23 -101 107
3 106 -69 -59
3 105 -104 -99
3 104 -27 -2
3 -102 103 -95
3 101 -22 102
3 100 -98 -92
3 98 99 -16
3 -96 97 -88
3 94 95 96
3 93 -91 -85
3 91 92 -18
3 -89 90 -81
3 87 88 89
3 -86 -13 -78
3 84 85 86
3 83 -80 -74
3 80 81 82
3 -79 -8 -71
3 77 78 79
3 76 -73 -67
3 73 74 75
3 -72 -5 -64
3 70 71 72
3 69 -66 -60
3 66 67 68
3 65 -63 -57
3 63 64 -4
3 -61 62 -53
3 59 60 61
3 58 -56 -51
3 56 57 -10
3 -54 55 -46
3 52 53 54
3 -50 51 -19
3 -44 49 50
3 -40 -47 48
3 45 46 47
3 43 44 -42
3 -37 42 -21
3 -39 40 41
3 -33 38 39
3 36 37 -35
3 -30 35 -12
3 -32 33 34
3 -25 31 32
3 29 30 -28
3 27 28 -3
3 -24 25 26
3 22 23 24
3 -20 -17 21
3 19 -14 20
3 17 18 -15
3 15 16 -11
3 -9 13 14
3 11 -1 12
3 10 -6 -7
3 7 8 9
3 4 5 6
3 1 2 3
0
0
0
0
0
3
1
1
2
0
