14 DENEB_PART_FILE
0
3
-0.000000 0.000000 1.000000
0.000000 1.000000 0.000000
-1.000000 0.000000 -0.000000
823.021423 896.989929 1137.624390
0
1.000000 0.000000 0.000000
0.000000 1.000000 0.000000
0.000000 0.000000 1.000000
0.000000 0.000000 0.000000
0
1.000000 0.000000 0.000000
0.000000 1.000000 0.000000
0.000000 0.000000 1.000000
0.000061 -0.000038 126.593445
0
0
0
2
16
*
28
-108.807434 136.440399 0.000000
-75.718506 157.231293 0.000000
108.807251 136.439789 0.000000
38.832886 170.137894 0.000000
75.718506 157.230896 0.000000
-38.832947 170.138092 0.000000
0.000000 174.513397 0.000000
-157.231415 75.718941 0.000000
-136.440247 108.807693 0.000000
157.230896 75.718132 0.000000
136.440002 108.806992 0.000000
-174.513824 0.000464 0.000000
170.137695 38.832455 0.000000
174.513000 -0.000453 0.000000
170.137451 -38.833397 0.000000
-170.138519 -38.832436 0.000000
-157.231812 -75.718109 0.000000
136.439392 -108.807709 0.000000
-136.440796 -108.807007 0.000000
-75.719421 -157.231003 0.000000
108.806458 -136.440399 0.000000
75.717651 -157.231400 0.000000
-108.808105 -136.439804 0.000000
157.230591 -75.719009 0.000000
-170.138336 38.833344 0.000000
-38.833801 -170.137909 0.000000
38.831970 -170.138107 0.000000
-0.000916 -174.513412 0.000000
0
53
21 26
27 25
26 27
25 26
25 19
21 25
19 22
22 18
23 17
16 15
13 14
11 24
24 7
8 0
10 9
12 24
9 12
24 9
23 16
14 23
16 14
20 22
17 20
22 17
21 19
20 21
19 20
18 16
17 18
16 17
15 11
14 15
11 14
13 11
12 13
11 12
10 8
2 10
8 2
9 7
8 9
7 8
6 3
5 6
5 3
1 5
4 2
4 1
3 4
1 3
2 0
1 2
0 1
26
3 -6 1 -4
3 4 3 2
3 -25 6 5
3 -22 -27 7
3 -29 -24 8
3 -19 9 -30
3 -32 -21 10
3 -34 11 -33
3 12 -16 -36
3 13 -40 -18
3 14 -51 -39
3 -37 15 -41
3 18 17 16
3 21 20 19
3 24 23 22
3 27 26 25
3 30 29 28
3 33 32 31
3 36 35 34
3 39 38 37
3 42 41 40
3 44 43 -45
3 46 45 -50
3 -48 47 -52
3 50 49 48
3 53 52 51
0
0
0
16
*
144
36.955688 97.402435 141.900696
138.581665 97.402161 50.000000
40.000488 97.402420 126.593445
15.307861 97.402473 163.548584
15.804749 97.402451 209.646790
41.097900 97.402405 190.687683
36.955566 97.402435 111.286072
28.284790 97.402443 154.877686
28.284790 97.402443 98.309265
0.000549 97.402512 166.593445
15.307800 97.402473 89.638367
-41.098206 97.402603 190.687683
-15.805115 97.402542 209.646790
-15.306702 97.402557 163.548645
0.000488 97.402512 86.593567
-28.283752 97.402580 154.877747
-36.954651 97.402611 141.900757
-138.582031 97.402847 50.000000
-39.999451 97.402611 126.593567
-36.954651 97.402611 111.286194
-28.283752 97.402580 98.309265
-15.306824 97.402557 89.638367
-41.098328 57.402603 190.687683
-138.582123 57.402843 50.000000
-15.805237 57.402534 209.646790
15.804688 57.402454 209.646790
41.097656 57.402405 190.687683
138.581604 57.402164 50.000000
15.307800 57.402454 163.548584
36.955566 57.402412 141.900696
40.000366 57.402405 126.593445
28.284607 57.402424 98.309265
36.955505 57.402412 111.286072
15.307678 57.402454 89.638367
28.284668 57.402424 154.877686
0.000366 57.402493 86.593567
-15.306946 57.402534 163.548645
0.000366 57.402493 166.593445
-36.954834 57.402596 111.286194
-39.999634 57.402603 126.593567
-36.954712 57.402596 141.900757
-15.306946 57.402534 89.638367
-28.283936 57.402573 98.309265
-28.283813 57.402573 154.877747
138.581360 -57.402916 50.000000
170.137451 -38.833397 50.000000
174.513000 -0.000453 50.000000
157.230591 -75.719009 50.000000
170.137695 38.832455 50.000000
136.440002 108.806992 50.000000
157.230896 75.718132 50.000000
138.581299 -97.402916 50.000000
136.439392 -108.807709 50.000000
108.806458 -136.440399 50.000000
108.807251 136.439789 50.000000
75.718506 157.230896 50.000000
-138.582520 -97.402153 50.000000
-108.808105 -136.439804 50.000000
-75.719421 -157.231003 50.000000
38.832886 170.137894 50.000000
-38.833801 -170.137909 50.000000
-157.231415 75.718941 50.000000
-136.440247 108.807693 50.000000
0.000000 174.513397 50.000000
-0.000916 -174.513412 50.000000
38.831970 -170.138107 50.000000
-136.440796 -108.807007 50.000000
-108.807434 136.440399 50.000000
75.717651 -157.231400 50.000000
-38.832947 170.138092 50.000000
-75.718506 157.231293 50.000000
-138.582428 -57.402157 50.000000
-170.138336 38.833344 50.000000
-157.231812 -75.718109 50.000000
-174.513824 0.000464 50.000000
-170.138519 -38.832436 50.000000
170.137695 38.832455 0.000000
174.513000 -0.000453 0.000000
157.230896 75.718132 0.000000
136.440002 108.806992 0.000000
108.807251 136.439789 0.000000
75.718506 157.230896 0.000000
38.832886 170.137894 0.000000
0.000000 174.513397 0.000000
-38.832947 170.138092 0.000000
-75.718506 157.231293 0.000000
-108.807434 136.440399 0.000000
-136.440247 108.807693 0.000000
-157.231415 75.718941 0.000000
-170.138336 38.833344 0.000000
-174.513824 0.000464 0.000000
-170.138519 -38.832436 0.000000
-157.231812 -75.718109 0.000000
-136.440796 -108.807007 0.000000
-108.808105 -136.439804 0.000000
-75.719421 -157.231003 0.000000
-38.833801 -170.137909 0.000000
-0.000916 -174.513412 0.000000
38.831970 -170.138107 0.000000
75.717651 -157.231400 0.000000
108.806458 -136.440399 0.000000
136.439392 -108.807709 0.000000
157.230591 -75.719009 0.000000
170.137451 -38.833397 0.000000
0.000061 -97.402550 166.593445
15.307495 -97.402573 163.548584
15.804260 -97.402565 209.646790
36.955200 -97.402649 141.900696
40.000000 -97.402657 126.593445
41.097351 -97.402649 190.687683
0.000000 -97.402550 86.593567
15.307251 -97.402573 89.638367
28.284302 -97.402603 98.309265
36.955200 -97.402649 111.286072
28.284302 -97.402603 154.877686
-36.955139 -97.402443 111.286194
-39.999939 -97.402435 126.593567
-36.955139 -97.402443 141.900757
-15.805603 -97.402473 209.646790
-15.307251 -97.402504 163.548645
-15.307312 -97.402504 89.638367
-28.284241 -97.402466 98.309265
-41.098694 -97.402420 190.687683
-28.284241 -97.402466 154.877747
-41.098511 -57.402416 190.687683
-15.805542 -57.402485 209.646790
15.804504 -57.402565 209.646790
41.097473 -57.402645 190.687683
36.955261 -57.402657 141.900696
40.000061 -57.402657 126.593445
15.307556 -57.402596 163.548584
36.955261 -57.402657 111.286072
28.284363 -57.402626 154.877686
28.284363 -57.402626 98.309265
0.000183 -57.402534 166.593445
15.307495 -57.402596 89.638367
0.000061 -57.402557 86.593567
-28.283997 -57.402485 154.877747
-36.954895 -57.402466 141.900757
-39.999817 -57.402454 126.593567
-36.955017 -57.402466 111.286194
-15.307129 -57.402515 163.548645
-28.284119 -57.402485 98.309265
-15.307251 -57.402515 89.638367
0
413
130 104
9 28
130 114
105 130
3 34
28 3
128 114
114 132
7 29
34 7
129 107
107 128
2 29
29 0
131 108
108 129
6 30
30 2
133 113
113 131
8 32
32 6
135 112
112 133
10 31
31 8
136 111
111 135
14 33
33 10
143 110
110 136
21 35
35 14
142 120
120 143
20 41
41 21
140 121
121 142
19 42
42 20
139 115
115 140
18 38
38 19
138 116
116 139
16 39
39 18
137 117
117 138
15 40
40 16
141 123
123 137
15 36
43 15
134 104
141 104
119 141
9 37
9 36
36 13
138 139
138 71
136 71
143 136
143 71
142 143
142 71
140 142
141 137
124 141
141 125
134 141
134 125
140 71
139 140
71 139
138 124
137 138
124 137
44 136
136 135
44 135
135 133
130 134
134 126
44 133
133 131
128 132
132 130
127 132
44 131
131 129
128 127
127 130
130 126
129 128
44 129
128 44
127 51
44 127
126 109
127 126
109 127
126 125
106 126
106 125
124 118
125 124
118 125
71 122
124 71
122 124
122 56
110 120
56 110
123 119
123 122
117 123
122 117
118 122
122 119
121 115
121 56
120 121
56 120
106 118
104 118
119 104
118 119
117 56
116 117
105 114
109 106
105 109
116 56
115 116
56 115
112 111
109 114
114 107
108 113
113 112
51 113
112 51
111 110
51 111
110 51
109 107
51 109
51 107
108 51
107 108
106 104
105 106
104 105
46 103
103 77
45 102
103 45
102 103
47 101
102 47
101 102
52 100
101 52
100 101
53 99
100 53
99 100
68 98
99 68
98 99
98 65
97 98
97 65
97 64
97 60
96 97
96 60
96 58
95 96
95 58
95 57
94 95
94 57
94 66
93 94
93 66
93 73
92 93
91 92
92 73
75 92
90 91
91 75
74 91
90 74
89 90
89 74
89 72
88 89
88 72
88 61
87 88
87 61
87 62
86 87
86 62
86 67
85 86
85 67
85 70
84 85
84 70
84 69
83 84
69 83
82 83
59 83
83 63
81 82
55 82
82 59
80 81
54 81
81 55
79 80
49 80
80 54
78 79
50 79
79 49
78 50
76 78
78 48
76 48
77 76
46 77
76 46
74 75
74 71
71 75
75 73
72 74
74 23
73 66
71 73
56 71
73 56
61 72
72 23
71 44
23 71
71 27
68 53
70 67
70 17
69 70
69 17
63 69
68 51
65 68
67 62
17 67
66 57
56 66
61 23
65 51
64 65
64 51
60 64
63 17
59 63
62 61
17 62
61 17
60 51
58 60
59 17
55 59
58 51
57 58
57 51
56 57
51 56
55 17
54 55
54 17
49 54
54 1
51 53
53 52
51 52
52 47
44 51
51 47
27 44
50 27
48 50
50 49
1 50
49 1
48 27
46 48
27 46
47 45
44 47
46 44
45 46
44 45
23 27
35 41
23 35
43 36
22 36
43 22
40 43
22 40
42 38
42 23
41 42
23 41
40 23
39 40
25 37
37 28
39 23
38 39
23 38
37 24
36 37
24 36
33 35
35 27
34 29
34 26
28 34
31 33
33 27
30 32
32 31
27 32
31 27
26 29
27 29
30 27
29 30
25 28
28 26
26 27
5 27
27 1
25 26
4 26
26 5
25 4
25 12
24 25
22 24
11 24
24 12
23 22
17 23
17 22
22 11
16 18
16 17
17 11
1 17
14 17
21 14
21 17
20 21
20 17
19 20
13 15
9 13
9 12
12 4
19 17
18 19
17 18
16 11
15 16
11 15
1 14
14 10
13 11
12 13
11 12
1 10
10 8
3 9
9 4
1 8
8 6
0 7
7 3
5 7
1 6
6 2
5 1
0 5
5 3
4 5
3 4
2 0
1 2
0 1
266
3 413 412 411
3 410 409 408
3 407 406 -413
3 405 -412 404
3 -408 403 402
3 -403 -407 401
3 400 -404 399
3 398 -410 397
3 396 -399 395
3 394 393 392
3 391 -395 390
3 389 388 387
3 386 385 384
3 383 -398 382
3 -382 381 -393
3 -392 380 -389
3 -384 379 378
3 -378 377 376
3 -376 375 374
3 -374 -390 373
3 372 -387 371
3 -371 370 -386
3 369 -372 368
3 -368 367 366
3 365 -394 364
3 -364 -369 363
3 362 361 -365
3 -361 360 -383
3 359 -409 358
3 -358 -360 357
3 356 -406 355
3 -355 -359 354
3 353 -357 352
3 351 350 349
3 -349 -354 348
3 347 346 345
3 -346 -350 344
3 343 -347 342
3 341 340 -353
3 339 -348 -340
3 338 -343 337
3 336 335 334
3 333 332 331
3 330 -352 329
3 -331 328 327
3 -334 -329 -362
3 326 325 324
3 -324 323 -333
3 322 321 320
3 319 -336 -363
3 -320 318 -319
3 317 316 -326
3 315 -338 -317
3 -327 -322 -366
3 314 313 312
3 311 310 -314
3 309 308 307
3 306 305 304
3 -307 303 302
3 -302 -305 -356
3 -312 -309 301
3 300 -311 299
3 298 -300 297
3 296 -297 295
3 294 -306 293
3 -373 -294 292
3 -292 291 290
3 289 288 287
3 -287 286 285
3 -290 284 283
3 -285 282 281
3 280 279 278
3 -283 277 276
3 -281 275 274
3 -274 273 272
3 271 -367 -280
3 270 269 -288
3 268 267 -279
3 -272 266 265
3 -276 264 263
3 -263 262 261
3 -261 260 -268
3 -265 259 -295
3 258 -315 257
3 256 -301 -258
3 255 -271 254
3 253 252 251
3 250 -270 -253
3 249 -255 248
3 247 -251 246
3 245 -257 -249
3 244 -246 -245
3 243 242 241
3 240 -308 -243
3 239 -240 238
3 237 -303 -239
3 236 -304 235
3 -235 -237 234
3 233 -293 232
3 -232 -236 231
3 230 -291 229
3 -229 -233 228
3 227 -284 226
3 -226 -230 225
3 224 -277 223
3 -223 -227 222
3 221 220 219
3 -264 -224 -221
3 -262 -219 218
3 -218 217 216
3 -260 -216 215
3 -215 214 213
3 -267 -213 212
3 -212 211 210
3 -278 -210 209
3 -209 208 207
3 -254 -207 206
3 -206 205 204
3 -248 -204 203
3 -203 202 201
3 200 199 -244
3 -201 198 -200
3 197 196 -247
3 -199 195 -197
3 -196 194 193
3 -193 192 -250
3 -192 191 190
3 -190 189 -269
3 -189 188 187
3 -187 186 -286
3 -186 185 184
3 -184 183 -282
3 -183 182 181
3 -181 180 -275
3 179 -273 -180
3 178 177 -179
3 176 175 174
3 -174 -266 -177
3 173 172 171
3 -171 -259 -175
3 170 169 168
3 -168 -296 -172
3 167 166 165
3 -165 -298 -169
3 164 163 162
3 -162 -310 -166
3 161 -242 160
3 -160 -313 -163
3 159 158 157
3 156 155 154
3 -154 153 152
3 151 150 149
3 148 147 146
3 -147 -155 145
3 144 -152 143
3 -150 -148 142
3 141 140 139
3 138 137 -158
3 136 -143 -138
3 -139 135 134
3 133 132 131
3 -131 -157 130
3 129 128 127
3 -127 126 -141
3 125 -133 124
3 123 122 121
3 -121 120 -125
3 119 118 -129
3 -289 -151 -119
3 -134 -123 117
3 116 115 114
3 -114 -252 -117
3 113 112 111
3 -111 -116 -124
3 -130 110 -113
3 -110 109 108
3 107 106 105
3 -105 -109 -137
3 -299 104 103
3 -103 -107 -153
3 102 101 100
3 99 -106 98
3 97 -104 -102
3 96 -101 95
3 -98 94 93
3 -94 -97 92
3 91 -95 90
3 89 -99 88
3 87 -90 86
3 85 -86 84
3 83 82 81
3 80 79 78
3 -108 -89 77
3 -77 76 75
3 74 73 -83
3 -112 -75 -74
3 -78 72 71
3 -71 70 69
3 -69 68 67
3 -67 -84 -256
3 -115 -81 66
3 -66 65 -80
3 64 -381 63
3 -63 62 -335
3 61 60 -132
3 -76 59 -60
3 58 57 -318
3 -380 -64 -57
3 56 -73 55
3 -55 -61 -120
3 54 -388 53
3 -53 -58 -321
3 52 -82 51
3 -51 -56 -122
3 50 -370 49
3 -49 -54 -328
3 48 -65 47
3 -47 -52 -135
3 46 -385 45
3 -45 -50 -332
3 44 -79 43
3 -43 -48 -140
3 42 -379 41
3 -41 -46 -323
3 40 -72 39
3 -39 -44 -126
3 38 -377 37
3 -37 -42 -325
3 36 -70 35
3 -35 -40 -128
3 34 -375 33
3 -33 -38 -316
3 32 -68 31
3 -31 -36 -118
3 30 -391 29
3 -29 -34 -337
3 28 -85 27
3 -27 -32 -149
3 26 -396 25
3 -25 -30 -342
3 24 -87 23
3 -23 -28 -142
3 22 -400 21
3 -21 -26 -345
3 20 -91 19
3 -19 -24 -146
3 18 -405 17
3 -17 -22 -344
3 16 -96 15
3 -15 -20 -145
3 14 -411 13
3 -13 -18 -351
3 12 -100 11
3 -11 -16 -156
3 10 9 -339
3 -401 -14 -9
3 8 -92 7
3 -7 -12 -144
3 6 5 -341
3 -402 -10 -5
3 4 3 -136
3 -93 -8 -3
3 -62 2 -330
3 -397 -6 -2
3 -59 -88 1
3 -1 -4 -159
0
0
0
0
0
3
1
1
2
0
