14 DENEB_PART_FILE
1
-1
1
-1.000000 0.000000 0.000010
-0.000000 -1.000000 -0.000000
0.000010 -0.000000 1.000000
0.481542 1.678577 198.748260
0
0
0
1
10
*
24
12.981493 1.678578 193.748154
12.981542 1.678578 198.748154
11.306810 -4.571424 193.748169
11.306858 -4.571424 198.748169
6.731493 -9.146740 193.748215
6.731541 -9.146740 198.748215
0.481493 -10.821422 193.748276
0.481542 -10.821422 198.748276
-5.768507 -9.146740 193.748337
-5.768457 -9.146740 198.748337
-10.343824 -4.571422 193.748383
-10.343776 -4.571422 198.748383
-12.018507 1.678578 193.748398
-12.018458 1.678578 198.748398
-10.343824 7.928578 193.748383
-10.343776 7.928578 198.748383
-5.768507 12.503896 193.748337
-5.768459 12.503896 198.748337
0.481493 14.178578 193.748276
0.481542 14.178578 198.748276
6.731493 12.503896 193.748215
6.731541 12.503896 198.748215
11.306810 7.928578 193.748169
11.306859 7.928578 198.748169
0
36
1 3
2 0
3 5
2 3
4 2
5 7
4 5
6 4
7 9
6 7
8 6
9 11
8 9
10 8
11 13
10 11
12 10
13 15
12 13
14 12
15 17
14 15
16 14
17 19
16 17
18 16
19 21
18 19
20 18
21 23
20 21
22 20
1 0
23 1
22 23
0 22
14
4 36 35 34 33
4 32 31 30 -35
4 29 28 27 -31
4 26 25 24 -28
4 23 22 21 -25
4 20 19 18 -22
4 17 16 15 -19
4 14 13 12 -16
4 11 10 9 -13
4 8 7 6 -10
4 5 4 3 -7
4 2 -33 1 -4
12 -2 -5 -8 -11 -14 -17 -20 -23 -26 -29 -32 -36
12 -34 -30 -27 -24 -21 -18 -15 -12 -9 -6 -3 -1
0
0
0
0
0
3
1
1
2
0
