14 DENEB_PART_FILE
0
0
0
0
1
4
*
24
-1125.000000 800.000000 1325.000000
-1125.000000 -800.000000 1425.000000
-1125.000000 800.000000 1425.000000
-1125.000000 -800.000000 1325.000000
-1100.000000 800.000000 -200.000000
-1100.000000 -800.000000 1325.000000
-1100.000000 -800.000000 1425.000000
-1100.000000 -800.000000 -200.000000
-1100.000000 -950.000000 -200.000000
-1100.000000 800.000000 1325.000000
-1100.000000 800.000000 1425.000000
-1100.000000 -950.000000 1450.000000
-1100.000000 800.000000 1300.000000
-1100.000000 -800.000000 1300.000000
-1500.000000 800.000000 -200.000000
-1500.000000 800.000000 1300.000000
-1500.000000 -950.000000 1450.000000
-1500.000000 -950.000000 -200.000000
-1500.000000 -800.000000 -200.000000
-1500.000000 -800.000000 1300.000000
-1100.000000 950.000000 -200.000000
-1500.000000 950.000000 1450.000000
-1500.000000 950.000000 -200.000000
-1100.000000 950.000000 1450.000000
0
66
23 22
22 21
21 23
20 22
23 20
19 18
18 17
17 19
16 19
17 16
16 21
21 15
15 16
15 22
22 14
14 15
15 19
13 19
15 13
12 13
15 12
23 11
11 10
10 23
9 23
10 9
8 7
7 13
13 8
11 6
6 10
5 6
11 5
12 23
9 12
9 5
5 12
13 5
11 13
12 20
11 8
4 20
12 4
4 14
22 4
14 12
16 23
16 11
11 17
17 8
7 17
18 7
13 18
3 2
2 1
1 3
0 2
3 0
5 0
3 5
9 0
9 2
10 2
10 1
6 1
6 3
44
3 1 2 3
3 4 -1 5
3 6 7 8
3 9 -8 10
3 11 12 13
3 14 15 16
3 -2 -14 -12
3 -13 17 -9
3 18 -17 19
3 20 -19 21
3 22 23 24
3 25 -24 26
3 27 28 29
3 -23 30 31
3 32 -30 33
3 34 -25 35
3 -35 36 37
3 38 -33 39
3 -20 -37 -38
3 -5 -34 40
3 -29 -39 41
3 42 -40 43
3 44 -15 45
3 -42 -45 -4
3 -21 -16 46
3 -43 -46 -44
3 -3 -11 47
3 -22 -47 48
3 -41 49 50
3 -48 -10 -49
3 51 -7 52
3 -50 -51 -27
3 53 -6 -18
3 -52 -53 -28
3 54 55 56
3 57 -54 58
3 59 -58 60
3 61 -59 -36
3 62 -57 -61
3 63 -62 -26
3 64 -55 -63
3 65 -64 -31
3 66 -56 -65
3 -60 -66 -32
0
0
0
0
0
3
1
1
2
0
