14 DENEB_PART_FILE
0
0
0
0
1
4
*
20
-300.000000 900.000000 -700.000000
-300.000000 400.000092 600.000000
-300.000000 900.000000 600.000000
-150.000000 100.000000 600.000000
150.000000 100.000000 600.000000
-300.000000 400.000000 400.000000
-150.000000 100.000000 400.000000
150.000000 100.000000 400.000000
-300.000000 600.000000 400.000000
-300.000000 600.000000 -200.000000
-300.000000 -300.000000 -700.000000
-300.000000 -300.000000 -200.000000
300.000000 -300.000000 -200.000000
300.000000 -300.000000 -700.000000
300.000000 900.000000 -700.000000
300.000000 400.000000 400.000000
300.000000 400.000092 600.000000
300.000000 600.000000 400.000000
300.000000 900.000000 600.000000
300.000000 600.000000 -200.000000
0
54
19 18
18 17
17 19
18 16
16 17
15 17
16 15
14 18
19 14
13 19
19 12
12 13
13 14
13 11
11 10
10 13
12 11
12 9
9 11
19 9
19 8
8 9
17 8
15 7
7 6
6 15
17 5
5 8
6 5
5 15
7 4
4 6
4 3
3 6
16 2
2 1
1 16
1 3
3 16
4 16
18 2
18 0
0 2
14 0
14 10
10 0
2 9
8 2
0 9
10 9
8 1
5 1
5 3
4 15
36
3 -54 -31 -24
3 -7 -40 54
3 -53 -29 -34
3 -38 -52 53
3 -51 -28 52
3 -36 -48 51
3 -50 -15 -19
3 -49 -46 50
3 -43 49 -47
3 47 -22 48
3 -16 -45 -13
3 45 46 -44
3 44 -42 -8
3 42 43 -41
3 41 -35 -4
3 -39 -33 40
3 -37 38 39
3 35 36 37
3 33 34 -32
3 31 32 -25
3 -30 -27 -6
3 -26 29 30
3 27 28 -23
3 24 25 26
3 23 -21 -3
3 21 22 -20
3 20 -18 -11
3 18 19 -17
3 17 -14 -12
3 14 15 16
3 -9 -10 13
3 10 11 12
3 8 -1 9
3 6 -5 7
3 -2 4 5
3 1 2 3
0
0
0
0
0
3
1
1
2
0
