14 DENEB_PART_FILE
0
1
1.000000 -0.000000 0.000000
0.000000 1.000000 0.000000
-0.000000 -0.000000 1.000000
-4.843169 -3.337425 -316.940857
0
0
0
1
23
*
8
-354.843170 -153.337418 -316.940857
345.156830 -153.337418 -316.940857
345.156830 146.662582 -316.940857
-354.843170 146.662582 -316.940857
-354.843170 -153.337418 -216.940857
-354.843170 146.662582 -216.940857
345.156830 146.662582 -216.940857
345.156830 -153.337418 -216.940857
0
12
7 1
6 2
5 3
0 4
5 4
6 5
7 6
4 7
0 3
3 2
2 1
1 0
6
4 9 10 11 12
4 8 7 6 5
4 -9 4 -5 3
4 -10 -3 -6 2
4 -11 -2 -7 1
4 -12 -1 -8 -4
0
0
0
0
0
3
1
1
2
0
