14 DENEB_PART_FILE
0
1
1.000000 0.000000 0.000000
0.000000 1.000000 0.000000
0.000000 0.000000 1.000000
0.324260 1.916495 10.000000
0
0
0
1
-2
*
8
250.324265 -248.083511 10.000000
250.324265 251.916489 10.000000
-249.675735 251.916489 10.000000
-249.675735 -248.083511 10.000000
-249.675735 251.916489 0.000000
250.324265 251.916489 0.000000
250.324265 -248.083511 0.000000
-249.675735 -248.083511 0.000000
0
12
6 7
5 6
4 5
7 4
3 0
0 1
1 2
2 3
7 3
2 4
1 5
0 6
6
4 -1 -12 -5 -9
4 -2 -11 -6 12
4 -3 -10 -7 11
4 -4 9 -8 10
4 5 6 7 8
4 4 3 2 1
0
0
0
0
0
3
1
1
2
0
