14 DENEB_PART_FILE
0
0
0
0
1
9
*
8
100.000000 -100.000000 300.000000
100.000000 -100.000000 800.000000
-100.000000 -100.000000 800.000000
-100.000000 -100.000000 300.000000
100.000000 100.000000 300.000000
-100.000000 100.000000 800.000000
-100.000000 100.000000 300.000000
100.000000 100.000000 800.000000
0
18
7 6
6 5
5 7
4 6
7 4
6 3
3 5
2 5
3 2
2 7
1 7
2 1
1 4
0 4
1 0
0 3
6 0
3 1
12
3 -15 -18 -16
3 -12 -9 18
3 -14 -17 -4
3 16 -6 17
3 14 -13 15
3 -5 -11 13
3 11 -10 12
3 -3 -8 10
3 8 -7 9
3 -2 6 7
3 4 -1 5
3 1 2 3
0
0
0
0
0
3
1
1
2
0
