14 DENEB_PART_FILE
0
1
-1.000000 0.000000 -0.000000
0.000000 1.000000 0.000000
0.000000 0.000000 -1.000000
-0.558573 -0.628281 291.936981
0
0
0
1
10
*
8
24.441427 -25.628281 301.936981
24.441427 24.371719 301.936981
-25.558573 24.371719 301.936981
-25.558573 -25.628281 301.936981
-25.558573 24.371719 291.936981
24.441427 24.371719 291.936981
24.441427 -25.628281 291.936981
-25.558573 -25.628281 291.936981
0
12
6 7
5 6
4 5
7 4
3 0
0 1
1 2
2 3
7 3
2 4
1 5
0 6
6
4 4 3 2 1
4 5 6 7 8
4 -4 9 -8 10
4 -3 -10 -7 11
4 -2 -11 -6 12
4 -1 -12 -5 -9
0
0
0
0
0
3
1
1
2
0
