14 DENEB_PART_FILE
0
1
-1.000000 0.000000 -0.000000
0.000000 1.000000 0.000000
0.000000 0.000000 -1.000000
-674.999939 -0.000041 799.999512
0
0
0
1
21
*
134
-752.500000 149.330093 1600.000000
-750.669922 147.499893 1600.000000
-755.000000 149.999893 1600.000000
-750.000000 144.999893 1600.000000
-752.500000 -149.330200 1600.000000
-750.669922 -147.500107 1600.000000
-900.000000 144.999893 1600.000000
-895.000000 149.999893 1600.000000
-900.000000 -145.000107 1600.000000
-895.000000 -150.000107 1600.000000
-945.000000 49.999939 1600.000000
-900.000000 49.999939 1600.000000
-945.000000 -50.000061 1600.000000
-950.000000 -45.000061 1600.000000
-950.000000 44.999939 1600.000000
-900.000000 -50.000061 1600.000000
-750.000000 -145.000107 1600.000000
-755.000000 -150.000107 1600.000000
-750.000000 -74.865021 1600.000000
-742.893127 -83.641373 1600.000000
-733.641296 -92.893150 1600.000000
-723.473083 -101.127197 1600.000000
-712.500000 -108.253197 1600.000000
-700.842102 -114.193199 1600.000000
-688.627075 -118.882103 1600.000000
-675.989014 -122.268501 1600.000000
-663.065979 -124.315300 1600.000000
-650.000000 -125.000000 1600.000000
-636.934021 -124.315300 1600.000000
-624.010986 -122.268501 1600.000000
-611.372925 -118.882103 1600.000000
-599.157898 -114.193199 1600.000000
-587.500000 -108.253197 1600.000000
-576.526917 -101.127197 1600.000000
-566.358704 -92.893143 1600.000000
-557.106873 -83.641373 1600.000000
-548.872925 -73.473198 1600.000000
-541.746887 -62.500050 1600.000000
-535.806885 -50.842129 1600.000000
-531.117981 -38.627178 1600.000000
-527.731628 -25.989019 1600.000000
-525.684814 -13.066120 1600.000000
-525.000000 0.000000 1600.000000
-525.684814 13.066000 1600.000000
-527.731628 25.988899 1600.000000
-531.117981 38.627060 1600.000000
-535.806885 50.842010 1600.000000
-541.746887 62.499931 1600.000000
-548.872925 73.473083 1600.000000
-557.106873 83.641243 1600.000000
-566.358704 92.893028 1600.000000
-576.526917 101.126999 1600.000000
-587.500000 108.253098 1600.000000
-599.157898 114.193100 1600.000000
-611.372925 118.882004 1600.000000
-624.010986 122.268402 1600.000000
-636.934021 124.315201 1600.000000
-650.000000 124.999901 1600.000000
-663.065979 124.315201 1600.000000
-675.989014 122.268402 1600.000000
-688.627075 118.882004 1600.000000
-700.842102 114.193100 1600.000000
-712.500000 108.253098 1600.000000
-723.473083 101.126999 1600.000000
-733.641296 92.893021 1600.000000
-750.000000 74.864899 1600.000000
-742.893127 83.641243 1600.000000
-525.684814 -13.066120 799.999512
-527.731628 25.988899 799.999512
-527.731628 -25.989019 799.999512
-531.117981 38.627060 799.999512
-525.684814 13.066000 799.999512
-525.000000 0.000000 799.999512
-535.806885 50.842010 799.999512
-531.117981 -38.627178 799.999512
-541.746887 -62.500050 799.999512
-535.806885 -50.842129 799.999512
-548.872925 73.473083 799.999512
-541.746887 62.499931 799.999512
-548.872925 -73.473198 799.999512
-557.106873 -83.641373 799.999512
-557.106873 83.641243 799.999512
-566.358704 -92.893143 799.999512
-723.473083 101.126999 799.999512
-566.358704 92.893028 799.999512
-712.500000 108.253098 799.999512
-576.526917 101.126999 799.999512
-723.473083 -101.127197 799.999512
-587.500000 -108.253197 799.999512
-576.526917 -101.127197 799.999512
-712.500000 -108.253197 799.999512
-599.157898 -114.193199 799.999512
-700.842102 -114.193199 799.999512
-650.000000 124.999901 799.999512
-663.065979 124.315201 799.999512
-636.934021 124.315201 799.999512
-624.010986 -122.268501 799.999512
-688.627075 -118.882103 799.999512
-675.989014 -122.268501 799.999512
-611.372925 -118.882103 799.999512
-675.989014 122.268402 799.999512
-742.893127 -83.641373 799.999512
-733.641296 -92.893150 799.999512
-742.893127 83.641243 799.999512
-733.641296 92.893021 799.999512
-599.157898 114.193100 799.999512
-700.842102 114.193100 799.999512
-587.500000 108.253098 799.999512
-750.000000 -145.000107 799.999573
-752.500000 -149.330200 799.999573
-750.669922 -147.500107 799.999573
-624.010986 122.268402 799.999512
-688.627075 118.882004 799.999512
-611.372925 118.882004 799.999512
-755.000000 -150.000107 799.999573
-750.000000 -74.865021 799.999512
-900.000000 -145.000107 799.999573
-895.000000 -150.000107 799.999573
-750.000000 144.999893 799.999573
-750.000000 74.864899 799.999512
-900.000000 144.999893 799.999573
-895.000000 149.999893 799.999573
-945.000000 -50.000061 799.999573
-900.000000 -50.000061 799.999573
-950.000000 -45.000061 799.999573
-663.065979 -124.315300 799.999512
-650.000000 -125.000000 799.999512
-636.934021 -124.315300 799.999512
-752.500000 149.330093 799.999573
-755.000000 149.999893 799.999573
-750.669922 147.499893 799.999573
-945.000000 49.999939 799.999573
-950.000000 44.999939 799.999573
-900.000000 49.999939 799.999573
0
396
133 132
132 131
131 133
130 129
129 128
128 130
127 126
126 125
125 127
133 124
124 132
123 122
122 124
124 123
133 123
121 133
133 120
120 121
119 129
129 118
118 119
117 116
116 123
123 117
115 114
114 117
117 115
119 115
115 123
123 119
113 112
112 111
111 113
110 109
109 114
114 110
108 110
114 108
119 133
121 119
115 108
130 118
121 129
107 106
106 105
105 107
104 119
119 103
103 104
102 101
101 115
115 102
112 100
100 111
99 98
98 97
97 99
96 125
125 98
98 96
95 94
94 93
93 95
97 92
92 99
91 92
92 90
90 91
99 96
96 127
100 94
94 111
89 88
88 87
87 89
95 111
106 112
112 105
88 91
90 88
86 85
85 107
107 86
85 106
91 99
113 105
84 104
104 83
83 84
83 86
86 84
90 87
83 85
82 89
89 102
102 82
84 119
87 102
115 82
81 119
84 81
80 82
115 80
79 80
115 79
78 119
119 77
77 78
76 75
75 115
115 76
81 77
75 79
74 76
115 74
73 119
78 73
72 119
119 71
71 72
70 119
73 70
69 74
115 69
68 119
70 68
67 69
115 67
72 67
115 72
68 71
66 119
119 65
65 66
66 103
64 103
66 64
64 104
63 104
64 63
63 83
62 83
63 62
62 85
61 85
62 61
61 106
60 106
61 60
60 112
59 112
60 59
59 100
58 100
59 58
58 94
57 94
58 57
57 93
57 95
57 56
56 95
56 111
56 55
55 111
55 113
55 54
54 113
54 105
54 53
53 105
53 107
53 52
52 107
52 86
52 51
51 86
51 84
51 50
50 84
50 81
50 49
49 81
49 77
49 48
48 77
48 78
48 47
47 78
47 73
47 46
46 73
46 70
46 45
45 70
45 68
45 44
44 68
44 71
44 43
43 71
43 72
43 42
42 72
72 41
41 67
42 41
67 40
40 69
41 40
69 39
39 74
40 39
74 38
38 76
39 38
76 37
37 75
38 37
75 36
36 79
37 36
79 35
35 80
36 35
80 34
34 82
35 34
82 33
33 89
34 33
89 32
32 88
33 32
88 31
31 91
32 31
91 30
30 99
31 30
99 29
29 96
30 29
96 28
28 127
29 28
127 27
27 126
28 27
27 26
26 125
125 27
26 25
25 98
98 26
25 24
24 97
97 25
24 23
23 92
92 24
23 22
22 90
90 23
22 21
21 87
87 22
21 20
20 102
102 21
20 19
19 101
101 20
19 18
18 115
115 19
18 17
17 16
16 18
15 14
14 13
13 15
13 12
12 15
11 14
15 11
11 10
10 14
9 15
15 8
8 9
18 11
15 18
7 6
6 11
11 7
5 17
17 4
4 5
5 16
3 2
2 65
65 3
18 9
9 17
1 0
0 2
2 1
50 63
64 50
53 60
61 53
65 7
11 65
2 7
18 65
3 1
65 64
31 23
23 30
20 18
55 59
60 55
54 60
32 21
22 32
31 22
51 62
63 51
29 25
26 29
26 28
58 56
55 58
52 61
62 52
30 25
24 30
33 21
49 65
65 48
33 20
34 20
50 65
34 18
36 18
18 35
65 47
39 18
18 38
37 18
40 18
65 46
42 65
18 42
65 45
44 65
65 43
41 18
121 7
7 129
2 129
8 123
116 8
15 123
6 120
133 6
133 11
108 18
16 108
118 3
65 118
114 9
9 117
114 17
131 10
10 133
13 132
124 13
14 132
123 12
12 122
109 17
109 4
110 4
110 5
108 5
2 128
0 128
0 130
1 130
1 118
116 9
7 120
124 12
10 132
264
3 -376 -2 -396
3 396 -380 -288
3 -395 -13 -382
3 -283 -379 395
3 -360 -18 -394
3 394 -366 -294
3 -393 -22 -374
3 -291 -364 393
3 -392 -317 -371
3 -42 -391 392
3 -390 -306 391
3 -6 -389 390
3 -388 -307 389
3 -5 -362 388
3 -370 -300 -387
3 387 -386 -37
3 386 -299 -385
3 385 -384 -34
3 384 -298 -383
3 383 -375 -35
3 -284 -381 -365
3 381 382 -12
3 380 -378 -281
3 378 -11 379
3 -368 -377 -287
3 -3 376 377
3 -305 -373 375
3 373 374 -26
3 -21 -372 -133
3 371 -303 372
3 -275 -369 -41
3 369 -279 370
3 -295 -367 368
3 366 -17 367
3 365 -363 -290
3 363 -23 364
3 362 -361 -315
3 -43 360 361
3 -203 -358 -354
3 -355 -359 -207
3 359 -352 -210
3 -197 -356 -357
3 -200 357 358
3 -194 -353 356
3 354 -316 355
3 -191 -348 353
3 352 -349 -213
3 -350 -351 -219
3 351 -346 -222
3 349 350 -216
3 -188 -341 348
3 -347 -345 -228
3 346 347 -225
3 345 -321 -343
3 -310 -318 -344
3 -182 344 -340
3 343 -342 -231
3 -179 -329 -309
3 342 -268 -339
3 -185 340 341
3 339 -325 -234
3 -173 -312 -335
3 -326 -327 -237
3 -338 -256 -337
3 -320 -259 338
3 -176 -336 -328
3 337 -330 -243
3 -164 -333 -334
3 335 -146 336
3 -332 -250 -249
3 334 -155 -322
3 -161 -158 333
3 -167 -323 -324
3 -331 332 -246
3 330 -253 331
3 328 -143 329
3 327 -262 -319
3 325 -265 326
3 -170 324 -311
3 322 -152 323
3 321 -274 -271
3 319 320 -240
3 -293 -289 -304
3 -137 -134 318
3 317 -308 -301
3 316 -314 -292
3 -302 315 -313
3 313 -296 314
3 311 -149 312
3 309 -140 310
3 306 307 308
3 304 305 -277
3 301 302 303
3 -278 -297 300
3 297 298 299
3 294 295 296
3 292 -286 293
3 289 290 291
3 287 288 -285
3 285 -280 286
3 -282 283 284
3 280 281 282
3 277 278 279
3 -276 -51 -272
3 274 275 276
3 -273 -50 -269
3 271 272 273
3 -270 -98 -266
3 268 269 270
3 -267 -92 -263
3 265 266 267
3 -264 -67 -260
3 262 263 264
3 -261 -64 -257
3 259 260 261
3 -258 -56 -254
3 256 257 258
3 -255 -59 -251
3 253 254 255
3 -252 -8 -248
3 250 251 252
3 -245 249 -247
3 247 248 -7
3 -242 246 -244
3 244 245 -70
3 -239 243 -241
3 241 242 -69
3 -236 240 -238
3 238 239 -85
3 -233 237 -235
3 235 236 -79
3 -230 234 -232
3 232 233 -73
3 -227 231 -229
3 229 230 -94
3 -224 228 -226
3 226 227 -102
3 -221 225 -223
3 223 224 -104
3 -218 222 -220
3 220 221 -113
3 -215 219 -217
3 217 218 -109
3 -212 216 -214
3 214 215 -114
3 -209 213 -211
3 211 212 -123
3 -206 210 -208
3 208 209 -127
3 -204 207 -205
3 205 206 -129
3 -202 203 204
3 -120 -201 202
3 -199 200 201
3 -131 -198 199
3 -196 197 198
3 -126 -195 196
3 -193 194 195
3 -122 -192 193
3 -190 191 192
3 -117 -189 190
3 -187 188 189
3 -108 -186 187
3 -184 185 186
3 -112 -183 184
3 -181 182 183
3 -101 -180 181
3 -178 179 180
3 -91 -177 178
3 -175 176 177
3 -83 -174 175
3 -172 173 174
3 -46 -171 172
3 -169 170 171
3 -86 -168 169
3 -166 167 168
3 -33 -165 166
3 -163 164 165
3 -76 -162 163
3 -160 161 162
3 -63 -159 160
3 159 -62 -157
3 157 -156 158
3 156 -71 -154
3 154 -153 155
3 153 -53 -151
3 151 -150 152
3 150 -77 -148
3 148 -147 149
3 147 -84 -145
3 145 -144 146
3 144 -93 -142
3 142 -141 143
3 141 -88 -139
3 139 -138 140
3 138 -49 -136
3 136 -135 137
3 135 -48 -132
3 132 133 134
3 -130 -28 -118
3 -119 -125 131
3 129 -128 130
3 127 -124 128
3 125 -121 126
3 123 -115 124
3 121 -116 122
3 118 119 120
3 116 -106 117
3 114 -111 115
3 113 -105 -110
3 -107 -100 112
3 109 110 111
3 106 107 108
3 104 -103 105
3 102 -99 103
3 100 -97 101
3 -96 -52 99
3 -75 98 -95
3 97 -47 -87
3 94 95 96
3 -90 93 -81
3 -80 92 -74
3 -89 90 91
3 87 88 89
3 -78 -31 86
3 85 -65 -66
3 -82 84 -44
3 81 82 83
3 79 -68 80
3 -45 77 78
3 -72 -61 76
3 73 74 75
3 -54 71 72
3 70 -9 -58
3 69 -60 -55
3 66 67 68
3 -57 64 65
3 61 62 63
3 58 59 60
3 55 56 57
3 -32 53 54
3 50 51 52
3 47 48 49
3 44 45 46
3 -40 43 -19
3 -20 -4 42
3 -38 -25 41
3 -27 -24 -29
3 -30 -15 -39
3 39 -16 40
3 37 -36 38
3 34 35 36
3 31 32 33
3 28 29 30
3 25 26 27
3 22 23 24
3 19 20 21
3 16 17 18
3 -14 -10 15
3 12 13 14
3 10 11 -1
3 7 8 9
3 4 5 6
3 1 2 3
0
0
0
0
0
3
1
1
2
0
