12
6
1.000000 0.000000 0.000000
0.000000 1.000000 0.000000
0.000000 0.000000 1.000000
0.000000 0.000000 0.000000
1.000000 0.000000 0.000000
0.000000 1.000000 0.000000
0.000000 0.000000 1.000000
0.000000 0.000000 -18.000000
0.000000 0.000000 1.000000
0.258819 0.965926 0.000000
-0.965926 0.258819 0.000000
6.997595 -1.875000 -5.750000
0.000000 0.000000 1.000000
-0.258819 -0.965926 0.000000
0.965926 -0.258819 0.000000
-6.997595 1.875000 -5.750000
0.000000 0.000000 1.000000
-0.965926 0.258819 0.000000
-0.258819 -0.965926 0.000000
1.875000 6.997595 -5.750000
0.000000 0.000000 1.000000
0.965926 -0.258819 0.000000
0.258819 0.965926 0.000000
-1.875000 -6.997595 -5.750000
0
0
123
5
*
3
3.750000 6.495191 -2.750000
3.361771 5.822759 -2.000000
0.000000 7.500000 -2.750000
0
3
2 1
1 0
0 2
1
3 1 2 3
0
0
5
*
3
0.000000 6.723543 -2.000000
0.000000 7.500000 -2.750000
3.361771 5.822759 -2.000000
0
3
2 1
1 0
0 2
1
3 1 2 3
0
0
5
*
4
5.822759 3.361771 -2.000000
3.361771 5.822759 -2.000000
3.750000 6.495191 -2.750000
6.495191 3.750000 -2.750000
0
4
3 2
2 1
1 0
0 3
1
4 1 2 3 4
0
0
5
*
4
3.750000 6.495191 -8.750000
6.495191 3.750000 -8.750000
6.495191 3.750000 -2.750000
3.750000 6.495191 -2.750000
0
4
3 2
2 1
1 0
0 3
1
4 1 2 3 4
0
0
5
*
3
6.495191 3.750000 -2.750000
7.500000 0.000000 -2.750000
5.822759 3.361771 -2.000000
0
3
2 1
1 0
0 2
1
3 1 2 3
0
0
5
*
3
6.723543 0.000000 -2.000000
5.822759 3.361771 -2.000000
7.500000 0.000000 -2.750000
0
3
2 1
1 0
0 2
1
3 1 2 3
0
0
5
*
4
6.495191 3.750000 -8.750000
7.500000 0.000000 -8.750000
7.500000 0.000000 -2.750000
6.495191 3.750000 -2.750000
0
4
3 2
2 1
1 0
0 3
1
4 1 2 3 4
0
0
5
*
3
7.500000 0.000000 -2.750000
6.495190 -3.750001 -2.750000
6.723543 0.000000 -2.000000
0
3
2 1
1 0
0 2
1
3 1 2 3
0
0
5
*
3
5.822758 -3.361773 -2.000000
6.723543 0.000000 -2.000000
6.495190 -3.750001 -2.750000
0
3
2 1
1 0
0 2
1
3 1 2 3
0
0
5
*
3
6.495191 3.750000 -8.750000
5.822759 3.361771 -9.500000
7.500000 0.000000 -8.750000
0
3
2 1
1 0
0 2
1
3 1 2 3
0
0
5
*
4
0.000000 7.500000 -8.750000
3.750000 6.495191 -8.750000
3.750000 6.495191 -2.750000
0.000000 7.500000 -2.750000
0
4
3 2
2 1
1 0
0 3
1
4 1 2 3 4
0
0
5
*
4
5.822759 3.361771 -9.500000
6.495191 3.750000 -8.750000
3.750000 6.495191 -8.750000
3.361771 5.822759 -9.500000
0
4
3 2
2 1
1 0
0 3
1
4 1 2 3 4
0
0
5
*
3
0.000000 7.500000 -2.750000
0.000000 6.723543 -2.000000
-3.750000 6.495190 -2.750000
0
3
2 1
1 0
0 2
1
3 1 2 3
0
0
5
*
3
-3.361772 5.822759 -2.000000
-3.750000 6.495190 -2.750000
0.000000 6.723543 -2.000000
0
3
2 1
1 0
0 2
1
3 1 2 3
0
0
5
*
3
3.750000 6.495191 -8.750000
0.000000 7.500000 -8.750000
3.361771 5.822759 -9.500000
0
3
2 1
1 0
0 2
1
3 1 2 3
0
0
5
*
3
0.000000 6.723543 -9.500000
3.361771 5.822759 -9.500000
0.000000 7.500000 -8.750000
0
3
2 1
1 0
0 2
1
3 1 2 3
0
0
5
*
4
-3.750000 6.495190 -8.750000
0.000000 7.500000 -8.750000
0.000000 7.500000 -2.750000
-3.750000 6.495190 -2.750000
0
4
3 2
2 1
1 0
0 3
1
4 1 2 3 4
0
0
5
*
4
-5.822759 3.361772 -2.000000
-6.495190 3.750000 -2.750000
-3.750000 6.495190 -2.750000
-3.361772 5.822759 -2.000000
0
4
3 2
2 1
1 0
0 3
1
4 1 2 3 4
0
0
5
*
3
-5.822759 3.361772 -2.000000
-6.723543 0.000000 -2.000000
-6.495190 3.750000 -2.750000
0
3
2 1
1 0
0 2
1
3 1 2 3
0
0
5
*
3
0.000000 7.500000 -8.750000
-3.750000 6.495190 -8.750000
0.000000 6.723543 -9.500000
0
3
2 1
1 0
0 2
1
3 1 2 3
0
0
5
*
3
-3.361772 5.822759 -9.500000
0.000000 6.723543 -9.500000
-3.750000 6.495190 -8.750000
0
3
2 1
1 0
0 2
1
3 1 2 3
0
0
5
*
4
-6.495190 3.750000 -8.750000
-3.750000 6.495190 -8.750000
-3.750000 6.495190 -2.750000
-6.495190 3.750000 -2.750000
0
4
3 2
2 1
1 0
0 3
1
4 1 2 3 4
0
0
5
*
4
-3.361772 5.822759 -9.500000
-3.750000 6.495190 -8.750000
-6.495190 3.750000 -8.750000
-5.822759 3.361772 -9.500000
0
4
3 2
2 1
1 0
0 3
1
4 1 2 3 4
0
0
5
*
3
-7.500000 0.000000 -2.750000
-6.495190 3.750000 -2.750000
-6.723543 0.000000 -2.000000
0
3
2 1
1 0
0 2
1
3 1 2 3
0
0
5
*
3
-6.723543 0.000000 -2.000000
-5.822759 -3.361771 -2.000000
-7.500000 0.000000 -2.750000
0
3
2 1
1 0
0 2
1
3 1 2 3
0
0
5
*
3
-5.822759 3.361772 -9.500000
-6.495190 3.750000 -8.750000
-6.723543 0.000000 -9.500000
0
3
2 1
1 0
0 2
1
3 1 2 3
0
0
5
*
4
-7.500000 0.000000 -8.750000
-6.495190 3.750000 -8.750000
-6.495190 3.750000 -2.750000
-7.500000 0.000000 -2.750000
0
4
3 2
2 1
1 0
0 3
1
4 1 2 3 4
0
0
5
*
3
-6.495191 -3.750000 -2.750000
-7.500000 0.000000 -2.750000
-5.822759 -3.361771 -2.000000
0
3
2 1
1 0
0 2
1
3 1 2 3
0
0
5
*
3
-5.822759 -3.361771 -2.000000
-3.361771 -5.822760 -2.000000
-6.495191 -3.750000 -2.750000
0
3
2 1
1 0
0 2
1
3 1 2 3
0
0
5
*
3
-7.500000 0.000000 -8.750000
-6.723543 0.000000 -9.500000
-6.495190 3.750000 -8.750000
0
3
2 1
1 0
0 2
1
3 1 2 3
0
0
5
*
3
6.723543 0.000000 -9.500000
7.500000 0.000000 -8.750000
5.822759 3.361771 -9.500000
0
3
2 1
1 0
0 2
1
3 1 2 3
0
0
5
*
4
7.500000 0.000000 -8.750000
6.495190 -3.750001 -8.750000
6.495190 -3.750001 -2.750000
7.500000 0.000000 -2.750000
0
4
3 2
2 1
1 0
0 3
1
4 1 2 3 4
0
0
5
*
3
6.495190 -3.750001 -2.750000
3.749999 -6.495191 -2.750000
5.822758 -3.361773 -2.000000
0
3
2 1
1 0
0 2
1
3 1 2 3
0
0
5
*
3
3.361771 -5.822760 -2.000000
5.822758 -3.361773 -2.000000
3.749999 -6.495191 -2.750000
0
3
2 1
1 0
0 2
1
3 1 2 3
0
0
5
*
3
7.500000 0.000000 -8.750000
6.723543 0.000000 -9.500000
6.495190 -3.750001 -8.750000
0
3
2 1
1 0
0 2
1
3 1 2 3
0
0
5
*
3
5.822758 -3.361773 -9.500000
6.495190 -3.750001 -8.750000
6.723543 0.000000 -9.500000
0
3
2 1
1 0
0 2
1
3 1 2 3
0
0
5
*
4
6.495190 -3.750001 -8.750000
3.749999 -6.495191 -8.750000
3.749999 -6.495191 -2.750000
6.495190 -3.750001 -2.750000
0
4
3 2
2 1
1 0
0 3
1
4 1 2 3 4
0
0
5
*
3
3.749999 -6.495191 -2.750000
0.000000 -7.500000 -2.750000
3.361771 -5.822760 -2.000000
0
3
2 1
1 0
0 2
1
3 1 2 3
0
0
5
*
12
0.000000 6.723543 -2.000000
3.361771 5.822759 -2.000000
5.822759 3.361771 -2.000000
6.723543 0.000000 -2.000000
5.822758 -3.361773 -2.000000
3.361771 -5.822760 -2.000000
0.000000 -6.723543 -2.000000
-3.361771 -5.822760 -2.000000
-5.822759 -3.361771 -2.000000
-6.723543 0.000000 -2.000000
-5.822759 3.361772 -2.000000
-3.361772 5.822759 -2.000000
0
12
11 10
10 9
9 8
8 7
7 6
6 5
5 4
4 3
3 2
2 1
1 0
0 11
1
12 1 2 3 4 5 6 7 8 9 10 11 12
0
0
5
*
3
0.000000 -6.723543 -2.000000
3.361771 -5.822760 -2.000000
0.000000 -7.500000 -2.750000
0
3
2 1
1 0
0 2
1
3 1 2 3
0
0
5
*
3
0.000000 -6.723543 -2.000000
0.000000 -7.500000 -2.750000
-3.361771 -5.822760 -2.000000
0
3
2 1
1 0
0 2
1
3 1 2 3
0
0
5
*
3
-3.749999 -6.495191 -2.750000
-6.495191 -3.750000 -2.750000
-3.361771 -5.822760 -2.000000
0
3
2 1
1 0
0 2
1
3 1 2 3
0
0
5
*
4
-6.495191 -3.750000 -8.750000
-7.500000 0.000000 -8.750000
-7.500000 0.000000 -2.750000
-6.495191 -3.750000 -2.750000
0
4
3 2
2 1
1 0
0 3
1
4 1 2 3 4
0
0
5
*
3
-6.723543 0.000000 -9.500000
-7.500000 0.000000 -8.750000
-5.822759 -3.361771 -9.500000
0
3
2 1
1 0
0 2
1
3 1 2 3
0
0
5
*
3
-3.749999 -6.495191 -2.750000
-3.361771 -5.822760 -2.000000
0.000000 -7.500000 -2.750000
0
3
2 1
1 0
0 2
1
3 1 2 3
0
0
5
*
4
-3.749999 -6.495191 -8.750000
-6.495191 -3.750000 -8.750000
-6.495191 -3.750000 -2.750000
-3.749999 -6.495191 -2.750000
0
4
3 2
2 1
1 0
0 3
1
4 1 2 3 4
0
0
5
*
4
0.000000 -7.500000 -8.750000
-3.749999 -6.495191 -8.750000
-3.749999 -6.495191 -2.750000
0.000000 -7.500000 -2.750000
0
4
3 2
2 1
1 0
0 3
1
4 1 2 3 4
0
0
5
*
4
3.749999 -6.495191 -8.750000
0.000000 -7.500000 -8.750000
0.000000 -7.500000 -2.750000
3.749999 -6.495191 -2.750000
0
4
3 2
2 1
1 0
0 3
1
4 1 2 3 4
0
0
5
*
3
-6.495191 -3.750000 -8.750000
-5.822759 -3.361771 -9.500000
-7.500000 0.000000 -8.750000
0
3
2 1
1 0
0 2
1
3 1 2 3
0
0
5
*
3
-3.749999 -6.495191 -8.750000
-3.361771 -5.822760 -9.500000
-6.495191 -3.750000 -8.750000
0
3
2 1
1 0
0 2
1
3 1 2 3
0
0
5
*
3
-5.822759 -3.361771 -9.500000
-6.495191 -3.750000 -8.750000
-3.361771 -5.822760 -9.500000
0
3
2 1
1 0
0 2
1
3 1 2 3
0
0
5
*
3
-3.749999 -6.495191 -8.750000
0.000000 -7.500000 -8.750000
-3.361771 -5.822760 -9.500000
0
3
2 1
1 0
0 2
1
3 1 2 3
0
0
5
*
3
0.000000 -6.723543 -9.500000
-3.361771 -5.822760 -9.500000
0.000000 -7.500000 -8.750000
0
3
2 1
1 0
0 2
1
3 1 2 3
0
0
5
*
3
0.000000 -6.723543 -9.500000
0.000000 -7.500000 -8.750000
3.361771 -5.822760 -9.500000
0
3
2 1
1 0
0 2
1
3 1 2 3
0
0
5
*
12
0.000000 6.723543 -9.500000
-3.361772 5.822759 -9.500000
-5.822759 3.361772 -9.500000
-6.723543 0.000000 -9.500000
-5.822759 -3.361771 -9.500000
-3.361771 -5.822760 -9.500000
0.000000 -6.723543 -9.500000
3.361771 -5.822760 -9.500000
5.822758 -3.361773 -9.500000
6.723543 0.000000 -9.500000
5.822759 3.361771 -9.500000
3.361771 5.822759 -9.500000
0
12
11 10
10 9
9 8
8 7
7 6
6 5
5 4
4 3
3 2
2 1
1 0
0 11
1
12 1 2 3 4 5 6 7 8 9 10 11 12
0
0
5
*
3
3.749999 -6.495191 -8.750000
3.361771 -5.822760 -9.500000
0.000000 -7.500000 -8.750000
0
3
2 1
1 0
0 2
1
3 1 2 3
0
0
5
*
3
6.495190 -3.750001 -8.750000
5.822758 -3.361773 -9.500000
3.749999 -6.495191 -8.750000
0
3
2 1
1 0
0 2
1
3 1 2 3
0
0
5
*
3
3.361771 -5.822760 -9.500000
3.749999 -6.495191 -8.750000
5.822758 -3.361773 -9.500000
0
3
2 1
1 0
0 2
1
3 1 2 3
0
0
5
*
4
2.165063 1.250000 5.000000
2.165063 1.250000 0.000000
2.500000 0.000000 0.000000
2.500000 0.000000 5.000000
0
4
3 2
2 1
1 0
0 3
1
4 1 2 3 4
0
0
5
*
4
1.250000 2.165064 5.000000
1.250000 2.165064 0.000000
2.165063 1.250000 0.000000
2.165063 1.250000 5.000000
0
4
3 2
2 1
1 0
0 3
1
4 1 2 3 4
0
0
5
*
4
0.000000 2.500000 5.000000
0.000000 2.500000 0.000000
1.250000 2.165064 0.000000
1.250000 2.165064 5.000000
0
4
3 2
2 1
1 0
0 3
1
4 1 2 3 4
0
0
5
*
4
-1.250000 2.165063 5.000000
-1.250000 2.165063 0.000000
0.000000 2.500000 0.000000
0.000000 2.500000 5.000000
0
4
3 2
2 1
1 0
0 3
1
4 1 2 3 4
0
0
5
*
4
-2.165063 1.250000 5.000000
-2.165063 1.250000 0.000000
-1.250000 2.165063 0.000000
-1.250000 2.165063 5.000000
0
4
3 2
2 1
1 0
0 3
1
4 1 2 3 4
0
0
5
*
4
-2.500000 0.000000 5.000000
-2.500000 0.000000 0.000000
-2.165063 1.250000 0.000000
-2.165063 1.250000 5.000000
0
4
3 2
2 1
1 0
0 3
1
4 1 2 3 4
0
0
5
*
4
-2.165064 -1.250000 5.000000
-2.165064 -1.250000 0.000000
-2.500000 0.000000 0.000000
-2.500000 0.000000 5.000000
0
4
3 2
2 1
1 0
0 3
1
4 1 2 3 4
0
0
5
*
4
-1.250000 -2.165064 5.000000
-1.250000 -2.165064 0.000000
-2.165064 -1.250000 0.000000
-2.165064 -1.250000 5.000000
0
4
3 2
2 1
1 0
0 3
1
4 1 2 3 4
0
0
5
*
4
0.000000 -2.500000 5.000000
0.000000 -2.500000 0.000000
-1.250000 -2.165064 0.000000
-1.250000 -2.165064 5.000000
0
4
3 2
2 1
1 0
0 3
1
4 1 2 3 4
0
0
5
*
12
-2.500000 0.000000 0.000000
-2.165064 -1.250000 0.000000
-1.250000 -2.165064 0.000000
0.000000 -2.500000 0.000000
1.250000 -2.165064 0.000000
2.165063 -1.250000 0.000000
2.500000 0.000000 0.000000
2.165063 1.250000 0.000000
1.250000 2.165064 0.000000
0.000000 2.500000 0.000000
-1.250000 2.165063 0.000000
-2.165063 1.250000 0.000000
0
12
11 10
10 9
9 8
8 7
7 6
6 5
5 4
4 3
3 2
2 1
1 0
0 11
1
12 1 2 3 4 5 6 7 8 9 10 11 12
0
0
5
*
12
2.165063 1.250000 5.000000
2.500000 0.000000 5.000000
2.165063 -1.250000 5.000000
1.250000 -2.165064 5.000000
0.000000 -2.500000 5.000000
-1.250000 -2.165064 5.000000
-2.165064 -1.250000 5.000000
-2.500000 0.000000 5.000000
-2.165063 1.250000 5.000000
-1.250000 2.165063 5.000000
0.000000 2.500000 5.000000
1.250000 2.165064 5.000000
0
12
11 10
10 9
9 8
8 7
7 6
6 5
5 4
4 3
3 2
2 1
1 0
0 11
1
12 1 2 3 4 5 6 7 8 9 10 11 12
0
0
5
*
4
1.250000 -2.165064 5.000000
1.250000 -2.165064 0.000000
0.000000 -2.500000 0.000000
0.000000 -2.500000 5.000000
0
4
3 2
2 1
1 0
0 3
1
4 1 2 3 4
0
0
5
*
4
2.165063 -1.250000 5.000000
2.165063 -1.250000 0.000000
1.250000 -2.165064 0.000000
1.250000 -2.165064 5.000000
0
4
3 2
2 1
1 0
0 3
1
4 1 2 3 4
0
0
5
*
4
2.500000 0.000000 5.000000
2.500000 0.000000 0.000000
2.165063 -1.250000 0.000000
2.165063 -1.250000 5.000000
0
4
3 2
2 1
1 0
0 3
1
4 1 2 3 4
0
0
5
*
4
3.247595 1.875000 0.000000
3.247595 1.875000 -2.000000
3.750000 0.000000 -2.000000
3.750000 0.000000 0.000000
0
4
3 2
2 1
1 0
0 3
1
4 1 2 3 4
0
0
5
*
4
1.875000 3.247595 0.000000
1.875000 3.247595 -2.000000
3.247595 1.875000 -2.000000
3.247595 1.875000 0.000000
0
4
3 2
2 1
1 0
0 3
1
4 1 2 3 4
0
0
5
*
4
0.000000 3.750000 0.000000
0.000000 3.750000 -2.000000
1.875000 3.247595 -2.000000
1.875000 3.247595 0.000000
0
4
3 2
2 1
1 0
0 3
1
4 1 2 3 4
0
0
5
*
4
-1.875000 3.247595 0.000000
-1.875000 3.247595 -2.000000
0.000000 3.750000 -2.000000
0.000000 3.750000 0.000000
0
4
3 2
2 1
1 0
0 3
1
4 1 2 3 4
0
0
5
*
4
-3.247595 1.875000 0.000000
-3.247595 1.875000 -2.000000
-1.875000 3.247595 -2.000000
-1.875000 3.247595 0.000000
0
4
3 2
2 1
1 0
0 3
1
4 1 2 3 4
0
0
5
*
4
-3.750000 0.000000 0.000000
-3.750000 0.000000 -2.000000
-3.247595 1.875000 -2.000000
-3.247595 1.875000 0.000000
0
4
3 2
2 1
1 0
0 3
1
4 1 2 3 4
0
0
5
*
4
-3.247595 -1.875000 0.000000
-3.247595 -1.875000 -2.000000
-3.750000 0.000000 -2.000000
-3.750000 0.000000 0.000000
0
4
3 2
2 1
1 0
0 3
1
4 1 2 3 4
0
0
5
*
4
-1.875000 -3.247596 0.000000
-1.875000 -3.247596 -2.000000
-3.247595 -1.875000 -2.000000
-3.247595 -1.875000 0.000000
0
4
3 2
2 1
1 0
0 3
1
4 1 2 3 4
0
0
5
*
4
0.000000 -3.750000 0.000000
0.000000 -3.750000 -2.000000
-1.875000 -3.247596 -2.000000
-1.875000 -3.247596 0.000000
0
4
3 2
2 1
1 0
0 3
1
4 1 2 3 4
0
0
5
*
12
-3.247595 -1.875000 -2.000000
-1.875000 -3.247596 -2.000000
0.000000 -3.750000 -2.000000
1.875000 -3.247596 -2.000000
3.247595 -1.875001 -2.000000
3.750000 0.000000 -2.000000
3.247595 1.875000 -2.000000
1.875000 3.247595 -2.000000
0.000000 3.750000 -2.000000
-1.875000 3.247595 -2.000000
-3.247595 1.875000 -2.000000
-3.750000 0.000000 -2.000000
0
12
11 10
10 9
9 8
8 7
7 6
6 5
5 4
4 3
3 2
2 1
1 0
0 11
1
12 1 2 3 4 5 6 7 8 9 10 11 12
0
0
5
*
12
0.000000 3.750000 0.000000
1.875000 3.247595 0.000000
3.247595 1.875000 0.000000
3.750000 0.000000 0.000000
3.247595 -1.875001 0.000000
1.875000 -3.247596 0.000000
0.000000 -3.750000 0.000000
-1.875000 -3.247596 0.000000
-3.247595 -1.875000 0.000000
-3.750000 0.000000 0.000000
-3.247595 1.875000 0.000000
-1.875000 3.247595 0.000000
0
12
11 10
10 9
9 8
8 7
7 6
6 5
5 4
4 3
3 2
2 1
1 0
0 11
1
12 1 2 3 4 5 6 7 8 9 10 11 12
0
0
5
*
4
1.875000 -3.247596 0.000000
1.875000 -3.247596 -2.000000
0.000000 -3.750000 -2.000000
0.000000 -3.750000 0.000000
0
4
3 2
2 1
1 0
0 3
1
4 1 2 3 4
0
0
5
*
4
3.247595 -1.875001 0.000000
3.247595 -1.875001 -2.000000
1.875000 -3.247596 -2.000000
1.875000 -3.247596 0.000000
0
4
3 2
2 1
1 0
0 3
1
4 1 2 3 4
0
0
5
*
4
3.750000 0.000000 0.000000
3.750000 0.000000 -2.000000
3.247595 -1.875001 -2.000000
3.247595 -1.875001 0.000000
0
4
3 2
2 1
1 0
0 3
1
4 1 2 3 4
0
0
5
*
3
3.247595 1.875000 -17.250000
2.575164 1.486771 -18.000000
3.750000 0.000000 -17.250000
0
3
2 1
1 0
0 2
1
3 1 2 3
0
0
5
*
3
2.973543 0.000000 -18.000000
3.750000 0.000000 -17.250000
2.575164 1.486771 -18.000000
0
3
2 1
1 0
0 2
1
3 1 2 3
0
0
5
*
4
1.486771 2.575164 -18.000000
2.575164 1.486771 -18.000000
3.247595 1.875000 -17.250000
1.875000 3.247595 -17.250000
0
4
3 2
2 1
1 0
0 3
1
4 1 2 3 4
0
0
5
*
4
3.247595 1.875000 -17.250000
3.750000 0.000000 -17.250000
3.750000 0.000000 -9.500000
3.247595 1.875000 -9.500000
0
4
3 2
2 1
1 0
0 3
1
4 1 2 3 4
0
0
5
*
4
1.875000 3.247595 -17.250000
3.247595 1.875000 -17.250000
3.247595 1.875000 -9.500000
1.875000 3.247595 -9.500000
0
4
3 2
2 1
1 0
0 3
1
4 1 2 3 4
0
0
5
*
4
0.000000 3.750000 -17.250000
1.875000 3.247595 -17.250000
1.875000 3.247595 -9.500000
0.000000 3.750000 -9.500000
0
4
3 2
2 1
1 0
0 3
1
4 1 2 3 4
0
0
5
*
4
3.750000 0.000000 -17.250000
3.247595 -1.875001 -17.250000
3.247595 -1.875001 -9.500000
3.750000 0.000000 -9.500000
0
4
3 2
2 1
1 0
0 3
1
4 1 2 3 4
0
0
5
*
3
3.750000 0.000000 -17.250000
2.973543 0.000000 -18.000000
3.247595 -1.875001 -17.250000
0
3
2 1
1 0
0 2
1
3 1 2 3
0
0
5
*
3
2.575163 -1.486772 -18.000000
3.247595 -1.875001 -17.250000
2.973543 0.000000 -18.000000
0
3
2 1
1 0
0 2
1
3 1 2 3
0
0
5
*
3
2.575163 -1.486772 -18.000000
1.486771 -2.575164 -18.000000
3.247595 -1.875001 -17.250000
0
3
2 1
1 0
0 2
1
3 1 2 3
0
0
5
*
4
3.247595 -1.875001 -17.250000
1.875000 -3.247596 -17.250000
1.875000 -3.247596 -9.500000
3.247595 -1.875001 -9.500000
0
4
3 2
2 1
1 0
0 3
1
4 1 2 3 4
0
0
5
*
3
1.875000 -3.247596 -17.250000
3.247595 -1.875001 -17.250000
1.486771 -2.575164 -18.000000
0
3
2 1
1 0
0 2
1
3 1 2 3
0
0
5
*
4
1.875000 -3.247596 -17.250000
0.000000 -3.750000 -17.250000
0.000000 -3.750000 -9.500000
1.875000 -3.247596 -9.500000
0
4
3 2
2 1
1 0
0 3
1
4 1 2 3 4
0
0
5
*
3
1.875000 -3.247596 -17.250000
1.486771 -2.575164 -18.000000
0.000000 -3.750000 -17.250000
0
3
2 1
1 0
0 2
1
3 1 2 3
0
0
5
*
3
0.000000 -2.973543 -18.000000
0.000000 -3.750000 -17.250000
1.486771 -2.575164 -18.000000
0
3
2 1
1 0
0 2
1
3 1 2 3
0
0
5
*
3
0.000000 -2.973543 -18.000000
-1.486771 -2.575164 -18.000000
0.000000 -3.750000 -17.250000
0
3
2 1
1 0
0 2
1
3 1 2 3
0
0
5
*
4
0.000000 -3.750000 -17.250000
-1.875000 -3.247596 -17.250000
-1.875000 -3.247596 -9.500000
0.000000 -3.750000 -9.500000
0
4
3 2
2 1
1 0
0 3
1
4 1 2 3 4
0
0
5
*
3
-1.875000 -3.247596 -17.250000
0.000000 -3.750000 -17.250000
-1.486771 -2.575164 -18.000000
0
3
2 1
1 0
0 2
1
3 1 2 3
0
0
5
*
4
-1.875000 -3.247596 -17.250000
-3.247595 -1.875000 -17.250000
-3.247595 -1.875000 -9.500000
-1.875000 -3.247596 -9.500000
0
4
3 2
2 1
1 0
0 3
1
4 1 2 3 4
0
0
5
*
3
-1.875000 -3.247596 -17.250000
-1.486771 -2.575164 -18.000000
-3.247595 -1.875000 -17.250000
0
3
2 1
1 0
0 2
1
3 1 2 3
0
0
5
*
3
-2.575164 -1.486771 -18.000000
-3.247595 -1.875000 -17.250000
-1.486771 -2.575164 -18.000000
0
3
2 1
1 0
0 2
1
3 1 2 3
0
0
5
*
4
-3.247595 -1.875000 -17.250000
-3.750000 0.000000 -17.250000
-3.750000 0.000000 -9.500000
-3.247595 -1.875000 -9.500000
0
4
3 2
2 1
1 0
0 3
1
4 1 2 3 4
0
0
5
*
12
0.000000 3.750000 -9.500000
1.875000 3.247595 -9.500000
3.247595 1.875000 -9.500000
3.750000 0.000000 -9.500000
3.247595 -1.875001 -9.500000
1.875000 -3.247596 -9.500000
0.000000 -3.750000 -9.500000
-1.875000 -3.247596 -9.500000
-3.247595 -1.875000 -9.500000
-3.750000 0.000000 -9.500000
-3.247595 1.875000 -9.500000
-1.875000 3.247595 -9.500000
0
12
11 10
10 9
9 8
8 7
7 6
6 5
5 4
4 3
3 2
2 1
1 0
0 11
1
12 1 2 3 4 5 6 7 8 9 10 11 12
0
0
5
*
4
-1.875000 3.247595 -17.250000
0.000000 3.750000 -17.250000
0.000000 3.750000 -9.500000
-1.875000 3.247595 -9.500000
0
4
3 2
2 1
1 0
0 3
1
4 1 2 3 4
0
0
5
*
4
-3.247595 1.875000 -17.250000
-1.875000 3.247595 -17.250000
-1.875000 3.247595 -9.500000
-3.247595 1.875000 -9.500000
0
4
3 2
2 1
1 0
0 3
1
4 1 2 3 4
0
0
5
*
4
-3.750000 0.000000 -17.250000
-3.247595 1.875000 -17.250000
-3.247595 1.875000 -9.500000
-3.750000 0.000000 -9.500000
0
4
3 2
2 1
1 0
0 3
1
4 1 2 3 4
0
0
5
*
3
1.875000 3.247595 -17.250000
0.000000 3.750000 -17.250000
1.486771 2.575164 -18.000000
0
3
2 1
1 0
0 2
1
3 1 2 3
0
0
5
*
3
0.000000 2.973543 -18.000000
1.486771 2.575164 -18.000000
0.000000 3.750000 -17.250000
0
3
2 1
1 0
0 2
1
3 1 2 3
0
0
5
*
3
0.000000 2.973543 -18.000000
0.000000 3.750000 -17.250000
-1.486772 2.575164 -18.000000
0
3
2 1
1 0
0 2
1
3 1 2 3
0
0
5
*
3
-1.875000 3.247595 -17.250000
-1.486772 2.575164 -18.000000
0.000000 3.750000 -17.250000
0
3
2 1
1 0
0 2
1
3 1 2 3
0
0
5
*
3
-3.247595 -1.875000 -17.250000
-2.575164 -1.486771 -18.000000
-3.750000 0.000000 -17.250000
0
3
2 1
1 0
0 2
1
3 1 2 3
0
0
5
*
3
-2.973543 0.000000 -18.000000
-3.750000 0.000000 -17.250000
-2.575164 -1.486771 -18.000000
0
3
2 1
1 0
0 2
1
3 1 2 3
0
0
5
*
3
-3.750000 0.000000 -17.250000
-2.973543 0.000000 -18.000000
-3.247595 1.875000 -17.250000
0
3
2 1
1 0
0 2
1
3 1 2 3
0
0
5
*
12
0.000000 2.973543 -18.000000
-1.486772 2.575164 -18.000000
-2.575163 1.486772 -18.000000
-2.973543 0.000000 -18.000000
-2.575164 -1.486771 -18.000000
-1.486771 -2.575164 -18.000000
0.000000 -2.973543 -18.000000
1.486771 -2.575164 -18.000000
2.575163 -1.486772 -18.000000
2.973543 0.000000 -18.000000
2.575164 1.486771 -18.000000
1.486771 2.575164 -18.000000
0
12
11 10
10 9
9 8
8 7
7 6
6 5
5 4
4 3
3 2
2 1
1 0
0 11
1
12 1 2 3 4 5 6 7 8 9 10 11 12
0
0
5
*
3
-2.575163 1.486772 -18.000000
-3.247595 1.875000 -17.250000
-2.973543 0.000000 -18.000000
0
3
2 1
1 0
0 2
1
3 1 2 3
0
0
5
*
3
-1.875000 3.247595 -17.250000
-3.247595 1.875000 -17.250000
-1.486772 2.575164 -18.000000
0
3
2 1
1 0
0 2
1
3 1 2 3
0
0
5
*
3
-2.575163 1.486772 -18.000000
-1.486772 2.575164 -18.000000
-3.247595 1.875000 -17.250000
0
3
2 1
1 0
0 2
1
3 1 2 3
0
0
