12
2
1.000000 0.000000 0.000000
0.000000 1.000000 0.000000
0.000000 0.000000 1.000000
0.000000 0.000000 -30.000002
1.000000 0.000000 0.000000
0.000000 1.000000 0.000000
0.000000 0.000000 1.000000
0.000000 0.000000 0.000000
0
0
100
5
*
3
1.875000 3.247595 -29.500000
0.000000 3.750000 -29.500000
1.616181 2.799308 -30.000000
0
3
2 1
1 0
0 2
1
3 1 2 3
0
0
5
*
3
0.000000 3.232362 -30.000000
1.616181 2.799308 -30.000000
0.000000 3.750000 -29.500000
0
3
2 1
1 0
0 2
1
3 1 2 3
0
0
5
*
4
2.799308 1.616181 -30.000000
3.247595 1.875000 -29.500000
1.875000 3.247595 -29.500000
1.616181 2.799308 -30.000000
0
4
3 2
2 1
1 0
0 3
1
4 1 2 3 4
0
0
5
*
4
1.875000 3.247595 -29.500000
3.247595 1.875000 -29.500000
3.247595 1.875000 -28.500000
1.875000 3.247595 -28.500000
0
4
3 2
2 1
1 0
0 3
1
4 1 2 3 4
0
0
5
*
4
3.247595 1.875000 -29.500000
3.750000 0.000000 -29.500000
3.750000 0.000000 -28.500000
3.247595 1.875000 -28.500000
0
4
3 2
2 1
1 0
0 3
1
4 1 2 3 4
0
0
5
*
4
0.000000 3.750000 -29.500000
1.875000 3.247595 -29.500000
1.875000 3.247595 -28.500000
0.000000 3.750000 -28.500000
0
4
3 2
2 1
1 0
0 3
1
4 1 2 3 4
0
0
5
*
4
-1.875000 3.247595 -29.500000
0.000000 3.750000 -29.500000
0.000000 3.750000 -28.500000
-1.875000 3.247595 -28.500000
0
4
3 2
2 1
1 0
0 3
1
4 1 2 3 4
0
0
5
*
3
0.000000 3.750000 -29.500000
-1.875000 3.247595 -29.500000
0.000000 3.232362 -30.000000
0
3
2 1
1 0
0 2
1
3 1 2 3
0
0
5
*
3
-1.616181 2.799307 -30.000000
0.000000 3.232362 -30.000000
-1.875000 3.247595 -29.500000
0
3
2 1
1 0
0 2
1
3 1 2 3
0
0
5
*
4
-3.247595 1.875000 -29.500000
-1.875000 3.247595 -29.500000
-1.875000 3.247595 -28.500000
-3.247595 1.875000 -28.500000
0
4
3 2
2 1
1 0
0 3
1
4 1 2 3 4
0
0
5
*
4
-1.616181 2.799307 -30.000000
-1.875000 3.247595 -29.500000
-3.247595 1.875000 -29.500000
-2.799307 1.616181 -30.000000
0
4
3 2
2 1
1 0
0 3
1
4 1 2 3 4
0
0
5
*
3
-2.799307 1.616181 -30.000000
-3.247595 1.875000 -29.500000
-3.232362 0.000000 -30.000000
0
3
2 1
1 0
0 2
1
3 1 2 3
0
0
5
*
4
-3.750000 0.000000 -29.500000
-3.247595 1.875000 -29.500000
-3.247595 1.875000 -28.500000
-3.750000 0.000000 -28.500000
0
4
3 2
2 1
1 0
0 3
1
4 1 2 3 4
0
0
5
*
3
-3.750000 0.000000 -29.500000
-3.232362 0.000000 -30.000000
-3.247595 1.875000 -29.500000
0
3
2 1
1 0
0 2
1
3 1 2 3
0
0
5
*
3
-3.232362 0.000000 -30.000000
-3.750000 0.000000 -29.500000
-2.799308 -1.616181 -30.000000
0
3
2 1
1 0
0 2
1
3 1 2 3
0
0
5
*
4
-3.247595 -1.875000 -29.500000
-3.750000 0.000000 -29.500000
-3.750000 0.000000 -28.500000
-3.247595 -1.875000 -28.500000
0
4
3 2
2 1
1 0
0 3
1
4 1 2 3 4
0
0
5
*
3
-3.247595 -1.875000 -29.500000
-2.799308 -1.616181 -30.000000
-3.750000 0.000000 -29.500000
0
3
2 1
1 0
0 2
1
3 1 2 3
0
0
5
*
3
-2.799308 -1.616181 -30.000000
-3.247595 -1.875000 -29.500000
-1.616181 -2.799308 -30.000000
0
3
2 1
1 0
0 2
1
3 1 2 3
0
0
5
*
4
-1.875000 -3.247596 -29.500000
-3.247595 -1.875000 -29.500000
-3.247595 -1.875000 -28.500000
-1.875000 -3.247596 -28.500000
0
4
3 2
2 1
1 0
0 3
1
4 1 2 3 4
0
0
5
*
3
-1.875000 -3.247596 -29.500000
-1.616181 -2.799308 -30.000000
-3.247595 -1.875000 -29.500000
0
3
2 1
1 0
0 2
1
3 1 2 3
0
0
5
*
4
0.000000 -3.750000 -29.500000
-1.875000 -3.247596 -29.500000
-1.875000 -3.247596 -28.500000
0.000000 -3.750000 -28.500000
0
4
3 2
2 1
1 0
0 3
1
4 1 2 3 4
0
0
5
*
12
0.000000 3.750000 -28.500000
1.875000 3.247595 -28.500000
3.247595 1.875000 -28.500000
3.750000 0.000000 -28.500000
3.247595 -1.875001 -28.500000
1.875000 -3.247596 -28.500000
0.000000 -3.750000 -28.500000
-1.875000 -3.247596 -28.500000
-3.247595 -1.875000 -28.500000
-3.750000 0.000000 -28.500000
-3.247595 1.875000 -28.500000
-1.875000 3.247595 -28.500000
0
12
11 10
10 9
9 8
8 7
7 6
6 5
5 4
4 3
3 2
2 1
1 0
0 11
1
12 1 2 3 4 5 6 7 8 9 10 11 12
0
0
5
*
4
1.875000 -3.247596 -29.500000
0.000000 -3.750000 -29.500000
0.000000 -3.750000 -28.500000
1.875000 -3.247596 -28.500000
0
4
3 2
2 1
1 0
0 3
1
4 1 2 3 4
0
0
5
*
4
3.247595 -1.875001 -29.500000
1.875000 -3.247596 -29.500000
1.875000 -3.247596 -28.500000
3.247595 -1.875001 -28.500000
0
4
3 2
2 1
1 0
0 3
1
4 1 2 3 4
0
0
5
*
4
3.750000 0.000000 -29.500000
3.247595 -1.875001 -29.500000
3.247595 -1.875001 -28.500000
3.750000 0.000000 -28.500000
0
4
3 2
2 1
1 0
0 3
1
4 1 2 3 4
0
0
5
*
3
-1.875000 -3.247596 -29.500000
0.000000 -3.750000 -29.500000
-1.616181 -2.799308 -30.000000
0
3
2 1
1 0
0 2
1
3 1 2 3
0
0
5
*
3
0.000000 -3.232362 -30.000000
-1.616181 -2.799308 -30.000000
0.000000 -3.750000 -29.500000
0
3
2 1
1 0
0 2
1
3 1 2 3
0
0
5
*
3
1.875000 -3.247596 -29.500000
1.616181 -2.799308 -30.000000
0.000000 -3.750000 -29.500000
0
3
2 1
1 0
0 2
1
3 1 2 3
0
0
5
*
3
0.000000 -3.232362 -30.000000
0.000000 -3.750000 -29.500000
1.616181 -2.799308 -30.000000
0
3
2 1
1 0
0 2
1
3 1 2 3
0
0
5
*
3
1.875000 -3.247596 -29.500000
3.247595 -1.875001 -29.500000
1.616181 -2.799308 -30.000000
0
3
2 1
1 0
0 2
1
3 1 2 3
0
0
5
*
3
2.799307 -1.616181 -30.000000
1.616181 -2.799308 -30.000000
3.247595 -1.875001 -29.500000
0
3
2 1
1 0
0 2
1
3 1 2 3
0
0
5
*
3
3.247595 1.875000 -29.500000
2.799308 1.616181 -30.000000
3.750000 0.000000 -29.500000
0
3
2 1
1 0
0 2
1
3 1 2 3
0
0
5
*
12
-2.799307 1.616181 -30.000000
-3.232362 0.000000 -30.000000
-2.799308 -1.616181 -30.000000
-1.616181 -2.799308 -30.000000
0.000000 -3.232362 -30.000000
1.616181 -2.799308 -30.000000
2.799307 -1.616181 -30.000000
3.232362 0.000000 -30.000000
2.799308 1.616181 -30.000000
1.616181 2.799308 -30.000000
0.000000 3.232362 -30.000000
-1.616181 2.799307 -30.000000
0
12
11 10
10 9
9 8
8 7
7 6
6 5
5 4
4 3
3 2
2 1
1 0
0 11
1
12 1 2 3 4 5 6 7 8 9 10 11 12
0
0
5
*
3
3.232362 0.000000 -30.000000
3.750000 0.000000 -29.500000
2.799308 1.616181 -30.000000
0
3
2 1
1 0
0 2
1
3 1 2 3
0
0
5
*
3
3.232362 0.000000 -30.000000
2.799307 -1.616181 -30.000000
3.750000 0.000000 -29.500000
0
3
2 1
1 0
0 2
1
3 1 2 3
0
0
5
*
3
3.247595 -1.875001 -29.500000
3.750000 0.000000 -29.500000
2.799307 -1.616181 -30.000000
0
3
2 1
1 0
0 2
1
3 1 2 3
0
0
5
*
4
3.500000 0.000000 -3.500000
3.500000 0.000000 -28.500000
3.031089 -1.750001 -28.500000
3.031089 -1.750001 -3.500000
0
4
3 2
2 1
1 0
0 3
1
4 1 2 3 4
0
0
5
*
4
3.031089 -1.750001 -3.500000
3.031089 -1.750001 -28.500000
1.750000 -3.031089 -28.500000
1.750000 -3.031089 -3.500000
0
4
3 2
2 1
1 0
0 3
1
4 1 2 3 4
0
0
5
*
4
1.750000 -3.031089 -3.500000
1.750000 -3.031089 -28.500000
0.000000 -3.500000 -28.500000
0.000000 -3.500000 -3.500000
0
4
3 2
2 1
1 0
0 3
1
4 1 2 3 4
0
0
5
*
4
0.000000 -3.500000 -3.500000
0.000000 -3.500000 -28.500000
-1.750000 -3.031089 -28.500000
-1.750000 -3.031089 -3.500000
0
4
3 2
2 1
1 0
0 3
1
4 1 2 3 4
0
0
5
*
4
-1.750000 -3.031089 -3.500000
-1.750000 -3.031089 -28.500000
-3.031089 -1.750000 -28.500000
-3.031089 -1.750000 -3.500000
0
4
3 2
2 1
1 0
0 3
1
4 1 2 3 4
0
0
5
*
4
-3.031089 -1.750000 -3.500000
-3.031089 -1.750000 -28.500000
-3.500000 0.000000 -28.500000
-3.500000 0.000000 -3.500000
0
4
3 2
2 1
1 0
0 3
1
4 1 2 3 4
0
0
5
*
4
-3.500000 0.000000 -3.500000
-3.500000 0.000000 -28.500000
-3.031089 1.750000 -28.500000
-3.031089 1.750000 -3.500000
0
4
3 2
2 1
1 0
0 3
1
4 1 2 3 4
0
0
5
*
4
-3.031089 1.750000 -3.500000
-3.031089 1.750000 -28.500000
-1.750000 3.031089 -28.500000
-1.750000 3.031089 -3.500000
0
4
3 2
2 1
1 0
0 3
1
4 1 2 3 4
0
0
5
*
4
-1.750000 3.031089 -3.500000
-1.750000 3.031089 -28.500000
0.000000 3.500000 -28.500000
0.000000 3.500000 -3.500000
0
4
3 2
2 1
1 0
0 3
1
4 1 2 3 4
0
0
5
*
12
1.750000 -3.031089 -3.500000
0.000000 -3.500000 -3.500000
-1.750000 -3.031089 -3.500000
-3.031089 -1.750000 -3.500000
-3.500000 0.000000 -3.500000
-3.031089 1.750000 -3.500000
-1.750000 3.031089 -3.500000
0.000000 3.500000 -3.500000
1.750000 3.031089 -3.500000
3.031089 1.750000 -3.500000
3.500000 0.000000 -3.500000
3.031089 -1.750001 -3.500000
0
12
11 10
10 9
9 8
8 7
7 6
6 5
5 4
4 3
3 2
2 1
1 0
0 11
1
12 1 2 3 4 5 6 7 8 9 10 11 12
0
0
5
*
12
1.750000 -3.031089 -28.500000
3.031089 -1.750001 -28.500000
3.500000 0.000000 -28.500000
3.031089 1.750000 -28.500000
1.750000 3.031089 -28.500000
0.000000 3.500000 -28.500000
-1.750000 3.031089 -28.500000
-3.031089 1.750000 -28.500000
-3.500000 0.000000 -28.500000
-3.031089 -1.750000 -28.500000
-1.750000 -3.031089 -28.500000
0.000000 -3.500000 -28.500000
0
12
11 10
10 9
9 8
8 7
7 6
6 5
5 4
4 3
3 2
2 1
1 0
0 11
1
12 1 2 3 4 5 6 7 8 9 10 11 12
0
0
5
*
4
0.000000 3.500000 -3.500000
0.000000 3.500000 -28.500000
1.750000 3.031089 -28.500000
1.750000 3.031089 -3.500000
0
4
3 2
2 1
1 0
0 3
1
4 1 2 3 4
0
0
5
*
4
1.750000 3.031089 -3.500000
1.750000 3.031089 -28.500000
3.031089 1.750000 -28.500000
3.031089 1.750000 -3.500000
0
4
3 2
2 1
1 0
0 3
1
4 1 2 3 4
0
0
5
*
4
3.031089 1.750000 -3.500000
3.031089 1.750000 -28.500000
3.500000 0.000000 -28.500000
3.500000 0.000000 -3.500000
0
4
3 2
2 1
1 0
0 3
1
4 1 2 3 4
0
0
5
*
3
-1.875000 -3.247596 -0.500000
-1.616181 -2.799308 0.000000
0.000000 -3.750000 -0.500000
0
3
2 1
1 0
0 2
1
3 1 2 3
0
0
5
*
3
0.000000 -3.232362 0.000000
0.000000 -3.750000 -0.500000
-1.616181 -2.799308 0.000000
0
3
2 1
1 0
0 2
1
3 1 2 3
0
0
5
*
3
0.000000 -3.232362 0.000000
1.616181 -2.799308 0.000000
0.000000 -3.750000 -0.500000
0
3
2 1
1 0
0 2
1
3 1 2 3
0
0
5
*
3
1.875000 -3.247596 -0.500000
0.000000 -3.750000 -0.500000
1.616181 -2.799308 0.000000
0
3
2 1
1 0
0 2
1
3 1 2 3
0
0
5
*
4
-1.875000 -3.247596 -0.500000
0.000000 -3.750000 -0.500000
0.000000 -3.750000 -3.500000
-1.875000 -3.247596 -3.500000
0
4
3 2
2 1
1 0
0 3
1
4 1 2 3 4
0
0
5
*
4
-3.247595 -1.875000 -0.500000
-1.875000 -3.247596 -0.500000
-1.875000 -3.247596 -3.500000
-3.247595 -1.875000 -3.500000
0
4
3 2
2 1
1 0
0 3
1
4 1 2 3 4
0
0
5
*
4
0.000000 -3.750000 -0.500000
1.875000 -3.247596 -0.500000
1.875000 -3.247596 -3.500000
0.000000 -3.750000 -3.500000
0
4
3 2
2 1
1 0
0 3
1
4 1 2 3 4
0
0
5
*
4
1.875000 -3.247596 -0.500000
3.247595 -1.875001 -0.500000
3.247595 -1.875001 -3.500000
1.875000 -3.247596 -3.500000
0
4
3 2
2 1
1 0
0 3
1
4 1 2 3 4
0
0
5
*
3
1.875000 -3.247596 -0.500000
1.616181 -2.799308 0.000000
3.247595 -1.875001 -0.500000
0
3
2 1
1 0
0 2
1
3 1 2 3
0
0
5
*
3
2.799307 -1.616181 0.000000
3.247595 -1.875001 -0.500000
1.616181 -2.799308 0.000000
0
3
2 1
1 0
0 2
1
3 1 2 3
0
0
5
*
4
3.247595 -1.875001 -0.500000
3.750000 0.000000 -0.500000
3.750000 0.000000 -3.500000
3.247595 -1.875001 -3.500000
0
4
3 2
2 1
1 0
0 3
1
4 1 2 3 4
0
0
5
*
3
-1.875000 -3.247596 -0.500000
-3.247595 -1.875000 -0.500000
-1.616181 -2.799308 0.000000
0
3
2 1
1 0
0 2
1
3 1 2 3
0
0
5
*
3
-2.799308 -1.616181 0.000000
-1.616181 -2.799308 0.000000
-3.247595 -1.875000 -0.500000
0
3
2 1
1 0
0 2
1
3 1 2 3
0
0
5
*
4
-3.750000 0.000000 -0.500000
-3.247595 -1.875000 -0.500000
-3.247595 -1.875000 -3.500000
-3.750000 0.000000 -3.500000
0
4
3 2
2 1
1 0
0 3
1
4 1 2 3 4
0
0
5
*
3
-3.247595 -1.875000 -0.500000
-3.750000 0.000000 -0.500000
-2.799308 -1.616181 0.000000
0
3
2 1
1 0
0 2
1
3 1 2 3
0
0
5
*
3
-3.232362 0.000000 0.000000
-2.799308 -1.616181 0.000000
-3.750000 0.000000 -0.500000
0
3
2 1
1 0
0 2
1
3 1 2 3
0
0
5
*
4
-3.247595 1.875000 -0.500000
-3.750000 0.000000 -0.500000
-3.750000 0.000000 -3.500000
-3.247595 1.875000 -3.500000
0
4
3 2
2 1
1 0
0 3
1
4 1 2 3 4
0
0
5
*
3
-3.750000 0.000000 -0.500000
-3.247595 1.875000 -0.500000
-3.232362 0.000000 0.000000
0
3
2 1
1 0
0 2
1
3 1 2 3
0
0
5
*
3
-2.799307 1.616181 0.000000
-3.232362 0.000000 0.000000
-3.247595 1.875000 -0.500000
0
3
2 1
1 0
0 2
1
3 1 2 3
0
0
5
*
4
-2.799307 1.616181 0.000000
-3.247595 1.875000 -0.500000
-1.875000 3.247595 -0.500000
-1.616181 2.799307 0.000000
0
4
3 2
2 1
1 0
0 3
1
4 1 2 3 4
0
0
5
*
4
-1.875000 3.247595 -0.500000
-3.247595 1.875000 -0.500000
-3.247595 1.875000 -3.500000
-1.875000 3.247595 -3.500000
0
4
3 2
2 1
1 0
0 3
1
4 1 2 3 4
0
0
5
*
3
3.247595 -1.875001 -0.500000
2.799307 -1.616181 0.000000
3.750000 0.000000 -0.500000
0
3
2 1
1 0
0 2
1
3 1 2 3
0
0
5
*
3
3.232362 0.000000 0.000000
3.750000 0.000000 -0.500000
2.799307 -1.616181 0.000000
0
3
2 1
1 0
0 2
1
3 1 2 3
0
0
5
*
3
3.232362 0.000000 0.000000
2.799308 1.616181 0.000000
3.750000 0.000000 -0.500000
0
3
2 1
1 0
0 2
1
3 1 2 3
0
0
5
*
4
3.750000 0.000000 -0.500000
3.247595 1.875000 -0.500000
3.247595 1.875000 -3.500000
3.750000 0.000000 -3.500000
0
4
3 2
2 1
1 0
0 3
1
4 1 2 3 4
0
0
5
*
12
-3.247595 -1.875000 -3.500000
-1.875000 -3.247596 -3.500000
0.000000 -3.750000 -3.500000
1.875000 -3.247596 -3.500000
3.247595 -1.875001 -3.500000
3.750000 0.000000 -3.500000
3.247595 1.875000 -3.500000
1.875000 3.247595 -3.500000
0.000000 3.750000 -3.500000
-1.875000 3.247595 -3.500000
-3.247595 1.875000 -3.500000
-3.750000 0.000000 -3.500000
0
12
11 10
10 9
9 8
8 7
7 6
6 5
5 4
4 3
3 2
2 1
1 0
0 11
1
12 1 2 3 4 5 6 7 8 9 10 11 12
0
0
5
*
4
3.247595 1.875000 -0.500000
1.875000 3.247595 -0.500000
1.875000 3.247595 -3.500000
3.247595 1.875000 -3.500000
0
4
3 2
2 1
1 0
0 3
1
4 1 2 3 4
0
0
5
*
3
3.247595 1.875000 -0.500000
3.750000 0.000000 -0.500000
2.799308 1.616181 0.000000
0
3
2 1
1 0
0 2
1
3 1 2 3
0
0
5
*
12
-2.799307 1.616181 0.000000
-1.616181 2.799307 0.000000
0.000000 3.232362 0.000000
1.616181 2.799308 0.000000
2.799308 1.616181 0.000000
3.232362 0.000000 0.000000
2.799307 -1.616181 0.000000
1.616181 -2.799308 0.000000
0.000000 -3.232362 0.000000
-1.616181 -2.799308 0.000000
-2.799308 -1.616181 0.000000
-3.232362 0.000000 0.000000
0
12
11 10
10 9
9 8
8 7
7 6
6 5
5 4
4 3
3 2
2 1
1 0
0 11
1
12 1 2 3 4 5 6 7 8 9 10 11 12
0
0
5
*
4
2.799308 1.616181 0.000000
1.616181 2.799308 0.000000
1.875000 3.247595 -0.500000
3.247595 1.875000 -0.500000
0
4
3 2
2 1
1 0
0 3
1
4 1 2 3 4
0
0
5
*
4
1.875000 3.247595 -0.500000
0.000000 3.750000 -0.500000
0.000000 3.750000 -3.500000
1.875000 3.247595 -3.500000
0
4
3 2
2 1
1 0
0 3
1
4 1 2 3 4
0
0
5
*
3
1.875000 3.247595 -0.500000
1.616181 2.799308 0.000000
0.000000 3.750000 -0.500000
0
3
2 1
1 0
0 2
1
3 1 2 3
0
0
5
*
4
0.000000 3.750000 -0.500000
-1.875000 3.247595 -0.500000
-1.875000 3.247595 -3.500000
0.000000 3.750000 -3.500000
0
4
3 2
2 1
1 0
0 3
1
4 1 2 3 4
0
0
5
*
3
-1.616181 2.799307 0.000000
-1.875000 3.247595 -0.500000
0.000000 3.232362 0.000000
0
3
2 1
1 0
0 2
1
3 1 2 3
0
0
5
*
3
0.000000 3.750000 -0.500000
0.000000 3.232362 0.000000
-1.875000 3.247595 -0.500000
0
3
2 1
1 0
0 2
1
3 1 2 3
0
0
5
*
3
0.000000 3.232362 0.000000
0.000000 3.750000 -0.500000
1.616181 2.799308 0.000000
0
3
2 1
1 0
0 2
1
3 1 2 3
0
0
5
*
4
2.000000 0.000000 5.000000
2.000000 0.000000 0.000000
1.732051 -1.000000 0.000000
1.732051 -1.000000 5.000000
0
4
3 2
2 1
1 0
0 3
1
4 1 2 3 4
0
0
5
*
4
1.732051 -1.000000 5.000000
1.732051 -1.000000 0.000000
1.000000 -1.732051 0.000000
1.000000 -1.732051 5.000000
0
4
3 2
2 1
1 0
0 3
1
4 1 2 3 4
0
0
5
*
4
1.000000 -1.732051 5.000000
1.000000 -1.732051 0.000000
0.000000 -2.000000 0.000000
0.000000 -2.000000 5.000000
0
4
3 2
2 1
1 0
0 3
1
4 1 2 3 4
0
0
5
*
4
0.000000 -2.000000 5.000000
0.000000 -2.000000 0.000000
-1.000000 -1.732051 0.000000
-1.000000 -1.732051 5.000000
0
4
3 2
2 1
1 0
0 3
1
4 1 2 3 4
0
0
5
*
4
-1.000000 -1.732051 5.000000
-1.000000 -1.732051 0.000000
-1.732051 -1.000000 0.000000
-1.732051 -1.000000 5.000000
0
4
3 2
2 1
1 0
0 3
1
4 1 2 3 4
0
0
5
*
4
-1.732051 -1.000000 5.000000
-1.732051 -1.000000 0.000000
-2.000000 0.000000 0.000000
-2.000000 0.000000 5.000000
0
4
3 2
2 1
1 0
0 3
1
4 1 2 3 4
0
0
5
*
4
-2.000000 0.000000 5.000000
-2.000000 0.000000 0.000000
-1.732051 1.000000 0.000000
-1.732051 1.000000 5.000000
0
4
3 2
2 1
1 0
0 3
1
4 1 2 3 4
0
0
5
*
4
-1.732051 1.000000 5.000000
-1.732051 1.000000 0.000000
-1.000000 1.732051 0.000000
-1.000000 1.732051 5.000000
0
4
3 2
2 1
1 0
0 3
1
4 1 2 3 4
0
0
5
*
4
-1.000000 1.732051 5.000000
-1.000000 1.732051 0.000000
0.000000 2.000000 0.000000
0.000000 2.000000 5.000000
0
4
3 2
2 1
1 0
0 3
1
4 1 2 3 4
0
0
5
*
12
-1.000000 1.732051 5.000000
0.000000 2.000000 5.000000
1.000000 1.732051 5.000000
1.732051 1.000000 5.000000
2.000000 0.000000 5.000000
1.732051 -1.000000 5.000000
1.000000 -1.732051 5.000000
0.000000 -2.000000 5.000000
-1.000000 -1.732051 5.000000
-1.732051 -1.000000 5.000000
-2.000000 0.000000 5.000000
-1.732051 1.000000 5.000000
0
12
11 10
10 9
9 8
8 7
7 6
6 5
5 4
4 3
3 2
2 1
1 0
0 11
1
12 1 2 3 4 5 6 7 8 9 10 11 12
0
0
5
*
12
-1.732051 1.000000 0.000000
-2.000000 0.000000 0.000000
-1.732051 -1.000000 0.000000
-1.000000 -1.732051 0.000000
0.000000 -2.000000 0.000000
1.000000 -1.732051 0.000000
1.732051 -1.000000 0.000000
2.000000 0.000000 0.000000
1.732051 1.000000 0.000000
1.000000 1.732051 0.000000
0.000000 2.000000 0.000000
-1.000000 1.732051 0.000000
0
12
11 10
10 9
9 8
8 7
7 6
6 5
5 4
4 3
3 2
2 1
1 0
0 11
1
12 1 2 3 4 5 6 7 8 9 10 11 12
0
0
5
*
4
0.000000 2.000000 5.000000
0.000000 2.000000 0.000000
1.000000 1.732051 0.000000
1.000000 1.732051 5.000000
0
4
3 2
2 1
1 0
0 3
1
4 1 2 3 4
0
0
5
*
4
1.000000 1.732051 5.000000
1.000000 1.732051 0.000000
1.732051 1.000000 0.000000
1.732051 1.000000 5.000000
0
4
3 2
2 1
1 0
0 3
1
4 1 2 3 4
0
0
5
*
4
1.732051 1.000000 5.000000
1.732051 1.000000 0.000000
2.000000 0.000000 0.000000
2.000000 0.000000 5.000000
0
4
3 2
2 1
1 0
0 3
1
4 1 2 3 4
0
0
