12
3
-1.000000 0.000000 0.000000
0.000000 -1.000000 0.000000
0.000000 0.000000 1.000000
0.000003 0.000000 -61.699543
1.000000 0.000000 0.000000
0.000000 0.000000 1.000000
0.000000 -1.000000 0.000000
0.000002 30.000002 -31.699535
1.000000 0.000000 0.000000
0.000000 1.000000 0.000000
0.000000 0.000000 1.000000
0.000000 0.000000 0.000000
0
0
4
23
*
352
21.938251 -26.145006 -16.496391
26.144993 -21.938265 -16.496387
21.938253 -26.145004 -46.902699
26.144993 -21.938267 -46.902699
-21.947454 -3.869927 -61.699543
-22.286030 0.000000 -61.699543
-20.942017 -7.622270 -61.699543
-19.300268 -11.143014 -61.699543
-17.072090 -14.325182 -61.699543
-14.325184 -17.072086 -61.699543
-11.143017 -19.300266 -61.699543
-7.622274 -20.942013 -61.699543
-3.869933 -21.947453 -61.699543
-0.000002 -22.286026 -61.699543
3.869921 -21.947453 -61.699543
7.622262 -20.942017 -61.699543
11.143008 -19.300266 -61.699543
14.325175 -17.072088 -61.699543
17.072081 -14.325184 -61.699543
19.300259 -11.143018 -61.699543
20.942007 -7.622275 -61.699543
21.947449 -3.869936 -61.699543
22.286024 0.000000 -61.699543
21.947451 3.869919 -61.699543
20.942015 7.622260 -61.699543
19.300268 11.143003 -61.699543
17.072090 14.325171 -61.699543
14.325186 17.072081 -61.699543
11.143019 19.300259 -61.699543
7.622277 20.942011 -61.699543
3.869935 21.947449 -61.699543
-0.000002 22.286026 -61.699543
-3.869919 21.947454 -61.699543
-7.622261 20.942019 -61.699543
-11.143005 19.300272 -61.699543
-14.325173 17.072096 -61.699543
-17.072081 14.325193 -61.699543
-19.300261 11.143026 -61.699543
-20.942013 7.622285 -61.699543
-21.947453 3.869946 -61.699543
24.104542 0.000000 -60.426205
-24.104546 0.000000 -60.426205
-0.000002 24.104544 -60.426205
-0.000002 -24.104544 -60.426205
-21.947453 -3.869926 -1.699539
-22.286026 0.000000 -1.699539
-20.942015 -7.622269 -1.699539
-19.300266 -11.143012 -1.699539
-17.072088 -14.325180 -1.699543
-14.325183 -17.072084 -1.699543
-11.143017 -19.300264 -1.699543
-7.622274 -20.942013 -1.699543
-3.869933 -21.947451 -1.699543
-0.000002 -22.286026 -1.699543
3.869921 -21.947454 -1.699543
7.622262 -20.942017 -1.699543
11.143008 -19.300268 -1.699543
14.325176 -17.072090 -1.699543
17.072081 -14.325186 -1.699543
19.300261 -11.143020 -1.699543
20.942011 -7.622276 -1.699547
21.947451 -3.869936 -1.699547
22.286026 0.000000 -1.699547
21.947453 3.869920 -1.699547
20.942019 7.622262 -1.699547
19.300272 11.143004 -1.699543
17.072094 14.325173 -1.699543
14.325186 17.072083 -1.699543
11.143019 19.300261 -1.699543
7.622276 20.942013 -1.699543
3.869935 21.947449 -1.699543
-0.000002 22.286026 -1.699543
-3.869919 21.947453 -1.699543
-7.622261 20.942019 -1.699543
-11.143003 19.300272 -1.699543
-14.325173 17.072094 -1.699543
-17.072079 14.325191 -1.699543
-19.300259 11.143024 -1.699539
-20.942009 7.622284 -1.699539
-21.947449 3.869945 -1.699539
24.104534 0.000000 -2.972878
-24.104538 0.000000 -2.972878
-0.000002 24.104536 -2.972878
-0.000002 -24.104536 -2.972878
28.726667 0.000000 -7.595009
28.726671 0.000000 -55.804073
-28.726671 0.000000 -7.595009
-28.726671 0.000000 -55.804073
-0.000002 28.726669 -7.595009
-0.000002 28.726671 -55.804073
-0.000002 -28.726669 -7.595009
-0.000002 -28.726671 -55.804073
-28.290247 -4.988334 -7.595009
-23.738337 -4.185709 -2.972878
-23.738342 -4.185709 -60.426205
-28.290247 -4.988334 -55.804073
-26.994240 -9.825099 -7.595009
-22.650856 -8.244237 -2.972878
-22.650862 -8.244239 -60.426205
-26.994240 -9.825100 -55.804073
-20.875143 -12.052268 -2.972878
-24.878027 -14.363335 -7.595009
-20.875149 -12.052272 -60.426205
-24.878027 -14.363336 -55.804073
-18.465149 -15.494097 -2.972878
-22.005907 -18.465145 -7.595009
-18.465153 -15.494101 -60.426205
-22.005907 -18.465147 -55.804073
-15.494100 -18.465145 -2.972878
-18.465149 -22.005903 -7.595009
-15.494103 -18.465151 -60.426205
-18.465149 -22.005905 -55.804073
-14.363340 -24.878025 -7.595009
-12.052273 -20.875141 -2.972878
-12.052276 -20.875147 -60.426205
-14.363340 -24.878027 -55.804073
-9.825105 -26.994238 -7.595009
-8.244242 -22.650854 -2.972878
-4.185715 -23.738335 -2.972878
-4.988340 -28.290245 -7.595009
-8.244244 -22.650860 -60.426205
-9.825106 -26.994240 -55.804073
-4.988340 -28.290247 -55.804073
-4.185715 -23.738340 -60.426205
4.988326 -28.290249 -7.595009
4.185701 -23.738337 -2.972878
4.185704 -23.738342 -60.426205
4.988326 -28.290251 -55.804073
9.825089 -26.994240 -7.595009
8.244228 -22.650856 -2.972878
8.244231 -22.650864 -60.426205
9.825090 -26.994242 -55.804073
12.052262 -20.875143 -2.972878
14.363328 -24.878027 -7.595009
12.052266 -20.875149 -60.426205
14.363329 -24.878029 -55.804073
15.494091 -18.465149 -2.972878
20.875134 -24.878029 -12.949547
18.465139 -22.005909 -7.595009
20.875135 -24.878031 -50.449535
15.494095 -18.465155 -60.426205
18.465143 -22.005911 -55.804073
18.465139 -15.494102 -2.972878
24.878017 -20.875147 -12.949547
22.005898 -18.465151 -7.595009
24.878017 -20.875149 -50.449535
18.465145 -15.494105 -60.426205
22.005901 -18.465153 -55.804073
24.878019 -14.363341 -7.595009
20.875135 -12.052275 -2.972878
20.875141 -12.052278 -60.426205
24.878023 -14.363342 -55.804073
26.994232 -9.825108 -7.595009
22.650850 -8.244245 -2.972878
23.738333 -4.185717 -2.972878
28.290243 -4.988344 -7.595009
22.650856 -8.244246 -60.426205
26.994236 -9.825109 -55.804073
28.290247 -4.988344 -55.804073
23.738338 -4.185719 -60.426205
28.290247 4.988322 -7.595009
23.738335 4.185699 -2.972878
23.738340 4.185700 -60.426205
28.290251 4.988322 -55.804073
26.994242 9.825087 -7.595009
22.650858 8.244226 -2.972878
22.650864 8.244228 -60.426205
26.994246 9.825088 -55.804073
20.875147 12.052258 -2.972878
24.878031 14.363322 -7.595009
20.875153 12.052261 -60.426205
24.878035 14.363324 -55.804073
18.465153 15.494088 -2.972878
22.005913 18.465136 -7.595009
18.465157 15.494092 -60.426205
22.005917 18.465137 -55.804073
15.494102 18.465141 -2.972878
18.465153 22.005898 -7.595009
15.494106 18.465145 -60.426205
18.465157 22.005899 -55.804073
14.363341 24.878019 -7.595009
12.052274 20.875135 -2.972878
12.052278 20.875141 -60.426205
14.363342 24.878021 -55.804073
9.825109 26.994234 -7.595009
8.244244 22.650852 -2.972878
4.185717 23.738331 -2.972878
4.988345 28.290243 -7.595009
8.244246 22.650858 -60.426205
9.825109 26.994236 -55.804073
4.988344 28.290245 -55.804073
4.185718 23.738338 -60.426205
-4.988321 28.290249 -7.595009
-4.185699 23.738337 -2.972878
-4.185700 23.738342 -60.426205
-4.988322 28.290251 -55.804073
-9.825088 26.994244 -7.595009
-8.244228 22.650860 -2.972878
-8.244229 22.650866 -60.426205
-9.825088 26.994246 -55.804073
-12.052258 20.875149 -2.972878
-14.363321 24.878033 -7.595009
-12.052261 20.875154 -60.426205
-14.363323 24.878035 -55.804073
-15.494088 18.465155 -2.972878
-18.465136 22.005917 -7.595009
-15.494093 18.465160 -60.426205
-18.465136 22.005917 -55.804073
-18.465139 15.494109 -2.972878
-22.005896 18.465160 -7.595009
-18.465143 15.494113 -60.426205
-22.005896 18.465162 -55.804073
-24.878017 14.363351 -7.595009
-20.875135 12.052281 -2.972878
-20.875141 12.052285 -60.426205
-24.878017 14.363352 -55.804073
-26.994234 9.825118 -7.595009
-22.650850 8.244253 -2.972878
-23.738333 4.185728 -2.972878
-28.290245 4.988356 -7.595009
-22.650858 8.244255 -60.426205
-26.994234 9.825119 -55.804073
-28.290245 4.988356 -55.804073
-23.738340 4.185729 -60.426205
28.124996 -16.237986 -12.949547
28.124998 -16.237986 -50.449535
16.237970 -28.125004 -12.949547
16.237972 -28.125006 -50.449535
-16.237963 28.125011 -12.949543
-20.875128 24.878036 -12.949543
-21.938250 26.145016 -16.496391
-16.237963 28.125013 -50.449535
-21.938250 26.145016 -46.902691
-20.875130 24.878038 -50.449535
-24.878016 20.875158 -50.449535
-26.144989 21.938276 -46.902699
-28.124994 16.237997 -50.449535
-26.144987 21.938276 -16.496384
-24.878014 20.875156 -12.949543
-28.124992 16.237995 -12.949543
-28.125004 -16.237978 -12.949543
-24.878027 -20.875139 -12.949543
-26.145004 -21.938259 -16.496391
-28.125006 -16.237978 -50.449535
-26.145004 -21.938259 -46.902691
-24.878029 -20.875141 -50.449535
-20.875145 -24.878025 -50.449535
-21.938263 -26.145000 -46.902691
-16.237984 -28.125004 -50.449535
-21.938263 -26.145000 -16.496391
-20.875143 -24.878023 -12.949543
-16.237982 -28.125002 -12.949543
20.875149 24.878019 -50.449535
21.938267 26.144993 -46.902699
16.237986 28.124996 -50.449535
21.938267 26.144993 -16.496387
20.875149 24.878017 -12.949547
16.237986 28.124994 -12.949547
5.289821 30.000000 -10.074463
-0.000002 30.000000 -9.413513
-5.289796 30.000000 -10.074455
-10.919090 30.000000 -12.163166
-12.217028 30.000000 -12.949543
-17.320486 30.000000 -17.592510
-18.083261 30.000000 -18.534336
-18.083263 30.000000 -44.864742
-17.320486 30.000000 -45.806576
-12.217032 30.000000 -50.449535
-10.919091 30.000000 -51.235912
-5.289795 30.000000 -53.324627
-0.000002 30.000000 -53.985569
5.289822 30.000000 -53.324619
10.919119 30.000000 -51.235905
12.217034 30.000000 -50.449535
17.320522 30.000000 -45.806530
18.083260 30.000000 -44.864750
18.083261 30.000000 -18.534340
17.320522 30.000000 -17.592556
12.217029 30.000000 -12.949547
10.919120 30.000000 -12.163185
28.125010 16.237965 -12.949547
24.878033 20.875128 -12.949547
26.145012 21.938250 -16.496395
28.125011 16.237965 -50.449535
26.145012 21.938248 -46.902691
24.878035 20.875130 -50.449535
29.999998 -5.289820 -10.074463
29.999998 0.000000 -9.413513
29.999998 5.289796 -10.074455
29.999998 10.919091 -12.163170
29.999998 12.217031 -12.949547
29.999998 17.320488 -17.592510
29.999998 18.083263 -18.534336
29.999998 18.083261 -44.864750
29.999998 17.320486 -45.806576
29.999998 12.217035 -50.449535
29.999998 10.919091 -51.235920
30.000000 5.289796 -53.324635
30.000000 0.000000 -53.985569
30.000000 -5.289820 -53.324627
29.999998 -10.919118 -51.235905
29.999998 -12.217033 -50.449535
29.999998 -17.320520 -45.806538
29.999998 -18.083260 -44.864750
30.000000 -18.083260 -18.534336
29.999998 -17.320520 -17.592548
29.999998 -12.217029 -12.949547
29.999998 -10.919118 -12.163185
-30.000002 12.217035 -50.449535
-30.000002 17.320534 -45.806522
-30.000004 18.083260 -44.864750
-30.000000 18.083261 -18.534336
-30.000002 17.320536 -17.592567
-30.000002 12.217030 -12.949543
-30.000002 10.919130 -12.163189
-30.000002 5.289834 -10.074463
-30.000002 0.000000 -9.413513
-30.000002 -5.289809 -10.074459
-30.000002 -10.919106 -12.163174
-30.000002 -12.217031 -12.949543
-30.000002 -17.320507 -17.592533
-30.000000 -18.083261 -18.534336
-30.000000 -18.083263 -44.864742
-30.000002 -17.320507 -45.806545
-30.000002 -12.217035 -50.449535
-30.000002 -10.919107 -51.235905
-30.000000 -5.289809 -53.324627
-30.000000 0.000000 -53.985569
-30.000000 5.289833 -53.324619
-30.000002 10.919131 -51.235897
-5.289816 -30.000000 -10.074459
-0.000002 -30.000000 -9.413513
5.289801 -30.000000 -10.074455
10.919097 -30.000000 -12.163174
12.217025 -30.000000 -12.949547
17.320499 -30.000000 -17.592529
18.083260 -30.000000 -18.534336
18.083258 -30.000000 -44.864750
17.320499 -30.000000 -45.806561
12.217032 -30.000000 -50.449535
10.919096 -30.000000 -51.235912
5.289801 -30.000000 -53.324627
-0.000002 -30.000000 -53.985569
-5.289816 -30.000000 -53.324619
-10.919113 -30.000000 -51.235905
-12.217040 -30.000000 -50.449535
-17.320515 -30.000000 -45.806545
-18.083263 -30.000000 -44.864750
-18.083261 -30.000000 -18.534332
-17.320513 -30.000000 -17.592537
-12.217032 -30.000000 -12.949543
-10.919112 -30.000000 -12.163177
0
616
0 336
304 1
3 303
337 2
0 1
137 0
1 143
2 139
3 2
145 3
5 4
4 6
94 4
39 5
5 41
6 7
98 6
7 8
102 7
8 9
106 8
9 10
110 9
10 11
114 10
11 12
120 11
12 13
123 12
13 14
43 13
14 15
126 14
15 16
130 15
16 17
134 16
17 18
140 17
18 19
146 18
19 20
150 19
20 21
156 20
21 22
159 21
22 23
40 22
23 24
162 23
24 25
166 24
25 26
170 25
26 27
174 26
27 28
178 27
28 29
182 28
29 30
188 29
30 31
191 30
31 32
42 31
32 33
194 32
33 34
198 33
34 35
202 34
35 36
206 35
36 37
210 36
37 38
214 37
38 39
220 38
39 223
159 40
40 162
85 40
41 94
223 41
41 87
191 42
42 194
89 42
123 43
43 126
91 43
44 45
44 93
46 44
45 79
81 45
46 97
47 46
47 100
48 47
48 104
49 48
49 108
50 49
50 113
51 50
51 117
52 51
52 118
53 52
53 83
54 53
54 125
55 54
55 129
56 55
56 132
57 56
57 136
58 57
58 142
59 58
59 149
60 59
60 153
61 60
61 154
62 61
62 80
63 62
63 161
64 63
64 165
65 64
65 168
66 65
66 172
67 66
67 176
68 67
68 181
69 68
69 185
70 69
70 186
71 70
71 82
72 71
72 193
73 72
73 197
74 73
74 200
75 74
75 204
76 75
76 208
77 76
77 213
78 77
78 217
79 78
218 79
80 154
80 84
161 80
93 81
81 218
86 81
82 186
82 88
193 82
83 118
83 90
125 83
152 307
300 157
155 286
84 155
158 85
299 158
84 287
160 84
85 163
298 85
160 288
289 164
297 163
167 296
92 86
92 317
318 96
86 219
316 86
87 95
326 95
99 325
222 87
87 327
216 314
315 219
329 221
222 328
184 279
272 189
187 258
88 187
190 89
271 190
88 259
192 88
89 195
270 89
192 260
261 196
269 195
199 268
116 351
119 330
90 119
344 121
122 91
343 122
90 331
124 90
91 127
342 91
124 332
333 128
341 127
131 340
92 96
93 92
97 93
94 98
95 94
99 95
96 101
97 96
100 97
98 102
99 98
103 99
100 101
104 100
101 240
105 101
243 103
102 106
103 102
107 103
104 105
108 104
105 241
109 105
245 107
106 110
107 106
111 107
108 109
113 108
109 250
112 109
251 112
246 111
115 248
110 114
111 110
115 111
112 116
113 112
117 113
114 120
115 114
121 115
116 119
117 116
118 117
119 118
120 123
121 120
122 121
123 122
124 128
125 124
129 125
126 130
127 126
131 127
128 133
129 128
132 129
130 134
131 130
135 131
132 133
136 132
226 137
133 226
138 133
227 135
139 227
134 140
135 134
141 135
136 138
142 136
137 143
138 137
144 138
139 141
145 139
140 146
141 140
147 141
142 144
149 142
143 224
144 143
148 144
224 148
145 147
225 145
151 225
146 150
147 146
151 147
148 152
149 148
153 149
150 156
151 150
157 151
152 155
153 152
154 153
155 154
156 159
157 156
158 157
159 158
160 164
161 160
165 161
162 166
163 162
167 163
164 169
165 164
168 165
166 170
167 166
171 167
168 169
172 168
169 280
173 169
283 171
170 174
171 170
175 171
172 173
176 172
173 281
177 173
285 175
174 178
175 174
179 175
176 177
181 176
177 256
180 177
257 180
252 179
183 254
178 182
179 178
183 179
180 184
181 180
185 181
182 188
183 182
189 183
184 187
185 184
186 185
187 186
188 191
189 188
190 189
191 190
192 196
193 192
197 193
194 198
195 194
199 195
196 201
197 196
200 197
198 202
199 198
203 199
200 201
204 200
201 228
205 201
231 203
202 206
203 202
207 203
204 205
208 204
205 229
209 205
233 207
206 210
207 206
211 207
208 209
213 208
209 238
212 209
239 212
234 211
215 236
210 214
211 210
215 211
212 216
213 212
217 213
214 220
215 214
221 215
216 219
217 216
218 217
219 218
220 223
221 220
222 221
223 222
224 305
306 224
225 301
302 225
280 290
295 283
240 319
324 243
313 239
236 308
278 257
254 273
228 262
267 231
350 251
248 345
226 334
335 226
227 338
339 227
233 234
235 232
230 237
238 229
228 263
229 228
230 229
264 230
231 233
266 231
232 265
233 232
234 236
235 234
310 235
236 309
237 311
238 237
239 238
312 239
242 249
250 241
245 246
247 244
240 320
241 240
242 241
321 242
243 245
323 243
244 322
245 244
246 248
247 246
347 247
248 346
249 348
250 249
251 250
349 251
282 255
256 281
285 252
253 284
252 254
253 252
275 253
254 274
255 276
256 255
257 256
277 257
258 279
259 258
260 259
261 260
262 261
263 262
264 263
265 264
266 265
267 266
268 267
269 268
270 269
271 270
272 271
273 272
274 273
275 274
276 275
277 276
278 277
279 278
280 291
281 280
282 281
292 282
283 285
294 283
284 293
285 284
286 307
287 286
288 287
289 288
290 289
291 290
292 291
293 292
294 293
295 294
296 295
297 296
298 297
299 298
300 299
301 300
302 301
303 302
304 303
305 304
306 305
307 306
308 329
309 308
310 309
311 310
312 311
313 312
314 313
315 314
316 315
317 316
318 317
319 318
320 319
321 320
322 321
323 322
324 323
325 324
326 325
327 326
328 327
329 328
330 351
331 330
332 331
333 332
334 333
335 334
336 335
337 336
338 337
339 338
340 339
341 340
342 341
343 342
344 343
345 344
346 345
347 346
348 347
349 348
350 349
351 350
266
3 450 449 -571
3 -567 452 451
3 -543 453 -556
3 454 -548 -560
3 -493 455 -585
3 456 -498 -589
3 457 -488 -578
3 -574 -484 458
3 459 -520 -541
3 -537 -516 460
3 -473 461 -526
3 462 -478 -530
3 463 -508 -615
3 -611 -504 464
3 466 465 -600
3 468 467 -604
4 7 -311 6 5
4 10 9 8 -315
4 -13 -86 -15 11
4 -17 -238 13 12
4 15 -87 -82 14
4 -19 -244 17 16
4 -21 -252 19 18
4 -23 -260 21 20
4 -25 -270 23 22
4 -27 -276 25 24
4 -29 -283 27 26
4 -31 -92 29 28
4 -33 -93 31 30
4 -35 -290 33 32
4 -37 -296 35 34
4 -39 -306 37 36
4 -41 -316 39 38
4 -43 -328 41 40
4 -45 -334 43 42
4 -47 -341 45 44
4 -49 -83 47 46
4 -51 -84 49 48
4 -53 -348 51 50
4 -55 -354 53 52
4 -57 -362 55 54
4 -59 -370 57 56
4 -61 -380 59 58
4 -63 -386 61 60
4 -65 -393 63 62
4 -67 -89 65 64
4 -69 -90 67 66
4 -71 -400 69 68
4 -73 -406 71 70
4 -75 -414 73 72
4 -77 -422 75 74
4 -79 -432 77 76
4 -81 -438 79 78
4 82 -445 81 80
4 -85 -183 -344 83
4 -349 -187 85 84
4 -239 -198 -88 86
4 88 -201 -448 87
4 -91 -211 -396 89
4 -401 -215 91 90
4 -94 -225 -286 92
4 -291 -229 94 93
4 -96 95 -99 -170
4 -100 97 96 -237
4 99 98 -166 -171
4 -102 101 100 -243
4 -104 103 102 -248
4 -106 105 104 -256
4 -108 107 106 -264
4 -110 109 108 -275
4 -112 111 110 -281
4 -114 113 112 -176
4 -116 115 114 -178
4 -118 117 116 -289
4 -120 119 118 -295
4 -122 121 120 -300
4 -124 123 122 -310
4 -126 125 124 -320
4 -128 127 126 -333
4 -130 129 128 -339
4 -132 131 130 -167
4 -134 133 132 -169
4 -136 135 134 -347
4 -138 137 136 -353
4 -140 139 138 -358
4 -142 141 140 -366
4 -144 143 142 -374
4 -146 145 144 -385
4 -148 147 146 -391
4 -150 149 148 -173
4 -152 151 150 -175
4 -154 153 152 -399
4 -156 155 154 -405
4 -158 157 156 -410
4 -160 159 158 -418
4 -162 161 160 -426
4 -164 163 162 -437
4 166 165 164 -443
4 -168 167 -340 -182
4 -346 169 168 -186
4 -236 170 -172 -193
4 172 171 -444 -196
4 -174 173 -392 -210
4 -398 175 174 -214
4 -177 176 -282 -223
4 -288 178 177 -228
4 -181 -337 179 -551
4 -184 -565 180 -343
4 -185 182 181 -552
4 -188 -564 184 183
4 -189 186 185 -553
4 -191 -563 188 187
4 190 -345 189 -554
4 192 -562 191 -350
4 -194 193 -197 -582
4 195 -235 194 -583
4 197 196 -204 -581
4 -199 -592 -202 198
4 200 -591 199 -240
4 202 -593 -206 201
4 204 -441 203 -580
4 206 -594 205 -447
4 -209 -389 207 -521
4 -212 -535 208 -395
4 -213 210 209 -522
4 -216 -534 212 211
4 -217 214 213 -523
4 -219 -533 216 215
4 218 -397 217 -524
4 220 -532 219 -402
4 -222 -279 221 -595
4 -227 223 222 -596
4 -226 -609 224 -285
4 -230 -608 226 225
4 -231 228 227 -597
4 -233 -607 230 229
4 232 -287 231 -598
4 234 -606 233 -292
4 -242 237 236 235
4 -245 240 239 238
4 -247 243 242 241
4 -253 246 245 244
4 -255 248 247 -250
4 -257 250 249 -494
4 -259 -497 251 -254
4 -261 254 253 252
4 -263 256 255 -258
4 -265 258 257 -490
4 -268 -491 259 -262
4 -271 262 261 260
4 -274 264 263 -266
4 267 266 265 -507
4 269 -501 268 -272
4 -277 272 271 270
4 -280 275 274 273
4 -284 278 277 276
4 282 281 280 279
4 286 285 284 283
4 -294 289 288 287
4 -297 292 291 290
4 -299 295 294 293
4 -307 298 297 296
4 -309 300 299 -303
4 -312 303 302 301
4 -314 305 304 -308
4 -317 308 307 306
4 -319 310 309 -313
4 -322 313 312 311
4 -325 315 314 -318
4 -329 318 317 316
4 -332 320 319 -323
4 324 323 322 321
4 327 326 325 -330
4 -335 330 329 328
4 -338 333 332 331
4 -342 336 335 334
4 340 339 338 337
4 344 343 342 341
4 -352 347 346 345
4 -355 350 349 348
4 -357 353 352 351
4 -363 356 355 354
4 -365 358 357 -360
4 -367 360 359 -544
4 -369 -547 361 -364
4 -371 364 363 362
4 -373 366 365 -368
4 -375 368 367 -510
4 -378 -511 369 -372
4 -381 372 371 370
4 -384 374 373 -376
4 377 376 375 -519
4 379 -513 378 -382
4 -387 382 381 380
4 -390 385 384 383
4 -394 388 387 386
4 392 391 390 389
4 396 395 394 393
4 -404 399 398 397
4 -407 402 401 400
4 -409 405 404 403
4 -415 408 407 406
4 -417 410 409 -412
4 -419 412 411 -474
4 -421 -477 413 -416
4 -423 416 415 414
4 -425 418 417 -420
4 -427 420 419 -472
4 -430 -469 421 -424
4 -433 424 423 422
4 -436 426 425 -428
4 429 428 427 -487
4 431 -481 430 -434
4 -439 434 433 432
4 -442 437 436 435
4 -446 440 439 438
4 444 443 442 441
4 448 447 446 445
4 -482 470 -480 469
4 -486 472 -475 471
4 -506 490 -495 489
4 -502 492 -500 491
4 -518 510 -545 509
4 -514 512 -550 511
5 -570 -449 -321 -7 -2
5 -452 -568 -3 -10 -326
5 -1 -6 -301 -466 -601
5 -8 -4 -603 -467 -305
8 4 -9 3 -569 2 -5 1 -602
36 -42 -40 -38 -36 -34 -32 -30 -28 -26 -24 -22 -20 -18 -16 -12 -11
   -14 -80 -78 -76 -74 -72 -70 -68 -66 -64 -62 -60 -58 -56 -54 -52
   -50 -48 -46 -44
36 -165 -98 -95 -97 -101 -103 -105 -107 -109 -111 -113 -115 -117 -119 -121 -123
   -125 -127 -129 -131 -133 -135 -137 -139 -141 -143 -145 -147 -149 -151 -153 -155
   -157 -159 -161 -163
5 -455 -249 -241 -195 -584
5 -251 -456 -590 -200 -246
5 -579 -203 -435 -429 -457
5 -205 -573 -458 -431 -440
5 -572 -179 -331 -324 -450
5 -180 -566 -451 -327 -336
5 -453 -359 -351 -190 -555
5 -361 -454 -561 -192 -356
5 -616 -221 -273 -267 -463
5 -224 -610 -464 -269 -278
5 -465 -302 -293 -232 -599
5 -304 -468 -605 -234 -298
5 -542 -207 -383 -377 -459
5 -208 -536 -460 -379 -388
5 -461 -411 -403 -218 -525
5 -413 -462 -531 -220 -408
8 -528 -479 -470 -483 -576 -485 -471 -476
5 476 475 474 473 -527
5 480 479 -529 478 477
5 484 -575 483 482 481
5 -577 488 487 486 485
8 -492 -503 -613 -505 -489 -496 -587 -499
5 496 495 494 493 -586
5 500 499 -588 498 497
5 504 -612 503 502 501
5 -614 508 507 506 505
8 -546 -558 -549 -512 -515 -539 -517 -509
5 516 -538 515 514 513
5 -540 520 519 518 517
22 542 541 540 539 538 537 536 535 534 533 532 531 530 529 528 527
   526 525 524 523 522 521
5 546 545 544 543 -557
5 550 549 -559 548 547
22 572 571 570 569 568 567 566 565 564 563 562 561 560 559 558 557
   556 555 554 553 552 551
22 594 593 592 591 590 589 588 587 586 585 584 583 582 581 580 579
   578 577 576 575 574 573
22 616 615 614 613 612 611 610 609 608 607 606 605 604 603 602 601
   600 599 598 597 596 595
0
0
22
*
32
-7.690482 -18.566463 -2.212624
-14.210160 -14.210160 -2.212624
-18.566463 -7.690482 -2.212624
-20.096195 0.000000 -2.212624
-18.566469 7.690470 -2.212624
-14.210163 14.210152 -2.212624
-7.690485 18.566463 -2.212624
-0.000002 20.096195 -2.212624
7.690485 18.566463 -2.212624
14.210160 14.210155 -2.212624
18.566465 7.690479 -2.212624
20.096195 0.000000 -2.212624
18.566463 -7.690485 -2.212624
14.210157 -14.210157 -2.212624
7.690482 -18.566463 -2.212624
-0.000002 -20.096195 -2.212624
-0.000002 -20.096195 0.000000
7.690482 -18.566463 0.000000
14.210157 -14.210157 0.000000
18.566463 -7.690485 0.000000
20.096195 0.000000 0.000000
18.566465 7.690479 0.000000
14.210160 14.210155 0.000000
7.690485 18.566463 0.000000
-0.000002 20.096195 0.000000
-7.690485 18.566463 0.000000
-14.210163 14.210152 0.000000
-18.566469 7.690470 0.000000
-20.096195 0.000000 0.000000
-18.566463 -7.690482 0.000000
-14.210160 -14.210160 0.000000
-7.690482 -18.566463 0.000000
0
48
0 15
16 31
0 31
1 0
31 30
1 30
2 1
30 29
2 29
3 2
29 28
3 28
4 3
28 27
4 27
5 4
27 26
5 26
6 5
26 25
6 25
7 6
25 24
7 24
8 7
24 23
8 23
9 8
23 22
9 22
10 9
22 21
10 21
11 10
21 20
11 20
12 11
20 19
12 19
13 12
19 18
13 18
14 13
18 17
14 17
15 14
16 15
17 16
18
4 2 -3 1 -47
4 5 -6 4 3
4 8 -9 7 6
4 11 -12 10 9
4 14 -15 13 12
4 17 -18 16 15
4 20 -21 19 18
4 23 -24 22 21
4 26 -27 25 24
4 29 -30 28 27
4 32 -33 31 30
4 35 -36 34 33
4 38 -39 37 36
4 41 -42 40 39
4 44 -45 43 42
4 48 47 46 45
16 -1 -4 -7 -10 -13 -16 -19 -22 -25 -28 -31 -34 -37 -40 -43 -46
16 -48 -44 -41 -38 -35 -32 -29 -26 -23 -20 -17 -14 -11 -8 -5 -2
0
0
22
*
48
-8.100000 0.000000 -0.379894
-8.100002 0.000000 34.820103
-7.824000 2.096433 -0.379894
-7.824002 2.096433 34.820103
-7.014807 4.050003 -0.379894
-7.014809 4.050003 34.820103
-5.727564 5.727567 -0.379894
-5.727566 5.727567 34.820103
-4.050000 7.014807 -0.379894
-4.050002 7.014807 34.820103
-2.096433 7.824000 -0.379894
-2.096435 7.824000 34.820103
-0.000002 8.100000 -0.379894
-0.000002 8.100000 34.820103
2.096433 7.824000 -0.379894
2.096431 7.824000 34.820103
4.050000 7.014807 -0.379894
4.049998 7.014807 34.820103
5.727567 5.727564 -0.379894
5.727565 5.727564 34.820103
7.014807 4.050000 -0.379894
7.014805 4.050000 34.820103
7.824000 2.096436 -0.379894
7.823998 2.096436 34.820103
8.100000 0.000000 -0.379894
8.099998 0.000000 34.820103
7.824000 -2.096436 -0.379894
7.823998 -2.096436 34.820103
7.014807 -4.050000 -0.379894
7.014805 -4.050000 34.820103
5.727567 -5.727567 -0.379894
5.727565 -5.727567 34.820103
4.050000 -7.014807 -0.379894
4.049998 -7.014807 34.820103
2.096436 -7.824000 -0.379894
2.096434 -7.824000 34.820103
-0.000002 -8.100000 -0.379894
-0.000002 -8.100000 34.820103
-2.096436 -7.824000 -0.379894
-2.096438 -7.824000 34.820103
-4.050000 -7.014807 -0.379894
-4.050002 -7.014807 34.820103
-5.727564 -5.727567 -0.379894
-5.727566 -5.727567 34.820103
-7.014807 -4.050000 -0.379894
-7.014809 -4.050000 34.820103
-7.824000 -2.096436 -0.379894
-7.824002 -2.096436 34.820103
0
72
1 3
2 0
3 5
2 3
4 2
5 7
4 5
6 4
7 9
6 7
8 6
9 11
8 9
10 8
11 13
10 11
12 10
13 15
12 13
14 12
15 17
14 15
16 14
17 19
16 17
18 16
19 21
18 19
20 18
21 23
20 21
22 20
23 25
22 23
24 22
25 27
24 25
26 24
27 29
26 27
28 26
29 31
28 29
30 28
31 33
30 31
32 30
33 35
32 33
34 32
35 37
34 35
36 34
37 39
36 37
38 36
39 41
38 39
40 38
41 43
40 41
42 40
43 45
42 43
44 42
45 47
44 45
46 44
1 0
47 1
46 47
0 46
26
4 2 -69 1 -4
4 5 4 3 -7
4 8 7 6 -10
4 11 10 9 -13
4 14 13 12 -16
4 17 16 15 -19
4 20 19 18 -22
4 23 22 21 -25
4 26 25 24 -28
4 29 28 27 -31
4 32 31 30 -34
4 35 34 33 -37
4 38 37 36 -40
4 41 40 39 -43
4 44 43 42 -46
4 47 46 45 -49
4 50 49 48 -52
4 53 52 51 -55
4 56 55 54 -58
4 59 58 57 -61
4 62 61 60 -64
4 65 64 63 -67
4 68 67 66 -71
4 72 71 70 69
24 -70 -66 -63 -60 -57 -54 -51 -48 -45 -42 -39 -36 -33 -30 -27 -24
   -21 -18 -15 -12 -9 -6 -3 -1
24 -2 -5 -8 -11 -14 -17 -20 -23 -26 -29 -32 -35 -38 -41 -44 -47
   -50 -53 -56 -59 -62 -65 -68 -72
0
0
22
*
8
-21.882059 -4.597968 -22.792496
-31.882059 -4.597968 -22.792496
-31.882059 -14.597968 -22.792496
-21.882059 -14.597968 -22.792496
-21.882059 -4.597968 -20.977234
-21.882059 -14.597968 -20.977234
-31.882059 -14.597968 -20.977234
-31.882059 -4.597968 -20.977234
0
12
7 1
6 2
5 3
0 4
5 4
6 5
7 6
4 7
1 0
2 1
3 2
0 3
6
4 12 11 10 9
4 8 7 6 5
4 -12 4 -5 3
4 -11 -3 -6 2
4 -10 -2 -7 1
4 -9 -1 -8 -4
0
0
