12
0
0
0
1
26
*
182
0.000000 0.000000 2.500000
0.734731 -0.238729 2.377641
0.625000 -0.454089 2.377641
0.454089 -0.625000 2.377641
0.238729 -0.734731 2.377641
0.000000 -0.772542 2.377641
-0.238729 -0.734731 2.377641
-0.454089 -0.625000 2.377641
-0.625000 -0.454089 2.377641
-0.734731 -0.238729 2.377641
-0.772542 0.000000 2.377641
-0.734731 0.238729 2.377641
-0.625000 0.454089 2.377641
-0.454089 0.625000 2.377641
-0.238729 0.734731 2.377641
0.000000 0.772542 2.377641
0.238729 0.734731 2.377641
0.454089 0.625000 2.377641
0.625000 0.454089 2.377641
0.772542 0.000000 2.377641
0.734731 0.238729 2.377641
1.397542 -0.454089 2.022542
1.188820 -0.863729 2.022542
0.863729 -1.188820 2.022542
0.454089 -1.397542 2.022542
0.000000 -1.469463 2.022542
-0.454089 -1.397542 2.022542
-0.863729 -1.188820 2.022542
-1.188820 -0.863729 2.022542
-1.397542 -0.454089 2.022542
-1.469463 0.000000 2.022542
-1.397542 0.454089 2.022542
-1.188820 0.863729 2.022542
-0.863729 1.188820 2.022542
-0.454089 1.397542 2.022542
0.000000 1.469463 2.022542
0.454089 1.397542 2.022542
0.863729 1.188820 2.022542
1.188820 0.863729 2.022542
1.469463 0.000000 2.022542
1.397542 0.454089 2.022542
1.923552 -0.625000 1.469463
1.636271 -1.188821 1.469463
1.188821 -1.636271 1.469463
0.625000 -1.923552 1.469463
0.000000 -2.022542 1.469463
-0.625000 -1.923552 1.469463
-1.188821 -1.636271 1.469463
-1.636271 -1.188821 1.469463
-1.923552 -0.625000 1.469463
-2.022542 0.000000 1.469463
-1.923552 0.625000 1.469463
-1.636271 1.188821 1.469463
-1.188821 1.636271 1.469463
-0.625000 1.923552 1.469463
0.000000 2.022542 1.469463
0.625000 1.923552 1.469463
1.188821 1.636271 1.469463
1.636271 1.188821 1.469463
2.022542 0.000000 1.469463
1.923552 0.625000 1.469463
2.261271 -0.734732 0.772543
1.923552 -1.397542 0.772543
1.397542 -1.923552 0.772543
0.734732 -2.261271 0.772543
0.000000 -2.377641 0.772543
-0.734732 -2.261271 0.772543
-1.397542 -1.923552 0.772543
-1.923552 -1.397542 0.772543
-2.261271 -0.734732 0.772543
-2.377641 0.000000 0.772543
-2.261271 0.734732 0.772543
-1.923552 1.397542 0.772543
-1.397542 1.923552 0.772543
-0.734732 2.261271 0.772543
0.000000 2.377641 0.772543
0.734732 2.261271 0.772543
1.397542 1.923552 0.772543
1.923552 1.397542 0.772543
2.377641 0.000000 0.772543
2.261271 0.734732 0.772543
2.377641 -0.772542 0.000000
2.022542 -1.469463 0.000000
1.469463 -2.022542 0.000000
0.772542 -2.377641 0.000000
0.000000 -2.500000 0.000000
-0.772542 -2.377641 0.000000
-1.469463 -2.022542 0.000000
-2.022542 -1.469463 0.000000
-2.377641 -0.772542 0.000000
-2.500000 0.000000 0.000000
-2.377641 0.772542 0.000000
-2.022542 1.469463 0.000000
-1.469463 2.022542 0.000000
-0.772542 2.377641 0.000000
0.000000 2.500000 0.000000
0.772542 2.377641 0.000000
1.469463 2.022542 0.000000
2.022542 1.469463 0.000000
2.500000 0.000000 0.000000
2.377641 0.772542 0.000000
2.261271 -0.734732 -0.772542
1.923552 -1.397542 -0.772542
1.397542 -1.923552 -0.772542
0.734732 -2.261271 -0.772542
0.000000 -2.377641 -0.772542
-0.734732 -2.261271 -0.772542
-1.397542 -1.923552 -0.772542
-1.923552 -1.397542 -0.772542
-2.261271 -0.734732 -0.772542
-2.377641 0.000000 -0.772542
-2.261271 0.734732 -0.772542
-1.923552 1.397542 -0.772542
-1.397542 1.923552 -0.772542
-0.734732 2.261271 -0.772542
0.000000 2.377641 -0.772542
0.734732 2.261271 -0.772542
1.397542 1.923552 -0.772542
1.923552 1.397542 -0.772542
2.377641 0.000000 -0.772542
2.261271 0.734732 -0.772542
1.923552 -0.625000 -1.469463
1.636271 -1.188821 -1.469463
1.188821 -1.636271 -1.469463
0.625000 -1.923552 -1.469463
0.000000 -2.022542 -1.469463
-0.625000 -1.923552 -1.469463
-1.188821 -1.636271 -1.469463
-1.636271 -1.188821 -1.469463
-1.923552 -0.625000 -1.469463
-2.022542 0.000000 -1.469463
-1.923552 0.625000 -1.469463
-1.636271 1.188821 -1.469463
-1.188821 1.636271 -1.469463
-0.625000 1.923552 -1.469463
0.000000 2.022542 -1.469463
0.625000 1.923552 -1.469463
1.188821 1.636271 -1.469463
1.636271 1.188821 -1.469463
2.022542 0.000000 -1.469463
1.923552 0.625000 -1.469463
1.397542 -0.454089 -2.022542
1.188821 -0.863729 -2.022542
0.863729 -1.188821 -2.022542
0.454089 -1.397542 -2.022542
0.000000 -1.469463 -2.022542
-0.454089 -1.397542 -2.022542
-0.863729 -1.188821 -2.022542
-1.188821 -0.863729 -2.022542
-1.397542 -0.454089 -2.022542
-1.469463 0.000000 -2.022542
-1.397542 0.454089 -2.022542
-1.188821 0.863729 -2.022542
-0.863729 1.188821 -2.022542
-0.454089 1.397542 -2.022542
0.000000 1.469463 -2.022542
0.454089 1.397542 -2.022542
0.863729 1.188821 -2.022542
1.188821 0.863729 -2.022542
1.469463 0.000000 -2.022542
1.397542 0.454089 -2.022542
0.734732 -0.238729 -2.377641
0.625000 -0.454089 -2.377641
0.454089 -0.625000 -2.377641
0.238729 -0.734732 -2.377641
0.000000 -0.772543 -2.377641
-0.238729 -0.734732 -2.377641
-0.454089 -0.625000 -2.377641
-0.625000 -0.454089 -2.377641
-0.734732 -0.238729 -2.377641
-0.772543 0.000000 -2.377641
-0.734732 0.238729 -2.377641
-0.625000 0.454089 -2.377641
-0.454089 0.625000 -2.377641
-0.238729 0.734732 -2.377641
0.000000 0.772543 -2.377641
0.238729 0.734732 -2.377641
0.454089 0.625000 -2.377641
0.625000 0.454089 -2.377641
0.772543 0.000000 -2.377641
0.734732 0.238729 -2.377641
0.000000 0.000000 -2.500000
0
540
181 180
180 179
179 181
181 178
178 180
181 177
177 178
181 176
176 177
181 175
175 176
181 174
174 175
181 173
173 174
181 172
172 173
181 171
171 172
181 170
170 171
181 169
169 170
181 168
168 169
181 167
167 168
181 166
166 167
181 165
165 166
181 164
164 165
181 163
163 164
181 162
162 163
181 161
161 162
179 161
180 160
160 179
160 159
159 179
178 158
158 180
158 160
177 157
157 178
157 158
176 156
156 177
156 157
175 155
155 176
155 156
174 154
154 175
154 155
173 153
153 174
153 154
172 152
152 173
152 153
171 151
151 172
151 152
170 150
150 171
150 151
169 149
149 170
149 150
168 148
148 169
148 149
167 147
147 168
147 148
166 146
146 167
146 147
165 145
145 166
145 146
164 144
144 165
144 145
163 143
143 164
143 144
162 142
142 163
142 143
161 141
141 162
141 142
159 161
159 141
160 140
140 159
140 139
139 159
158 138
138 160
138 140
157 137
137 158
137 138
156 136
136 157
136 137
155 135
135 156
135 136
154 134
134 155
134 135
153 133
133 154
133 134
152 132
132 153
132 133
151 131
131 152
131 132
150 130
130 151
130 131
149 129
129 150
129 130
148 128
128 149
128 129
147 127
127 148
127 128
146 126
126 147
126 127
145 125
125 146
125 126
144 124
124 145
124 125
143 123
123 144
123 124
142 122
122 143
122 123
141 121
121 142
121 122
139 141
139 121
140 120
120 139
120 119
119 139
138 118
118 140
118 120
137 117
117 138
117 118
136 116
116 137
116 117
135 115
115 136
115 116
134 114
114 135
114 115
133 113
113 134
113 114
132 112
112 133
112 113
131 111
111 132
111 112
130 110
110 131
110 111
129 109
109 130
109 110
128 108
108 129
108 109
127 107
107 128
107 108
126 106
106 127
106 107
125 105
105 126
105 106
124 104
104 125
104 105
123 103
103 124
103 104
122 102
102 123
102 103
121 101
101 122
101 102
119 121
119 101
120 100
100 119
100 99
99 119
118 98
98 120
98 100
117 97
97 118
97 98
116 96
96 117
96 97
115 95
95 116
95 96
114 94
94 115
94 95
113 93
93 114
93 94
112 92
92 113
92 93
111 91
91 112
91 92
110 90
90 111
90 91
109 89
89 110
89 90
108 88
88 109
88 89
107 87
87 108
87 88
106 86
86 107
86 87
105 85
85 106
85 86
104 84
84 105
84 85
103 83
83 104
83 84
102 82
82 103
82 83
101 81
81 102
81 82
99 101
99 81
100 80
80 99
80 79
79 99
98 78
78 100
78 80
97 77
77 98
77 78
96 76
76 97
76 77
95 75
75 96
75 76
94 74
74 95
74 75
93 73
73 94
73 74
92 72
72 93
72 73
91 71
71 92
71 72
90 70
70 91
70 71
89 69
69 90
69 70
88 68
68 89
68 69
87 67
67 88
67 68
86 66
66 87
66 67
85 65
65 86
65 66
84 64
64 85
64 65
83 63
63 84
63 64
82 62
62 83
62 63
81 61
61 82
61 62
79 81
79 61
80 60
60 79
60 59
59 79
78 58
58 80
58 60
77 57
57 78
57 58
76 56
56 77
56 57
75 55
55 76
55 56
74 54
54 75
54 55
73 53
53 74
53 54
72 52
52 73
52 53
71 51
51 72
51 52
70 50
50 71
50 51
69 49
49 70
49 50
68 48
48 69
48 49
67 47
47 68
47 48
66 46
46 67
46 47
65 45
45 66
45 46
64 44
44 65
44 45
63 43
43 64
43 44
62 42
42 63
42 43
61 41
41 62
41 42
59 61
59 41
60 40
40 59
40 39
39 59
58 38
38 60
38 40
57 37
37 58
37 38
56 36
36 57
36 37
55 35
35 56
35 36
54 34
34 55
34 35
53 33
33 54
33 34
52 32
32 53
32 33
51 31
31 52
31 32
50 30
30 51
30 31
49 29
29 50
29 30
48 28
28 49
28 29
47 27
27 48
27 28
46 26
26 47
26 27
45 25
25 46
25 26
44 24
24 45
24 25
43 23
23 44
23 24
42 22
22 43
22 23
41 21
21 42
21 22
39 41
39 21
40 20
20 39
20 19
19 39
38 18
18 40
18 20
37 17
17 38
17 18
36 16
16 37
16 17
35 15
15 36
15 16
34 14
14 35
14 15
33 13
13 34
13 14
32 12
12 33
12 13
31 11
11 32
11 12
30 10
10 31
10 11
29 9
9 30
9 10
28 8
8 29
8 9
27 7
7 28
7 8
26 6
6 27
6 7
25 5
5 26
5 6
24 4
4 25
4 5
23 3
3 24
3 4
22 2
2 23
2 3
21 1
1 22
1 2
19 21
19 1
20 0
0 19
18 0
17 0
16 0
15 0
14 0
13 0
12 0
11 0
10 0
9 0
8 0
7 0
6 0
5 0
4 0
3 0
2 0
1 0
360
3 -520 -522 -540
3 -518 540 -539
3 -515 539 -538
3 -512 538 -537
3 -509 537 -536
3 -506 536 -535
3 -503 535 -534
3 -500 534 -533
3 -497 533 -532
3 -494 532 -531
3 -491 531 -530
3 -488 530 -529
3 -485 529 -528
3 -482 528 -527
3 -479 527 -526
3 -476 526 -525
3 -473 525 -524
3 -470 524 -523
3 -467 523 -521
3 -463 521 522
3 -519 520 -516
3 -460 -464 519
3 -517 518 -513
3 -458 516 517
3 -514 515 -510
3 -455 513 514
3 -511 512 -507
3 -452 510 511
3 -508 509 -504
3 -449 507 508
3 -505 506 -501
3 -446 504 505
3 -502 503 -498
3 -443 501 502
3 -499 500 -495
3 -440 498 499
3 -496 497 -492
3 -437 495 496
3 -493 494 -489
3 -434 492 493
3 -490 491 -486
3 -431 489 490
3 -487 488 -483
3 -428 486 487
3 -484 485 -480
3 -425 483 484
3 -481 482 -477
3 -422 480 481
3 -478 479 -474
3 -419 477 478
3 -475 476 -471
3 -416 474 475
3 -472 473 -468
3 -413 471 472
3 -469 470 -465
3 -410 468 469
3 -466 467 -461
3 -407 465 466
3 -462 463 464
3 -403 461 462
3 -459 460 -456
3 -400 -404 459
3 -457 458 -453
3 -398 456 457
3 -454 455 -450
3 -395 453 454
3 -451 452 -447
3 -392 450 451
3 -448 449 -444
3 -389 447 448
3 -445 446 -441
3 -386 444 445
3 -442 443 -438
3 -383 441 442
3 -439 440 -435
3 -380 438 439
3 -436 437 -432
3 -377 435 436
3 -433 434 -429
3 -374 432 433
3 -430 431 -426
3 -371 429 430
3 -427 428 -423
3 -368 426 427
3 -424 425 -420
3 -365 423 424
3 -421 422 -417
3 -362 420 421
3 -418 419 -414
3 -359 417 418
3 -415 416 -411
3 -356 414 415
3 -412 413 -408
3 -353 411 412
3 -409 410 -405
3 -350 408 409
3 -406 407 -401
3 -347 405 406
3 -402 403 404
3 -343 401 402
3 -399 400 -396
3 -340 -344 399
3 -397 398 -393
3 -338 396 397
3 -394 395 -390
3 -335 393 394
3 -391 392 -387
3 -332 390 391
3 -388 389 -384
3 -329 387 388
3 -385 386 -381
3 -326 384 385
3 -382 383 -378
3 -323 381 382
3 -379 380 -375
3 -320 378 379
3 -376 377 -372
3 -317 375 376
3 -373 374 -369
3 -314 372 373
3 -370 371 -366
3 -311 369 370
3 -367 368 -363
3 -308 366 367
3 -364 365 -360
3 -305 363 364
3 -361 362 -357
3 -302 360 361
3 -358 359 -354
3 -299 357 358
3 -355 356 -351
3 -296 354 355
3 -352 353 -348
3 -293 351 352
3 -349 350 -345
3 -290 348 349
3 -346 347 -341
3 -287 345 346
3 -342 343 344
3 -283 341 342
3 -339 340 -336
3 -280 -284 339
3 -337 338 -333
3 -278 336 337
3 -334 335 -330
3 -275 333 334
3 -331 332 -327
3 -272 330 331
3 -328 329 -324
3 -269 327 328
3 -325 326 -321
3 -266 324 325
3 -322 323 -318
3 -263 321 322
3 -319 320 -315
3 -260 318 319
3 -316 317 -312
3 -257 315 316
3 -313 314 -309
3 -254 312 313
3 -310 311 -306
3 -251 309 310
3 -307 308 -303
3 -248 306 307
3 -304 305 -300
3 -245 303 304
3 -301 302 -297
3 -242 300 301
3 -298 299 -294
3 -239 297 298
3 -295 296 -291
3 -236 294 295
3 -292 293 -288
3 -233 291 292
3 -289 290 -285
3 -230 288 289
3 -286 287 -281
3 -227 285 286
3 -282 283 284
3 -223 281 282
3 -279 280 -276
3 -220 -224 279
3 -277 278 -273
3 -218 276 277
3 -274 275 -270
3 -215 273 274
3 -271 272 -267
3 -212 270 271
3 -268 269 -264
3 -209 267 268
3 -265 266 -261
3 -206 264 265
3 -262 263 -258
3 -203 261 262
3 -259 260 -255
3 -200 258 259
3 -256 257 -252
3 -197 255 256
3 -253 254 -249
3 -194 252 253
3 -250 251 -246
3 -191 249 250
3 -247 248 -243
3 -188 246 247
3 -244 245 -240
3 -185 243 244
3 -241 242 -237
3 -182 240 241
3 -238 239 -234
3 -179 237 238
3 -235 236 -231
3 -176 234 235
3 -232 233 -228
3 -173 231 232
3 -229 230 -225
3 -170 228 229
3 -226 227 -221
3 -167 225 226
3 -222 223 224
3 -163 221 222
3 -219 220 -216
3 -160 -164 219
3 -217 218 -213
3 -158 216 217
3 -214 215 -210
3 -155 213 214
3 -211 212 -207
3 -152 210 211
3 -208 209 -204
3 -149 207 208
3 -205 206 -201
3 -146 204 205
3 -202 203 -198
3 -143 201 202
3 -199 200 -195
3 -140 198 199
3 -196 197 -192
3 -137 195 196
3 -193 194 -189
3 -134 192 193
3 -190 191 -186
3 -131 189 190
3 -187 188 -183
3 -128 186 187
3 -184 185 -180
3 -125 183 184
3 -181 182 -177
3 -122 180 181
3 -178 179 -174
3 -119 177 178
3 -175 176 -171
3 -116 174 175
3 -172 173 -168
3 -113 171 172
3 -169 170 -165
3 -110 168 169
3 -166 167 -161
3 -107 165 166
3 -162 163 164
3 -103 161 162
3 -159 160 -156
3 -100 -104 159
3 -157 158 -153
3 -98 156 157
3 -154 155 -150
3 -95 153 154
3 -151 152 -147
3 -92 150 151
3 -148 149 -144
3 -89 147 148
3 -145 146 -141
3 -86 144 145
3 -142 143 -138
3 -83 141 142
3 -139 140 -135
3 -80 138 139
3 -136 137 -132
3 -77 135 136
3 -133 134 -129
3 -74 132 133
3 -130 131 -126
3 -71 129 130
3 -127 128 -123
3 -68 126 127
3 -124 125 -120
3 -65 123 124
3 -121 122 -117
3 -62 120 121
3 -118 119 -114
3 -59 117 118
3 -115 116 -111
3 -56 114 115
3 -112 113 -108
3 -53 111 112
3 -109 110 -105
3 -50 108 109
3 -106 107 -101
3 -47 105 106
3 -102 103 104
3 -43 101 102
3 -99 100 -96
3 -40 -44 99
3 -97 98 -93
3 -39 96 97
3 -94 95 -90
3 -37 93 94
3 -91 92 -87
3 -35 90 91
3 -88 89 -84
3 -33 87 88
3 -85 86 -81
3 -31 84 85
3 -82 83 -78
3 -29 81 82
3 -79 80 -75
3 -27 78 79
3 -76 77 -72
3 -25 75 76
3 -73 74 -69
3 -23 72 73
3 -70 71 -66
3 -21 69 70
3 -67 68 -63
3 -19 66 67
3 -64 65 -60
3 -17 63 64
3 -61 62 -57
3 -15 60 61
3 -58 59 -54
3 -13 57 58
3 -55 56 -51
3 -11 54 55
3 -52 53 -48
3 -9 51 52
3 -49 50 -45
3 -7 48 49
3 -46 47 -41
3 -5 45 46
3 -42 43 44
3 -2 41 42
3 -3 40 -38
3 38 39 -36
3 36 37 -34
3 34 35 -32
3 32 33 -30
3 30 31 -28
3 28 29 -26
3 26 27 -24
3 24 25 -22
3 22 23 -20
3 20 21 -18
3 18 19 -16
3 16 17 -14
3 14 15 -12
3 12 13 -10
3 10 11 -8
3 8 9 -6
3 6 7 -4
3 4 5 -1
3 1 2 3
0
0
