12
2
1.000000 0.000000 0.000000
0.000000 1.000000 0.000000
0.000000 0.000000 1.000000
0.000000 0.000000 0.000000
1.000000 0.000000 0.000000
0.000000 1.000000 0.000000
0.000000 0.000000 1.000000
14.298475 0.000002 -21.731407
0
0
1
21
*
405
-10.200708 5.889391 7.117426
-8.328841 8.328851 7.117426
-5.889378 10.200716 7.117426
-3.048564 11.377418 7.117426
0.000000 11.778768 7.117426
3.048574 11.377416 7.117426
5.889388 10.200710 7.117426
8.328852 8.328843 7.117426
10.200716 5.889380 7.117426
11.377418 3.048564 7.117426
-11.377414 3.048578 7.117426
-11.778769 0.000000 7.117425
11.778768 0.000000 7.117426
11.377417 -3.048574 7.117425
10.200710 -5.889387 7.117426
8.328845 -8.328850 7.117425
5.889381 -10.200712 7.117426
3.048569 -11.377418 7.117425
0.000000 -11.778768 7.117426
-3.048570 -11.377417 7.117426
-5.889383 -10.200711 7.117426
-11.377414 -3.048569 7.117427
-10.200710 -5.889383 7.117427
-8.328845 -8.328845 7.117427
14.500002 6.560115 -42.863056
-14.500000 6.560110 -42.863052
-26.359108 7.062922 -7.685620
-15.666566 4.197855 5.089537
-21.899937 5.868087 -0.502249
26.359114 7.062891 -7.685620
15.666570 4.197837 5.089537
21.899942 5.868062 -0.502249
27.288961 0.000000 -7.685620
16.219225 0.000000 5.089537
22.672487 0.000000 -0.502249
-27.288961 0.000000 -7.685620
-22.672487 0.000000 -0.502249
-16.219225 0.000000 5.089537
14.500002 7.279761 -37.396797
13.790321 12.011428 -37.396801
11.730749 16.279926 -37.396797
8.522888 19.667427 -37.396801
-8.522884 19.667427 -37.396801
-11.730745 16.279926 -37.396797
-13.790318 12.011428 -37.396801
-14.500000 7.279756 -37.396793
14.500002 6.560113 -31.930538
13.790321 11.130554 -30.705896
11.730749 15.253606 -29.601124
8.522888 18.525681 -28.724379
4.480747 20.626476 -28.161469
0.000000 21.350359 -27.967501
-4.480746 20.626476 -28.161469
-8.522884 18.525681 -28.724379
-11.730745 15.253606 -29.601124
-13.790318 11.130554 -30.705896
-14.500000 6.560108 -31.930536
14.500002 4.450216 -26.836796
13.790321 8.547962 -24.470966
11.730749 12.244588 -22.336714
8.522888 15.178250 -20.642967
4.480747 17.061771 -19.555513
0.000000 17.710787 -19.180799
-4.480746 17.061771 -19.555513
-8.522884 15.178250 -20.642967
-11.730745 12.244588 -22.336714
-13.790318 8.547962 -24.470966
-14.500000 4.450210 -26.836796
14.500002 1.093854 -22.462702
13.790321 4.439651 -19.116911
11.730749 7.457932 -16.098623
8.522888 9.853258 -13.703302
4.480747 11.391146 -12.165412
0.000000 11.921063 -11.635489
-4.480746 11.391146 -12.165412
-8.522884 9.853258 -13.703302
-11.730745 7.457932 -16.098623
-13.790318 4.439651 -19.116911
-14.500000 1.093848 -22.462704
14.500002 -3.280242 -19.106340
13.790321 -0.914404 -15.008599
11.730749 1.219841 -11.311969
8.522888 2.913594 -8.378310
4.480747 4.001043 -6.494788
0.000000 4.375751 -5.845768
-4.480746 4.001043 -6.494788
-8.522884 2.913594 -8.378310
-11.730745 1.219841 -11.311969
-13.790318 -0.914404 -15.008599
-14.500000 -3.280247 -19.106344
14.500002 -8.373984 -16.996445
13.790321 -7.149334 -12.426006
11.730749 -6.044570 -8.302953
8.522888 -5.167817 -5.030880
-8.522884 -5.167817 -5.030880
-11.730745 -6.044570 -8.302953
-13.790318 -7.149334 -12.426006
-14.500000 -8.373988 -16.996450
14.500002 -19.306499 -16.996449
14.500002 -13.840242 -16.276800
13.790321 -13.840238 -11.545132
11.730749 -13.840242 -7.276634
8.522888 -22.512661 -5.030881
8.522888 -13.840239 -3.889135
-8.522884 -22.512661 -5.030881
-8.522884 -13.840239 -3.889135
-11.730745 -13.840242 -7.276634
-14.500000 -19.306501 -16.996454
-13.790318 -13.840238 -11.545132
-14.500000 -13.840245 -16.276806
4.480747 -23.075567 -2.930087
0.000000 -23.948215 -2.487321
0.000000 -23.269537 -2.206203
-4.480746 -23.075567 -2.930087
13.790321 -20.531141 -12.426005
11.730749 -21.635914 -8.302955
-11.730745 -21.635914 -8.302955
-13.790318 -20.531141 -12.426005
-23.632925 13.644496 -7.685620
-14.046256 8.109622 5.089537
-19.634943 11.336257 -0.502249
-20.997271 20.997297 -15.878627
-19.296198 19.296221 -7.685620
-11.468717 11.468731 5.089537
-16.031860 16.031879 -0.502249
-13.644466 23.632940 -7.685620
-8.109604 14.046266 5.089537
-11.336232 19.634956 -0.502249
-7.062889 26.359116 -7.685620
-4.197836 15.666571 5.089537
-5.868060 21.899944 -0.502249
0.000000 27.288961 -7.685620
0.000000 16.219225 5.089537
0.000000 22.672487 -0.502249
7.062913 26.359110 -7.685620
4.197851 15.666567 5.089537
5.868081 21.899939 -0.502249
13.644489 23.632929 -7.685620
8.109617 14.046258 5.089537
11.336251 19.634947 -0.502249
20.997295 20.997272 -15.878627
23.632940 13.644469 -7.685620
19.296219 19.296198 -7.685620
19.634956 11.336234 -0.502249
14.046266 8.109606 5.089537
11.468730 11.468718 5.089537
16.031878 16.031860 -0.502249
26.359110 -7.062912 -7.685620
15.666567 -4.197850 5.089537
21.899939 -5.868079 -0.502249
23.632931 -13.644487 -7.685620
14.046259 -8.109616 5.089537
19.634947 -11.336249 -0.502249
20.997278 -20.997290 -15.878627
13.644476 -23.632935 -7.685620
19.296204 -19.296215 -7.685620
11.468720 -11.468727 5.089537
16.031866 -16.031874 -0.502249
8.109610 -14.046262 5.089537
11.336240 -19.634953 -0.502249
4.197843 -15.666569 5.089537
5.868069 -21.899942 -0.502249
0.000000 -16.219225 5.089537
0.000000 -22.672487 -0.502249
-4.197845 -15.666568 5.089537
-5.868072 -21.899940 -0.502249
-13.644480 -23.632935 -7.685620
-8.109612 -14.046261 5.089537
-11.336243 -19.634951 -0.502249
-20.997284 -20.997284 -15.878627
-19.296209 -19.296209 -7.685620
-11.468724 -11.468724 5.089537
-16.031870 -16.031870 -0.502249
-26.359112 -7.062903 -7.685620
-23.632935 -13.644481 -7.685620
-21.899942 -5.868072 -0.502249
-15.666569 -4.197845 5.089537
-14.046261 -8.109612 5.089537
-19.634951 -11.336244 -0.502249
9.887184 -25.189255 -7.685620
10.866991 -24.783405 -7.685620
11.730747 -25.068113 -9.724617
6.248010 -23.317902 -2.786469
8.522888 -24.487700 -5.848969
4.480746 -23.848660 -3.250312
6.378925 -23.806484 -3.573537
6.573158 -24.531370 -4.741271
-6.573162 -24.531372 -4.741276
-6.378929 -23.806484 -3.573538
-4.480744 -23.848660 -3.250311
-14.337694 -25.927410 -15.878627
-13.790318 -25.746986 -14.586484
-11.755685 -24.415298 -7.685620
-8.522884 -24.487703 -5.848971
13.790321 -25.746983 -14.586479
14.337699 -25.927408 -15.878627
-10.866986 -24.783409 -7.685620
-9.887179 -25.189259 -7.685620
-11.730743 -25.068117 -9.724618
14.500002 -24.400240 -19.106346
-14.500000 -24.400240 -19.106352
-21.491852 5.758719 7.000000
-19.269064 11.125004 7.000000
-15.733124 15.733129 7.000000
-11.124998 19.269066 7.000000
-5.758723 21.491850 7.000000
0.000000 22.250000 7.000000
5.758722 21.491850 7.000000
11.124998 19.269066 7.000000
15.733127 15.733125 7.000000
19.269066 11.125000 7.000000
21.491850 5.758725 7.000000
22.250000 0.000000 7.000000
21.491850 -5.758726 7.000000
19.269064 -11.125001 7.000000
15.733126 -15.733126 7.000000
11.125001 -19.269064 7.000000
5.758724 -21.491850 7.000000
0.000000 -22.250000 7.000000
-5.758724 -21.491850 7.000000
-11.124999 -19.269066 7.000000
-15.733126 -15.733127 7.000000
-19.269066 -11.125000 7.000000
-21.491850 -5.758724 7.000000
-22.250000 0.000000 7.000000
-21.491850 -5.758724 0.000000
-19.269066 -11.125000 0.000000
-15.733126 -15.733127 0.000000
-11.124999 -19.269066 0.000000
-5.758724 -21.491850 0.000000
0.000000 -22.250000 0.000000
5.758724 -21.491850 0.000000
11.125001 -19.269064 0.000000
15.733126 -15.733126 0.000000
19.269064 -11.125001 0.000000
21.491850 -5.758726 0.000000
22.250000 0.000000 0.000000
21.491850 5.758725 0.000000
19.269066 11.125000 0.000000
15.733127 15.733125 0.000000
11.124998 19.269066 0.000000
5.758722 21.491850 0.000000
0.000000 22.250000 0.000000
-5.758723 21.491850 0.000000
-11.124998 19.269066 0.000000
-15.733124 15.733129 0.000000
-19.269064 11.125004 0.000000
-21.491852 5.758719 0.000000
-22.250000 0.000000 0.000000
-25.716307 14.847339 -15.878627
-28.682817 7.685560 -15.878627
-14.847306 25.716324 -15.878627
-7.685524 28.682827 -15.878627
0.000000 29.694643 -15.878627
14.847331 25.716311 -15.878627
7.685551 28.682819 -15.878627
25.716324 14.847309 -15.878627
28.682825 7.685526 -15.878627
29.694643 0.000000 -15.878627
-29.694643 0.000000 -15.878627
14.500003 -8.371586 -44.931679
14.500003 -22.976465 -32.610523
14.847317 -25.716318 -15.878627
-14.847321 -25.716316 -15.878627
-14.500000 -22.976467 -32.610523
-14.500000 -8.371579 -44.931686
8.522889 19.179556 -41.102551
14.500003 0.000000 -46.170818
-14.500000 0.000000 -46.170822
4.480747 -13.840240 -1.714232
4.480747 -4.604913 -2.930085
-4.480746 -13.840240 -1.714232
0.000000 -13.840244 -0.964811
0.000000 -4.410952 -2.206199
-4.480746 -4.604913 -2.930085
-4.480746 21.842331 -37.396797
0.000000 22.591751 -37.396793
4.480747 21.842331 -37.396797
0.000000 22.225136 -40.181526
-21.899935 5.868086 -39.793896
-28.682817 7.685560 -24.417519
-26.359106 7.062921 -32.610523
-19.634939 11.336255 -39.793896
-25.716307 14.847339 -24.417519
-23.632923 13.644495 -32.610523
-16.031857 16.031878 -39.793896
-20.997271 20.997297 -24.417519
-19.296196 19.296221 -32.610523
-11.336230 19.634953 -39.793896
-14.847306 25.716324 -24.417519
-13.644465 23.632938 -32.610523
-5.868059 21.899940 -39.793896
-7.685524 28.682827 -24.417519
-7.062889 26.359114 -32.610523
0.000000 22.672483 -39.793896
0.000000 29.694643 -24.417519
0.000000 27.288960 -32.610523
5.868080 21.899935 -39.793896
7.685551 28.682819 -24.417519
7.062913 26.359108 -32.610523
14.847331 25.716311 -24.417519
13.644488 23.632927 -32.610523
16.031876 16.031858 -39.793896
20.997295 20.997272 -24.417519
19.296219 19.296198 -32.610523
19.634953 11.336232 -39.793896
25.716324 14.847309 -24.417519
23.632938 13.644468 -32.610523
21.899940 5.868061 -39.793896
28.682825 7.685526 -24.417519
26.359114 7.062891 -32.610523
16.219223 0.000000 -45.385677
22.672483 0.000000 -39.793896
29.694643 0.000000 -24.417519
27.288960 0.000000 -32.610523
21.899935 -5.868078 -39.793896
26.359108 -7.062912 -32.610523
25.716312 -14.847329 -15.878627
28.682819 -7.685549 -15.878627
28.682819 -7.685549 -24.417519
19.634945 -11.336247 -39.793896
19.296204 -19.296213 -32.610523
20.997278 -20.997290 -24.417519
25.716312 -14.847329 -24.417519
23.632929 -13.644486 -32.610523
-20.997284 -20.997284 -24.417519
-19.296207 -19.296207 -32.610523
-19.634947 -11.336242 -39.793896
-23.632933 -13.644480 -32.610523
-28.682823 -7.685539 -15.878627
-25.716316 -14.847322 -15.878627
-25.716316 -14.847322 -24.417519
-16.219223 0.000000 -45.385677
-22.672483 0.000000 -39.793896
-21.899939 -5.868071 -39.793896
-27.288960 0.000000 -32.610523
-29.694643 0.000000 -24.417519
-28.682823 -7.685539 -24.417519
-26.359112 -7.062902 -32.610523
-15.666564 4.197855 -45.385677
-14.500000 3.885274 -45.937222
11.336249 19.634943 -39.793896
6.266012 21.735106 -39.793896
14.500003 3.885257 -45.937225
15.666568 4.197837 -45.385677
14.500003 -7.014177 -45.385677
15.666565 -4.197849 -45.385677
14.500003 -3.885269 -45.937222
14.500003 -17.207308 -39.793896
16.031862 -16.031872 -39.793896
14.500003 -14.500011 -41.671070
14.500003 -25.860180 -24.417519
14.847317 -25.716318 -24.417519
14.500003 -25.114752 -26.783203
-14.500000 -25.114738 -26.783249
-14.847321 -25.716316 -24.417519
-14.500000 -25.860182 -24.417519
-14.500000 -14.500000 -41.671082
-16.031868 -16.031868 -39.793896
-14.500000 -17.207310 -39.793896
-14.500000 -3.885263 -45.937225
-15.666567 -4.197844 -45.385677
-14.500000 -7.014186 -45.385677
-14.183805 7.777544 -45.385677
-14.500000 7.014184 -45.385677
-14.500000 5.397133 -45.670719
-13.790317 11.149220 -43.945930
-14.967417 8.641456 -44.464005
-11.730746 15.626020 -42.363697
-13.598976 13.598993 -42.775204
-12.946635 12.946651 -43.574600
-8.522885 19.179552 -41.102558
-10.456264 18.110804 -41.318890
-10.065084 17.433262 -41.996807
-4.480742 21.455175 -40.337547
-5.693065 21.246853 -40.379761
-5.575674 20.808739 -40.772781
5.575693 20.808731 -40.772785
5.693086 21.246849 -40.379761
4.480749 21.455173 -40.337547
11.730749 15.626024 -42.363693
10.538525 18.253244 -41.176357
10.065100 17.433250 -41.996807
13.790320 11.149222 -43.945927
13.463103 13.463089 -42.941727
12.946648 12.946634 -43.574604
14.500003 5.397130 -45.670723
14.500003 7.014179 -45.385677
14.183808 7.777541 -45.385677
14.500003 -25.860180 -15.878627
14.500003 -25.860180 -20.226610
-14.500000 -25.860182 -15.878627
-14.500000 -25.860182 -20.226606
-13.819887 10.940117 -44.036678
-14.207037 8.202450 -45.224804
-14.135364 8.161069 -45.296516
14.135369 8.161050 -45.296520
14.207044 8.202431 -45.224808
13.819888 10.940137 -44.036667
13.951204 -26.087500 -15.878627
13.957471 -26.084904 -15.878627
13.999924 -26.067320 -16.218857
-13.957468 -26.084906 -15.878627
-13.951200 -26.087502 -15.878627
-13.999922 -26.067320 -16.218863
0
772
404 403
403 402
402 404
401 400
400 399
399 401
398 397
397 396
396 398
395 394
394 393
393 395
392 402
402 391
391 392
390 389
389 400
400 390
388 387
387 386
386 388
385 384
384 383
383 385
382 381
381 380
380 382
379 378
378 377
377 379
376 375
375 374
374 376
373 372
372 371
371 373
370 369
369 368
368 370
394 367
367 366
366 394
365 364
364 363
363 365
362 361
361 360
360 362
359 358
358 357
357 359
356 355
355 354
354 356
353 352
352 351
351 353
350 349
349 348
348 350
347 346
346 345
345 347
387 344
344 343
343 387
342 341
341 382
382 342
340 339
339 364
364 340
338 337
337 336
336 335
335 338
334 338
335 333
333 334
361 334
333 332
332 361
331 330
330 329
329 337
337 331
328 331
338 328
327 328
334 327
326 325
325 331
328 326
358 326
327 358
324 323
323 322
322 321
321 324
320 324
321 349
349 320
319 318
318 317
317 323
323 319
316 319
324 316
315 316
320 315
314 313
313 319
316 314
312 314
315 312
311 312
315 346
346 311
310 309
309 313
314 310
308 310
312 308
344 308
311 344
307 306
306 309
310 307
305 307
308 305
304 303
303 306
307 304
302 304
305 302
301 300
300 303
304 301
341 301
302 341
299 298
298 300
301 299
297 299
341 297
296 295
295 298
299 296
294 296
297 294
293 292
292 295
296 293
291 293
294 291
290 289
289 292
293 290
288 290
291 288
287 286
286 289
290 287
285 287
288 285
284 283
283 286
287 284
282 284
285 282
281 280
280 283
284 281
279 281
282 279
336 280
281 335
279 333
279 339
339 332
278 379
379 277
277 276
276 278
374 278
276 275
275 374
274 273
273 272
272 271
271 274
273 270
270 269
269 272
332 268
268 360
267 311
347 267
377 297
297 342
342 266
266 377
327 265
265 357
359 264
264 326
356 391
391 263
263 355
352 262
262 389
389 351
321 261
261 348
260 320
350 260
267 343
384 302
305 397
397 384
381 341
302 385
385 381
278 294
297 378
378 278
375 291
278 375
372 288
291 376
376 372
369 285
288 373
373 369
367 282
285 370
370 367
340 268
329 259
259 336
313 258
258 318
309 257
257 258
306 256
256 257
298 255
255 254
254 300
295 253
253 255
292 252
252 253
289 251
251 252
280 250
250 249
249 283
259 250
363 339
282 395
395 363
388 396
396 305
344 388
362 265
260 345
264 354
355 325
322 352
353 261
248 247
247 246
246 245
245 244
244 243
243 242
242 241
241 240
240 239
239 238
238 237
237 236
236 235
235 234
234 233
233 232
232 231
231 230
230 229
229 228
228 227
227 226
226 225
225 248
224 223
223 222
222 221
221 220
220 219
219 218
218 217
217 216
216 215
215 214
214 213
213 212
212 211
211 210
210 209
209 208
208 207
207 206
206 205
205 204
204 203
203 202
202 201
201 224
404 392
392 200
200 404
401 199
199 390
390 401
198 197
197 196
196 198
399 195
195 194
194 399
193 192
192 197
197 193
191 190
190 403
403 191
189 188
188 187
187 189
186 185
185 184
184 186
183 182
182 186
186 183
181 180
180 179
179 181
178 177
177 176
176 175
175 178
174 178
175 173
173 174
330 174
173 329
172 171
171 177
178 172
170 172
174 170
169 170
330 169
325 169
168 167
167 171
172 168
166 168
170 166
263 166
169 263
165 164
164 167
168 165
163 162
162 164
165 163
161 160
160 162
163 161
159 158
158 160
161 159
157 156
156 158
159 157
155 157
159 154
154 155
153 155
154 262
262 153
322 153
152 151
151 156
157 152
150 152
155 150
317 150
153 317
149 148
148 151
152 149
147 149
150 147
318 147
146 145
145 144
144 143
143 146
142 146
143 141
141 142
140 142
141 256
256 140
139 138
138 145
146 139
137 139
142 137
254 137
140 254
136 135
135 138
139 136
134 136
137 134
255 134
133 132
132 135
136 133
131 133
134 131
130 129
129 132
133 130
128 130
131 128
127 126
126 129
130 127
125 127
128 125
251 125
128 252
124 123
123 126
127 124
122 124
125 122
121 122
251 121
120 119
119 123
124 120
118 120
122 118
249 118
121 249
117 116
116 198
198 191
191 117
115 114
114 194
194 181
181 115
113 112
112 111
111 189
189 113
112 110
110 184
184 111
109 108
108 117
117 107
107 109
108 106
106 116
106 105
105 104
104 116
105 271
271 113
113 104
272 112
269 110
269 103
103 102
102 110
103 101
101 115
115 102
101 100
100 114
100 99
99 98
98 114
97 96
96 108
109 97
96 95
95 106
95 94
94 105
94 274
270 93
93 103
93 92
92 101
92 91
91 100
91 90
90 99
89 88
88 96
97 89
88 87
87 95
87 86
86 94
86 85
85 274
85 84
84 273
84 83
83 270
83 82
82 93
82 81
81 92
81 80
80 91
80 79
79 90
78 77
77 88
89 78
77 76
76 87
76 75
75 86
75 74
74 85
74 73
73 84
73 72
72 83
72 71
71 82
71 70
70 81
70 69
69 80
69 68
68 79
67 66
66 77
78 67
66 65
65 76
65 64
64 75
64 63
63 74
63 62
62 73
62 61
61 72
61 60
60 71
60 59
59 70
59 58
58 69
58 57
57 68
56 55
55 66
67 56
55 54
54 65
54 53
53 64
53 52
52 63
52 51
51 62
51 50
50 61
50 49
49 60
49 48
48 59
48 47
47 58
47 46
46 57
45 44
44 55
56 45
44 43
43 54
43 42
42 53
42 275
275 52
276 51
277 50
277 41
41 49
41 40
40 48
40 39
39 47
39 38
38 46
190 196
196 166
263 190
111 163
165 188
188 111
185 161
111 185
195 262
154 180
180 195
176 37
37 36
36 175
36 35
35 173
35 259
34 33
33 148
149 34
32 34
147 32
258 32
31 30
30 33
34 31
29 31
32 29
257 29
144 30
31 143
29 141
303 140
253 131
286 121
28 27
27 119
120 28
26 28
118 26
250 26
37 27
28 36
26 35
225 223
224 248
226 222
227 221
228 220
229 219
230 218
231 217
232 216
233 215
234 214
235 213
236 212
237 211
238 210
239 209
240 208
241 207
242 206
243 205
244 204
245 203
246 202
247 201
340 365
365 25
25 45
107 200
392 356
351 390
199 98
38 24
24 386
386 343
398 24
39 383
383 398
393 366
366 44
25 393
104 193
187 193
102 183
179 183
368 43
366 370
371 42
368 373
371 376
266 41
380 40
266 382
380 385
192 187
187 165
166 192
179 154
161 182
182 179
171 23
23 22
22 177
22 21
21 176
167 20
20 23
164 19
19 20
162 18
18 19
160 17
17 18
158 16
16 17
156 15
15 16
151 14
14 15
148 13
13 14
33 12
12 13
21 11
11 37
11 10
10 27
30 9
9 12
144 8
8 9
145 7
7 8
138 6
6 7
135 5
5 6
132 4
4 5
129 3
3 4
126 2
2 3
123 1
1 2
119 0
0 1
10 0
332
3 1 2 3
3 4 5 6
3 7 8 9
3 10 11 12
3 13 14 15
3 16 17 18
3 19 20 21
3 22 23 24
3 25 26 27
3 28 29 30
3 31 32 33
3 34 35 36
3 37 38 39
3 40 41 42
3 43 44 45
3 46 47 48
3 49 50 51
3 52 53 54
3 55 56 57
3 58 59 60
3 61 62 63
3 64 65 66
3 67 68 69
3 70 71 72
3 320 321 322
3 323 324 325
3 326 327 328
3 329 330 331
3 332 333 334
3 335 336 337
3 338 339 340
3 341 342 343
3 344 345 346
3 347 348 349
4 73 74 75 76
4 77 -76 78 79
4 80 -79 81 82
4 83 84 85 86
4 87 -86 -73 88
4 89 -88 -77 90
4 91 92 -87 93
4 94 -93 -89 95
4 96 97 98 99
4 100 -99 101 102
4 103 104 105 106
4 107 -106 -96 108
4 109 -108 -100 110
4 111 112 -107 113
4 114 -113 -109 115
4 116 -115 117 118
4 119 120 -111 121
4 122 -121 -114 123
4 124 -123 -116 125
4 126 127 -119 128
4 129 -128 -122 130
4 131 132 -126 133
4 134 -133 -129 135
4 136 137 -131 138
4 139 -138 -134 140
4 141 142 -136 143
4 144 -143 -139 145
4 146 147 -141 148
4 149 -148 -144 150
4 151 152 -146 153
4 154 -153 -149 155
4 156 157 -151 158
4 159 -158 -154 160
4 161 162 -156 163
4 164 -163 -159 165
4 166 167 -161 168
4 169 -168 -164 170
4 171 172 -166 173
4 174 -173 -169 175
4 -75 176 -171 177
4 -78 -177 -174 178
4 -81 -178 179 180
4 181 182 183 184
4 185 -184 186 187
4 188 189 190 191
4 192 193 194 -189
4 -47 -82 195 196
4 197 -118 -61 198
4 199 200 201 202
4 -50 -95 203 204
4 205 206 -94 -49
4 207 208 209 -52
4 -56 210 211 212
4 -59 -101 213 214
4 215 -102 -58 216
4 -65 -125 -197 217
4 218 -135 219 220
4 221 -140 222 223
4 224 -150 225 226
4 227 -155 -224 228
4 229 -160 230 231
4 232 -165 233 234
4 235 -170 236 237
4 -195 -180 -70 238
4 -85 239 240 -74
4 241 242 -103 -112
4 243 244 -241 -120
4 245 246 -243 -127
4 247 248 249 -142
4 250 251 -247 -147
4 252 253 -250 -152
4 254 255 -252 -157
4 256 257 258 -172
4 -240 259 -256 -176
4 350 351 352 353
4 354 -353 355 356
4 357 -356 358 -84
4 359 360 -350 361
4 362 -361 -354 363
4 364 -363 -357 365
4 366 -365 -83 -92
4 367 368 -359 369
4 370 -369 -362 371
4 372 -371 -364 373
4 -209 -373 -366 -269
4 374 375 -367 376
4 377 378 -374 379
4 380 381 -377 382
4 383 384 -380 385
4 386 387 -383 388
4 389 -388 390 391
4 392 -391 393 394
4 395 -394 -210 -270
4 396 397 -386 398
4 399 -398 -389 400
4 401 -400 -392 402
4 -105 -402 -395 -97
4 403 404 -396 405
4 406 -405 -399 407
4 408 -407 -401 -104
4 409 410 411 412
4 413 -412 414 415
4 416 -415 417 418
4 419 420 -409 421
4 422 -421 -413 423
4 424 -423 -416 425
4 426 427 -419 428
4 429 -428 -422 430
4 431 -430 -424 -248
4 432 433 -426 434
4 435 -434 -429 436
4 437 438 -432 439
4 440 -439 -435 441
4 442 443 -437 444
4 445 -444 -440 446
4 447 -446 448 -255
4 449 450 -442 451
4 452 -451 -445 453
4 454 -453 -447 455
4 456 457 -449 458
4 459 -458 -452 460
4 461 -460 -454 462
4 463 464 465 466
4 467 468 469 470
4 471 472 473 474
4 475 476 477 -472
4 478 479 480 481
4 482 483 -463 -479
4 484 485 486 -483
4 487 488 489 -485
4 -190 490 -471 -488
4 -194 491 -475 -490
4 492 493 494 -491
4 495 496 497 -493
4 498 499 -467 -496
4 500 501 502 -499
4 503 504 -478 505
4 506 507 -482 -504
4 508 509 -484 -507
4 510 -191 -487 -509
4 511 512 -492 -193
4 513 514 -495 -512
4 515 516 -498 -514
4 517 518 -500 -516
4 519 520 -503 521
4 522 523 -506 -520
4 524 525 -508 -523
4 526 527 -510 -525
4 528 529 -188 -527
4 530 531 -192 -529
4 532 533 -511 -531
4 534 535 -513 -533
4 536 537 -515 -535
4 538 539 -517 -537
4 540 541 -519 542
4 543 544 -522 -541
4 545 546 -524 -544
4 547 548 -526 -546
4 549 550 -528 -548
4 551 552 -530 -550
4 553 554 -532 -552
4 555 556 -534 -554
4 557 558 -536 -556
4 559 560 -538 -558
4 561 562 -540 563
4 564 565 -543 -562
4 566 567 -545 -565
4 568 569 -547 -567
4 570 571 -549 -569
4 572 573 -551 -571
4 574 575 -553 -573
4 576 577 -555 -575
4 578 579 -557 -577
4 580 581 -559 -579
4 582 583 -561 584
4 585 586 -564 -583
4 587 588 -566 -586
4 589 590 -568 -588
4 591 592 -570 -590
4 593 594 -572 -592
4 595 596 -574 -594
4 597 598 -576 -596
4 599 600 -578 -598
4 601 602 -580 -600
4 603 604 -582 605
4 606 607 -585 -604
4 608 609 -587 -607
4 610 611 -589 -609
4 -186 612 -591 -611
4 -183 613 -593 -612
4 614 615 -595 -613
4 616 617 -597 -615
4 618 619 -599 -617
4 620 621 -601 -619
4 622 623 -372 624
4 625 -379 626 627
4 628 -382 -625 629
4 630 -393 631 632
4 -352 633 634 635
4 -355 -635 636 637
4 -358 -637 638 -239
4 639 640 -403 641
4 642 -641 -406 643
4 644 -643 -408 -242
4 645 646 -639 647
4 648 -647 -642 649
4 650 -649 -644 -244
4 -411 651 -645 652
4 -414 -652 -648 653
4 -417 -653 -650 -246
4 654 -418 -245 -132
4 -249 -425 -654 -137
4 655 -436 -431 -251
4 -448 -441 -655 -253
4 656 -455 -254 -162
4 -258 -462 -656 -167
4 657 658 -456 659
4 660 -659 -459 661
4 662 -661 -461 -257
4 -634 663 -657 664
4 -636 -664 -660 665
4 -638 -665 -662 -259
4 -295 666 -296 667
4 -294 668 -297 -666
4 -293 669 -298 -668
4 -292 670 -299 -669
4 -291 671 -300 -670
4 -290 672 -301 -671
4 -289 673 -302 -672
4 -288 674 -303 -673
4 -287 675 -304 -674
4 -286 676 -305 -675
4 -285 677 -306 -676
4 -284 678 -307 -677
4 -283 679 -308 -678
4 -282 680 -309 -679
4 -281 681 -310 -680
4 -280 682 -311 -681
4 -279 683 -312 -682
4 -278 684 -313 -683
4 -277 685 -314 -684
4 -276 686 -315 -685
4 -275 687 -316 -686
4 -274 688 -317 -687
4 -273 689 -318 -688
4 -272 -667 -319 -689
4 725 726 727 -360
4 -727 728 729 -351
4 730 731 -725 -368
4 732 733 -730 -375
4 734 735 -732 -378
4 736 737 -734 -381
4 738 739 -736 -384
4 740 741 -738 -387
4 742 743 -740 -397
4 744 745 -742 -404
4 746 747 -744 -640
4 -729 748 749 -633
4 -749 750 751 -663
4 752 753 -746 -646
4 754 755 -752 -651
4 756 757 -754 -410
4 758 759 -756 -420
4 760 761 -758 -427
4 762 763 -760 -433
4 764 765 -762 -438
4 766 767 -764 -443
4 768 769 -766 -450
4 770 771 -768 -457
4 -751 772 -770 -658
5 260 -179 -175 261 262
5 263 264 -130 -124 265
5 266 -203 -90 -80 -46
5 -62 -117 -110 -215 267
5 268 -53 269 -91 -206
5 -213 -98 270 -55 271
24 272 273 274 275 276 277 278 279 280 281 282 283 284 285 286 287
   288 289 290 291 292 293 294 295
24 296 297 298 299 300 301 302 303 304 305 306 307 308 309 310 311
   312 313 314 315 316 317 318 319
22 -196 -238 690 691 692 -605 -584 -563 -542 -521 -505 -481 693 -321 694 -54
   -268 -205 -51 -204 -266 -48
22 695 -324 696 -501 -518 -539 -560 -581 -602 -621 697 698 699 -217 -198 -63
   -267 -216 -60 -214 -271 -57
5 700 -697 -620 701 702
5 703 704 -603 -692 705
5 -12 -705 -691 -45 -262
5 -21 -698 -700 -9 -263
6 -480 -466 -337 -1 -322 -693
5 -486 706 -334 -326 -464
5 -489 -474 -340 707 -706
5 -494 708 -346 -343 -476
5 -497 -470 -349 709 -708
6 -502 -696 -323 -6 -331 -468
5 -39 710 -606 -704 711
5 -36 712 -608 -710 713
5 -33 -187 -610 -712 714
5 -202 715 -614 -182 -30
5 -27 716 -616 -715 717
5 -24 -701 -618 -716 718
5 719 720 -376 -370 721
5 722 -390 -385 723 724
0
0
