12
4
0.000000 1.000000 0.000000
1.000000 0.000000 0.000000
0.000000 0.000000 -1.000000
-14.298500 0.000004 -118.250999
-1.000000 0.000000 0.000000
0.000000 1.000000 0.000000
0.000000 0.000000 -1.000000
0.000000 0.000000 0.000000
1.000000 0.000000 0.000000
0.000000 -1.000000 0.000000
0.000000 0.000000 -1.000000
-13.749999 -0.000001 25.000002
1.000000 0.000000 0.000000
0.000000 1.000000 0.000000
0.000000 0.000000 1.000000
0.000000 0.000000 0.000000
0
0
112
22
*
4
-23.709291 5.750001 24.000000
-22.559509 7.392058 24.000000
-21.790539 6.746815 25.000000
-22.839958 5.248091 25.000000
0
4
3 2
2 1
1 0
0 3
1
4 1 2 3 4
0
0
22
*
4
-24.556465 3.933233 24.000000
-23.709291 5.750001 24.000000
-22.839958 5.248091 25.000000
-23.613182 3.589907 25.000000
0
4
3 2
2 1
1 0
0 3
1
4 1 2 3 4
0
0
22
*
4
-25.075289 1.996951 24.000000
-24.556465 3.933233 24.000000
-23.613182 3.589907 25.000000
-24.086720 1.822639 25.000000
0
4
3 2
2 1
1 0
0 3
1
4 1 2 3 4
0
0
22
*
4
-24.556465 3.933233 0.000000
-23.709291 5.750001 0.000000
-23.709291 5.750001 24.000000
-24.556465 3.933233 24.000000
0
4
3 2
2 1
1 0
0 3
1
4 1 2 3 4
0
0
22
*
36
-20.496813 8.040541 25.000000
-18.998091 9.089958 25.000000
-17.339905 9.863182 25.000000
-15.572643 10.336720 25.000000
-13.750000 10.496180 25.000000
-11.927359 10.336720 25.000000
-10.160097 9.863183 25.000000
-8.501912 9.089959 25.000000
-7.003188 8.040542 25.000000
-5.709459 6.746813 25.000000
-4.660041 5.248090 25.000000
-3.886817 3.589905 25.000000
-3.413280 1.822643 25.000000
-3.253820 0.000000 25.000000
-3.413280 -1.822644 25.000000
-3.886817 -3.589906 25.000000
-4.660041 -5.248090 25.000000
-5.709458 -6.746814 25.000000
-7.003184 -8.040541 25.000000
-8.501909 -9.089958 25.000000
-10.160095 -9.863183 25.000000
-11.927357 -10.336721 25.000000
-13.749999 -10.496181 25.000000
-15.572643 -10.336721 25.000000
-17.339905 -9.863184 25.000000
-18.998091 -9.089960 25.000000
-20.496815 -8.040542 25.000000
-21.790541 -6.746816 25.000000
-22.839958 -5.248091 25.000000
-23.613182 -3.589906 25.000000
-24.086720 -1.822643 25.000000
-24.246181 0.000000 25.000000
-24.086720 1.822639 25.000000
-23.613182 3.589907 25.000000
-22.839958 5.248091 25.000000
-21.790539 6.746815 25.000000
0
36
35 34
34 33
33 32
32 31
31 30
30 29
29 28
28 27
27 26
26 25
25 24
24 23
23 22
22 21
21 20
20 19
19 18
18 17
17 16
16 15
15 14
14 13
13 12
12 11
11 10
10 9
9 8
8 7
7 6
6 5
5 4
4 3
3 2
2 1
1 0
0 35
1
36 1 2 3 4 5 6 7 8 9 10 11 12 13 14 15 16
   17 18 19 20 21 22 23 24 25 26 27 28 29 30 31 32
   33 34 35 36
0
0
22
*
4
-20.496813 8.040541 25.000000
-21.790539 6.746815 25.000000
-22.559509 7.392058 24.000000
-21.142056 8.809511 24.000000
0
4
3 2
2 1
1 0
0 3
1
4 1 2 3 4
0
0
22
*
4
-23.709291 5.750001 0.000000
-22.559509 7.392058 0.000000
-22.559509 7.392058 24.000000
-23.709291 5.750001 24.000000
0
4
3 2
2 1
1 0
0 3
1
4 1 2 3 4
0
0
22
*
4
-18.998091 9.089958 25.000000
-20.496813 8.040541 25.000000
-21.142056 8.809511 24.000000
-19.500000 9.959291 24.000000
0
4
3 2
2 1
1 0
0 3
1
4 1 2 3 4
0
0
22
*
4
-22.559509 7.392058 0.000000
-21.142056 8.809511 0.000000
-21.142056 8.809511 24.000000
-22.559509 7.392058 24.000000
0
4
3 2
2 1
1 0
0 3
1
4 1 2 3 4
0
0
22
*
36
-22.559509 7.392058 0.000000
-23.709291 5.750001 0.000000
-24.556465 3.933233 0.000000
-25.075289 1.996951 0.000000
-25.250000 0.000000 0.000000
-25.075289 -1.996955 0.000000
-24.556465 -3.933233 0.000000
-23.709291 -5.750001 0.000000
-22.559511 -7.392058 0.000000
-21.142057 -8.809512 0.000000
-19.500000 -9.959293 0.000000
-17.683231 -10.806466 0.000000
-15.746954 -11.325290 0.000000
-13.749999 -11.500001 0.000000
-11.753045 -11.325290 0.000000
-9.816769 -10.806465 0.000000
-7.999999 -9.959291 0.000000
-6.357942 -8.809511 0.000000
-4.940489 -7.392057 0.000000
-3.790708 -5.750000 0.000000
-2.943535 -3.933233 0.000000
-2.424711 -1.996955 0.000000
-2.250000 0.000000 0.000000
-2.424711 1.996955 0.000000
-2.943535 3.933232 0.000000
-3.790708 5.750000 0.000000
-4.940488 7.392057 0.000000
-6.357944 8.809512 0.000000
-8.000001 9.959292 0.000000
-9.816771 10.806465 0.000000
-11.753046 11.325289 0.000000
-13.750000 11.499999 0.000000
-15.746954 11.325288 0.000000
-17.683231 10.806464 0.000000
-19.500000 9.959291 0.000000
-21.142056 8.809511 0.000000
0
36
35 34
34 33
33 32
32 31
31 30
30 29
29 28
28 27
27 26
26 25
25 24
24 23
23 22
22 21
21 20
20 19
19 18
18 17
17 16
16 15
15 14
14 13
13 12
12 11
11 10
10 9
9 8
8 7
7 6
6 5
5 4
4 3
3 2
2 1
1 0
0 35
1
36 1 2 3 4 5 6 7 8 9 10 11 12 13 14 15 16
   17 18 19 20 21 22 23 24 25 26 27 28 29 30 31 32
   33 34 35 36
0
0
22
*
4
-21.142056 8.809511 0.000000
-19.500000 9.959291 0.000000
-19.500000 9.959291 24.000000
-21.142056 8.809511 24.000000
0
4
3 2
2 1
1 0
0 3
1
4 1 2 3 4
0
0
22
*
4
-17.339905 9.863182 25.000000
-18.998091 9.089958 25.000000
-19.500000 9.959291 24.000000
-17.683231 10.806464 24.000000
0
4
3 2
2 1
1 0
0 3
1
4 1 2 3 4
0
0
22
*
4
-25.075289 1.996951 0.000000
-24.556465 3.933233 0.000000
-24.556465 3.933233 24.000000
-25.075289 1.996951 24.000000
0
4
3 2
2 1
1 0
0 3
1
4 1 2 3 4
0
0
22
*
4
-25.250000 0.000000 24.000000
-25.075289 1.996951 24.000000
-24.086720 1.822639 25.000000
-24.246181 0.000000 25.000000
0
4
3 2
2 1
1 0
0 3
1
4 1 2 3 4
0
0
22
*
4
-19.500000 9.959291 0.000000
-17.683231 10.806464 0.000000
-17.683231 10.806464 24.000000
-19.500000 9.959291 24.000000
0
4
3 2
2 1
1 0
0 3
1
4 1 2 3 4
0
0
22
*
4
-15.572643 10.336720 25.000000
-17.339905 9.863182 25.000000
-17.683231 10.806464 24.000000
-15.746954 11.325288 24.000000
0
4
3 2
2 1
1 0
0 3
1
4 1 2 3 4
0
0
22
*
4
-25.250000 0.000000 0.000000
-25.075289 1.996951 0.000000
-25.075289 1.996951 24.000000
-25.250000 0.000000 24.000000
0
4
3 2
2 1
1 0
0 3
1
4 1 2 3 4
0
0
22
*
4
-25.075289 -1.996955 24.000000
-25.250000 0.000000 24.000000
-24.246181 0.000000 25.000000
-24.086720 -1.822643 25.000000
0
4
3 2
2 1
1 0
0 3
1
4 1 2 3 4
0
0
22
*
4
-17.683231 10.806464 0.000000
-15.746954 11.325288 0.000000
-15.746954 11.325288 24.000000
-17.683231 10.806464 24.000000
0
4
3 2
2 1
1 0
0 3
1
4 1 2 3 4
0
0
22
*
4
-13.750000 10.496180 25.000000
-15.572643 10.336720 25.000000
-15.746954 11.325288 24.000000
-13.750000 11.499999 24.000000
0
4
3 2
2 1
1 0
0 3
1
4 1 2 3 4
0
0
22
*
4
-15.746954 11.325288 0.000000
-13.750000 11.499999 0.000000
-13.750000 11.499999 24.000000
-15.746954 11.325288 24.000000
0
4
3 2
2 1
1 0
0 3
1
4 1 2 3 4
0
0
22
*
4
-11.927359 10.336720 25.000000
-13.750000 10.496180 25.000000
-13.750000 11.499999 24.000000
-11.753046 11.325289 24.000000
0
4
3 2
2 1
1 0
0 3
1
4 1 2 3 4
0
0
22
*
4
-13.750000 11.499999 0.000000
-11.753046 11.325289 0.000000
-11.753046 11.325289 24.000000
-13.750000 11.499999 24.000000
0
4
3 2
2 1
1 0
0 3
1
4 1 2 3 4
0
0
22
*
4
-10.160097 9.863183 25.000000
-11.927359 10.336720 25.000000
-11.753046 11.325289 24.000000
-9.816771 10.806465 24.000000
0
4
3 2
2 1
1 0
0 3
1
4 1 2 3 4
0
0
22
*
4
-11.753046 11.325289 0.000000
-9.816771 10.806465 0.000000
-9.816771 10.806465 24.000000
-11.753046 11.325289 24.000000
0
4
3 2
2 1
1 0
0 3
1
4 1 2 3 4
0
0
22
*
4
-8.501912 9.089959 25.000000
-10.160097 9.863183 25.000000
-9.816771 10.806465 24.000000
-8.000001 9.959292 24.000000
0
4
3 2
2 1
1 0
0 3
1
4 1 2 3 4
0
0
22
*
4
-9.816771 10.806465 0.000000
-8.000001 9.959292 0.000000
-8.000001 9.959292 24.000000
-9.816771 10.806465 24.000000
0
4
3 2
2 1
1 0
0 3
1
4 1 2 3 4
0
0
22
*
4
-7.003188 8.040542 25.000000
-8.501912 9.089959 25.000000
-8.000001 9.959292 24.000000
-6.357944 8.809512 24.000000
0
4
3 2
2 1
1 0
0 3
1
4 1 2 3 4
0
0
22
*
4
-8.000001 9.959292 0.000000
-6.357944 8.809512 0.000000
-6.357944 8.809512 24.000000
-8.000001 9.959292 24.000000
0
4
3 2
2 1
1 0
0 3
1
4 1 2 3 4
0
0
22
*
4
-5.709459 6.746813 25.000000
-7.003188 8.040542 25.000000
-6.357944 8.809512 24.000000
-4.940488 7.392057 24.000000
0
4
3 2
2 1
1 0
0 3
1
4 1 2 3 4
0
0
22
*
4
-6.357944 8.809512 0.000000
-4.940488 7.392057 0.000000
-4.940488 7.392057 24.000000
-6.357944 8.809512 24.000000
0
4
3 2
2 1
1 0
0 3
1
4 1 2 3 4
0
0
22
*
4
-4.660041 5.248090 25.000000
-5.709459 6.746813 25.000000
-4.940488 7.392057 24.000000
-3.790708 5.750000 24.000000
0
4
3 2
2 1
1 0
0 3
1
4 1 2 3 4
0
0
22
*
4
-4.940488 7.392057 0.000000
-3.790708 5.750000 0.000000
-3.790708 5.750000 24.000000
-4.940488 7.392057 24.000000
0
4
3 2
2 1
1 0
0 3
1
4 1 2 3 4
0
0
22
*
4
-3.886817 3.589905 25.000000
-4.660041 5.248090 25.000000
-3.790708 5.750000 24.000000
-2.943535 3.933232 24.000000
0
4
3 2
2 1
1 0
0 3
1
4 1 2 3 4
0
0
22
*
4
-3.790708 5.750000 0.000000
-2.943535 3.933232 0.000000
-2.943535 3.933232 24.000000
-3.790708 5.750000 24.000000
0
4
3 2
2 1
1 0
0 3
1
4 1 2 3 4
0
0
22
*
4
-3.413280 1.822643 25.000000
-3.886817 3.589905 25.000000
-2.943535 3.933232 24.000000
-2.424711 1.996955 24.000000
0
4
3 2
2 1
1 0
0 3
1
4 1 2 3 4
0
0
22
*
4
-2.943535 3.933232 0.000000
-2.424711 1.996955 0.000000
-2.424711 1.996955 24.000000
-2.943535 3.933232 24.000000
0
4
3 2
2 1
1 0
0 3
1
4 1 2 3 4
0
0
22
*
4
-3.253820 0.000000 25.000000
-3.413280 1.822643 25.000000
-2.424711 1.996955 24.000000
-2.250000 0.000000 24.000000
0
4
3 2
2 1
1 0
0 3
1
4 1 2 3 4
0
0
22
*
4
-2.424711 1.996955 0.000000
-2.250000 0.000000 0.000000
-2.250000 0.000000 24.000000
-2.424711 1.996955 24.000000
0
4
3 2
2 1
1 0
0 3
1
4 1 2 3 4
0
0
22
*
4
-3.413280 -1.822644 25.000000
-3.253820 0.000000 25.000000
-2.250000 0.000000 24.000000
-2.424711 -1.996955 24.000000
0
4
3 2
2 1
1 0
0 3
1
4 1 2 3 4
0
0
22
*
4
-2.250000 0.000000 0.000000
-2.424711 -1.996955 0.000000
-2.424711 -1.996955 24.000000
-2.250000 0.000000 24.000000
0
4
3 2
2 1
1 0
0 3
1
4 1 2 3 4
0
0
22
*
4
-3.886817 -3.589906 25.000000
-3.413280 -1.822644 25.000000
-2.424711 -1.996955 24.000000
-2.943535 -3.933233 24.000000
0
4
3 2
2 1
1 0
0 3
1
4 1 2 3 4
0
0
22
*
4
-2.424711 -1.996955 0.000000
-2.943535 -3.933233 0.000000
-2.943535 -3.933233 24.000000
-2.424711 -1.996955 24.000000
0
4
3 2
2 1
1 0
0 3
1
4 1 2 3 4
0
0
22
*
4
-4.660041 -5.248090 25.000000
-3.886817 -3.589906 25.000000
-2.943535 -3.933233 24.000000
-3.790708 -5.750000 24.000000
0
4
3 2
2 1
1 0
0 3
1
4 1 2 3 4
0
0
22
*
4
-2.943535 -3.933233 0.000000
-3.790708 -5.750000 0.000000
-3.790708 -5.750000 24.000000
-2.943535 -3.933233 24.000000
0
4
3 2
2 1
1 0
0 3
1
4 1 2 3 4
0
0
22
*
4
-3.790708 -5.750000 24.000000
-4.940489 -7.392057 24.000000
-5.709458 -6.746814 25.000000
-4.660041 -5.248090 25.000000
0
4
3 2
2 1
1 0
0 3
1
4 1 2 3 4
0
0
22
*
4
-3.790708 -5.750000 0.000000
-4.940489 -7.392057 0.000000
-4.940489 -7.392057 24.000000
-3.790708 -5.750000 24.000000
0
4
3 2
2 1
1 0
0 3
1
4 1 2 3 4
0
0
22
*
4
-4.940489 -7.392057 24.000000
-6.357942 -8.809511 24.000000
-7.003184 -8.040541 25.000000
-5.709458 -6.746814 25.000000
0
4
3 2
2 1
1 0
0 3
1
4 1 2 3 4
0
0
22
*
4
-4.940489 -7.392057 0.000000
-6.357942 -8.809511 0.000000
-6.357942 -8.809511 24.000000
-4.940489 -7.392057 24.000000
0
4
3 2
2 1
1 0
0 3
1
4 1 2 3 4
0
0
22
*
4
-6.357942 -8.809511 24.000000
-7.999999 -9.959291 24.000000
-8.501909 -9.089958 25.000000
-7.003184 -8.040541 25.000000
0
4
3 2
2 1
1 0
0 3
1
4 1 2 3 4
0
0
22
*
4
-6.357942 -8.809511 0.000000
-7.999999 -9.959291 0.000000
-7.999999 -9.959291 24.000000
-6.357942 -8.809511 24.000000
0
4
3 2
2 1
1 0
0 3
1
4 1 2 3 4
0
0
22
*
4
-7.999999 -9.959291 24.000000
-9.816769 -10.806465 24.000000
-10.160095 -9.863183 25.000000
-8.501909 -9.089958 25.000000
0
4
3 2
2 1
1 0
0 3
1
4 1 2 3 4
0
0
22
*
4
-7.999999 -9.959291 0.000000
-9.816769 -10.806465 0.000000
-9.816769 -10.806465 24.000000
-7.999999 -9.959291 24.000000
0
4
3 2
2 1
1 0
0 3
1
4 1 2 3 4
0
0
22
*
4
-9.816769 -10.806465 24.000000
-11.753045 -11.325290 24.000000
-11.927357 -10.336721 25.000000
-10.160095 -9.863183 25.000000
0
4
3 2
2 1
1 0
0 3
1
4 1 2 3 4
0
0
22
*
4
-9.816769 -10.806465 0.000000
-11.753045 -11.325290 0.000000
-11.753045 -11.325290 24.000000
-9.816769 -10.806465 24.000000
0
4
3 2
2 1
1 0
0 3
1
4 1 2 3 4
0
0
22
*
4
-11.753045 -11.325290 24.000000
-13.749999 -11.500001 24.000000
-13.749999 -10.496181 25.000000
-11.927357 -10.336721 25.000000
0
4
3 2
2 1
1 0
0 3
1
4 1 2 3 4
0
0
22
*
4
-11.753045 -11.325290 0.000000
-13.749999 -11.500001 0.000000
-13.749999 -11.500001 24.000000
-11.753045 -11.325290 24.000000
0
4
3 2
2 1
1 0
0 3
1
4 1 2 3 4
0
0
22
*
4
-13.749999 -11.500001 24.000000
-15.746954 -11.325290 24.000000
-15.572643 -10.336721 25.000000
-13.749999 -10.496181 25.000000
0
4
3 2
2 1
1 0
0 3
1
4 1 2 3 4
0
0
22
*
4
-13.749999 -11.500001 0.000000
-15.746954 -11.325290 0.000000
-15.746954 -11.325290 24.000000
-13.749999 -11.500001 24.000000
0
4
3 2
2 1
1 0
0 3
1
4 1 2 3 4
0
0
22
*
4
-15.746954 -11.325290 24.000000
-17.683231 -10.806466 24.000000
-17.339905 -9.863184 25.000000
-15.572643 -10.336721 25.000000
0
4
3 2
2 1
1 0
0 3
1
4 1 2 3 4
0
0
22
*
4
-15.746954 -11.325290 0.000000
-17.683231 -10.806466 0.000000
-17.683231 -10.806466 24.000000
-15.746954 -11.325290 24.000000
0
4
3 2
2 1
1 0
0 3
1
4 1 2 3 4
0
0
22
*
4
-17.683231 -10.806466 24.000000
-19.500000 -9.959293 24.000000
-18.998091 -9.089960 25.000000
-17.339905 -9.863184 25.000000
0
4
3 2
2 1
1 0
0 3
1
4 1 2 3 4
0
0
22
*
4
-17.683231 -10.806466 0.000000
-19.500000 -9.959293 0.000000
-19.500000 -9.959293 24.000000
-17.683231 -10.806466 24.000000
0
4
3 2
2 1
1 0
0 3
1
4 1 2 3 4
0
0
22
*
4
-19.500000 -9.959293 24.000000
-21.142057 -8.809512 24.000000
-20.496815 -8.040542 25.000000
-18.998091 -9.089960 25.000000
0
4
3 2
2 1
1 0
0 3
1
4 1 2 3 4
0
0
22
*
4
-19.500000 -9.959293 0.000000
-21.142057 -8.809512 0.000000
-21.142057 -8.809512 24.000000
-19.500000 -9.959293 24.000000
0
4
3 2
2 1
1 0
0 3
1
4 1 2 3 4
0
0
22
*
4
-21.142057 -8.809512 24.000000
-22.559511 -7.392058 24.000000
-21.790541 -6.746816 25.000000
-20.496815 -8.040542 25.000000
0
4
3 2
2 1
1 0
0 3
1
4 1 2 3 4
0
0
22
*
4
-21.142057 -8.809512 0.000000
-22.559511 -7.392058 0.000000
-22.559511 -7.392058 24.000000
-21.142057 -8.809512 24.000000
0
4
3 2
2 1
1 0
0 3
1
4 1 2 3 4
0
0
22
*
4
-22.559511 -7.392058 24.000000
-23.709291 -5.750001 24.000000
-22.839958 -5.248091 25.000000
-21.790541 -6.746816 25.000000
0
4
3 2
2 1
1 0
0 3
1
4 1 2 3 4
0
0
22
*
4
-22.559511 -7.392058 0.000000
-23.709291 -5.750001 0.000000
-23.709291 -5.750001 24.000000
-22.559511 -7.392058 24.000000
0
4
3 2
2 1
1 0
0 3
1
4 1 2 3 4
0
0
22
*
4
-23.709291 -5.750001 24.000000
-24.556465 -3.933233 24.000000
-23.613182 -3.589906 25.000000
-22.839958 -5.248091 25.000000
0
4
3 2
2 1
1 0
0 3
1
4 1 2 3 4
0
0
22
*
4
-24.556465 -3.933233 24.000000
-25.075289 -1.996955 24.000000
-24.086720 -1.822643 25.000000
-23.613182 -3.589906 25.000000
0
4
3 2
2 1
1 0
0 3
1
4 1 2 3 4
0
0
22
*
4
-23.709291 -5.750001 0.000000
-24.556465 -3.933233 0.000000
-24.556465 -3.933233 24.000000
-23.709291 -5.750001 24.000000
0
4
3 2
2 1
1 0
0 3
1
4 1 2 3 4
0
0
22
*
4
-24.556465 -3.933233 0.000000
-25.075289 -1.996955 0.000000
-25.075289 -1.996955 24.000000
-24.556465 -3.933233 24.000000
0
4
3 2
2 1
1 0
0 3
1
4 1 2 3 4
0
0
22
*
4
-25.075289 -1.996955 0.000000
-25.250000 0.000000 0.000000
-25.250000 0.000000 24.000000
-25.075289 -1.996955 24.000000
0
4
3 2
2 1
1 0
0 3
1
4 1 2 3 4
0
0
22
*
4
0.000000 -19.696156 -3.472960
-27.500000 -19.696157 -3.472960
-27.500000 -20.000002 0.000000
0.000000 -20.000000 0.000000
0
4
3 2
2 1
1 0
0 3
1
4 1 2 3 4
0
0
22
*
4
0.000000 -18.793850 -6.840407
-27.500000 -18.793852 -6.840407
-27.500000 -19.696157 -3.472960
0.000000 -19.696156 -3.472960
0
4
3 2
2 1
1 0
0 3
1
4 1 2 3 4
0
0
22
*
4
0.000000 -17.320507 -10.000004
-27.500000 -17.320509 -10.000004
-27.500000 -18.793852 -6.840407
0.000000 -18.793850 -6.840407
0
4
3 2
2 1
1 0
0 3
1
4 1 2 3 4
0
0
22
*
36
-27.500000 12.855749 -15.320890
-27.500000 15.320889 -12.855751
-27.500000 17.320507 -10.000000
-27.500000 18.793850 -6.840403
-27.500000 19.696154 -3.472965
-27.500000 19.999998 0.000000
-27.500000 19.696154 3.472966
-27.500000 18.793850 6.840405
-27.500000 17.320505 10.000001
-27.500000 15.320889 12.855752
-27.500000 12.855752 15.320889
-27.500000 10.000000 17.320507
-27.500000 6.840402 18.793852
-27.500000 3.472963 19.696156
-27.500000 0.000000 20.000000
-27.500000 -3.472965 19.696156
-27.500000 -6.840405 18.793852
-27.500000 -10.000000 17.320509
-27.500000 -12.855753 15.320889
-27.500000 -15.320890 12.855752
-27.500000 -17.320509 10.000000
-27.500000 -18.793854 6.840403
-27.500000 -19.696157 3.472964
-27.500000 -20.000002 0.000000
-27.500000 -19.696157 -3.472960
-27.500000 -18.793852 -6.840407
-27.500000 -17.320509 -10.000004
-27.500000 -15.320888 -12.855755
-27.500000 -12.855751 -15.320890
-27.500000 -9.999999 -17.320509
-27.500000 -6.840404 -18.793854
-27.500000 -3.472964 -19.696156
-27.500000 0.000000 -20.000000
-27.500000 3.472962 -19.696156
-27.500000 6.840400 -18.793854
-27.500000 9.999997 -17.320509
0
36
35 34
34 33
33 32
32 31
31 30
30 29
29 28
28 27
27 26
26 25
25 24
24 23
23 22
22 21
21 20
20 19
19 18
18 17
17 16
16 15
15 14
14 13
13 12
12 11
11 10
10 9
9 8
8 7
7 6
6 5
5 4
4 3
3 2
2 1
1 0
0 35
1
36 1 2 3 4 5 6 7 8 9 10 11 12 13 14 15 16
   17 18 19 20 21 22 23 24 25 26 27 28 29 30 31 32
   33 34 35 36
0
0
22
*
36
0.000000 12.855750 -15.320890
0.000000 9.999998 -17.320509
0.000000 6.840401 -18.793854
0.000000 3.472963 -19.696156
0.000000 0.000000 -20.000000
0.000000 -3.472963 -19.696156
0.000000 -6.840402 -18.793854
0.000000 -9.999998 -17.320509
0.000000 -12.855750 -15.320890
0.000000 -15.320887 -12.855755
0.000000 -17.320507 -10.000004
0.000000 -18.793850 -6.840407
0.000000 -19.696156 -3.472960
0.000000 -20.000000 0.000000
0.000000 -19.696156 3.472964
0.000000 -18.793852 6.840403
0.000000 -17.320507 10.000000
0.000000 -15.320889 12.855752
0.000000 -12.855752 15.320889
0.000000 -9.999999 17.320509
0.000000 -6.840403 18.793852
0.000000 -3.472964 19.696156
0.000000 0.000000 20.000000
0.000000 3.472964 19.696156
0.000000 6.840403 18.793852
0.000000 10.000001 17.320507
0.000000 12.855753 15.320889
0.000000 15.320889 12.855752
0.000000 17.320507 10.000001
0.000000 18.793852 6.840405
0.000000 19.696156 3.472966
0.000000 20.000000 0.000000
0.000000 19.696156 -3.472965
0.000000 18.793852 -6.840403
0.000000 17.320509 -10.000000
0.000000 15.320889 -12.855751
0
36
35 34
34 33
33 32
32 31
31 30
30 29
29 28
28 27
27 26
26 25
25 24
24 23
23 22
22 21
21 20
20 19
19 18
18 17
17 16
16 15
15 14
14 13
13 12
12 11
11 10
10 9
9 8
8 7
7 6
6 5
5 4
4 3
3 2
2 1
1 0
0 35
1
36 1 2 3 4 5 6 7 8 9 10 11 12 13 14 15 16
   17 18 19 20 21 22 23 24 25 26 27 28 29 30 31 32
   33 34 35 36
0
0
22
*
4
0.000000 -15.320887 -12.855755
-27.500000 -15.320888 -12.855755
-27.500000 -17.320509 -10.000004
0.000000 -17.320507 -10.000004
0
4
3 2
2 1
1 0
0 3
1
4 1 2 3 4
0
0
22
*
4
0.000000 -12.855750 -15.320890
-27.500000 -12.855751 -15.320890
-27.500000 -15.320888 -12.855755
0.000000 -15.320887 -12.855755
0
4
3 2
2 1
1 0
0 3
1
4 1 2 3 4
0
0
22
*
4
0.000000 -9.999998 -17.320509
-27.500000 -9.999999 -17.320509
-27.500000 -12.855751 -15.320890
0.000000 -12.855750 -15.320890
0
4
3 2
2 1
1 0
0 3
1
4 1 2 3 4
0
0
22
*
4
0.000000 -6.840402 -18.793854
-27.500000 -6.840404 -18.793854
-27.500000 -9.999999 -17.320509
0.000000 -9.999998 -17.320509
0
4
3 2
2 1
1 0
0 3
1
4 1 2 3 4
0
0
22
*
4
0.000000 -3.472963 -19.696156
-27.500000 -3.472964 -19.696156
-27.500000 -6.840404 -18.793854
0.000000 -6.840402 -18.793854
0
4
3 2
2 1
1 0
0 3
1
4 1 2 3 4
0
0
22
*
4
0.000000 0.000000 -20.000000
-27.500000 0.000000 -20.000000
-27.500000 -3.472964 -19.696156
0.000000 -3.472963 -19.696156
0
4
3 2
2 1
1 0
0 3
1
4 1 2 3 4
0
0
22
*
4
0.000000 3.472963 -19.696156
-27.500000 3.472962 -19.696156
-27.500000 0.000000 -20.000000
0.000000 0.000000 -20.000000
0
4
3 2
2 1
1 0
0 3
1
4 1 2 3 4
0
0
22
*
4
0.000000 6.840401 -18.793854
-27.500000 6.840400 -18.793854
-27.500000 3.472962 -19.696156
0.000000 3.472963 -19.696156
0
4
3 2
2 1
1 0
0 3
1
4 1 2 3 4
0
0
22
*
4
0.000000 9.999998 -17.320509
-27.500000 9.999997 -17.320509
-27.500000 6.840400 -18.793854
0.000000 6.840401 -18.793854
0
4
3 2
2 1
1 0
0 3
1
4 1 2 3 4
0
0
22
*
4
0.000000 12.855750 -15.320890
-27.500000 12.855749 -15.320890
-27.500000 9.999997 -17.320509
0.000000 9.999998 -17.320509
0
4
3 2
2 1
1 0
0 3
1
4 1 2 3 4
0
0
22
*
4
0.000000 15.320889 -12.855751
-27.500000 15.320889 -12.855751
-27.500000 12.855749 -15.320890
0.000000 12.855750 -15.320890
0
4
3 2
2 1
1 0
0 3
1
4 1 2 3 4
0
0
22
*
4
0.000000 17.320509 -10.000000
-27.500000 17.320507 -10.000000
-27.500000 15.320889 -12.855751
0.000000 15.320889 -12.855751
0
4
3 2
2 1
1 0
0 3
1
4 1 2 3 4
0
0
22
*
4
0.000000 18.793852 -6.840403
-27.500000 18.793850 -6.840403
-27.500000 17.320507 -10.000000
0.000000 17.320509 -10.000000
0
4
3 2
2 1
1 0
0 3
1
4 1 2 3 4
0
0
22
*
4
0.000000 19.696156 -3.472965
-27.500000 19.696154 -3.472965
-27.500000 18.793850 -6.840403
0.000000 18.793852 -6.840403
0
4
3 2
2 1
1 0
0 3
1
4 1 2 3 4
0
0
22
*
4
0.000000 20.000000 0.000000
-27.500000 19.999998 0.000000
-27.500000 19.696154 -3.472965
0.000000 19.696156 -3.472965
0
4
3 2
2 1
1 0
0 3
1
4 1 2 3 4
0
0
22
*
4
0.000000 19.696156 3.472966
-27.500000 19.696154 3.472966
-27.500000 19.999998 0.000000
0.000000 20.000000 0.000000
0
4
3 2
2 1
1 0
0 3
1
4 1 2 3 4
0
0
22
*
4
0.000000 18.793852 6.840405
-27.500000 18.793850 6.840405
-27.500000 19.696154 3.472966
0.000000 19.696156 3.472966
0
4
3 2
2 1
1 0
0 3
1
4 1 2 3 4
0
0
22
*
4
0.000000 17.320507 10.000001
-27.500000 17.320505 10.000001
-27.500000 18.793850 6.840405
0.000000 18.793852 6.840405
0
4
3 2
2 1
1 0
0 3
1
4 1 2 3 4
0
0
22
*
4
0.000000 15.320889 12.855752
-27.500000 15.320889 12.855752
-27.500000 17.320505 10.000001
0.000000 17.320507 10.000001
0
4
3 2
2 1
1 0
0 3
1
4 1 2 3 4
0
0
22
*
4
0.000000 12.855753 15.320889
-27.500000 12.855752 15.320889
-27.500000 15.320889 12.855752
0.000000 15.320889 12.855752
0
4
3 2
2 1
1 0
0 3
1
4 1 2 3 4
0
0
22
*
4
0.000000 10.000001 17.320507
-27.500000 10.000000 17.320507
-27.500000 12.855752 15.320889
0.000000 12.855753 15.320889
0
4
3 2
2 1
1 0
0 3
1
4 1 2 3 4
0
0
22
*
4
0.000000 6.840403 18.793852
-27.500000 6.840402 18.793852
-27.500000 10.000000 17.320507
0.000000 10.000001 17.320507
0
4
3 2
2 1
1 0
0 3
1
4 1 2 3 4
0
0
22
*
4
0.000000 3.472964 19.696156
-27.500000 3.472963 19.696156
-27.500000 6.840402 18.793852
0.000000 6.840403 18.793852
0
4
3 2
2 1
1 0
0 3
1
4 1 2 3 4
0
0
22
*
4
0.000000 0.000000 20.000000
-27.500000 0.000000 20.000000
-27.500000 3.472963 19.696156
0.000000 3.472964 19.696156
0
4
3 2
2 1
1 0
0 3
1
4 1 2 3 4
0
0
22
*
4
0.000000 -3.472964 19.696156
-27.500000 -3.472965 19.696156
-27.500000 0.000000 20.000000
0.000000 0.000000 20.000000
0
4
3 2
2 1
1 0
0 3
1
4 1 2 3 4
0
0
22
*
4
0.000000 -6.840403 18.793852
-27.500000 -6.840405 18.793852
-27.500000 -3.472965 19.696156
0.000000 -3.472964 19.696156
0
4
3 2
2 1
1 0
0 3
1
4 1 2 3 4
0
0
22
*
4
0.000000 -9.999999 17.320509
-27.500000 -10.000000 17.320509
-27.500000 -6.840405 18.793852
0.000000 -6.840403 18.793852
0
4
3 2
2 1
1 0
0 3
1
4 1 2 3 4
0
0
22
*
4
0.000000 -12.855752 15.320889
-27.500000 -12.855753 15.320889
-27.500000 -10.000000 17.320509
0.000000 -9.999999 17.320509
0
4
3 2
2 1
1 0
0 3
1
4 1 2 3 4
0
0
22
*
4
0.000000 -15.320889 12.855752
-27.500000 -15.320890 12.855752
-27.500000 -12.855753 15.320889
0.000000 -12.855752 15.320889
0
4
3 2
2 1
1 0
0 3
1
4 1 2 3 4
0
0
22
*
4
0.000000 -17.320507 10.000000
-27.500000 -17.320509 10.000000
-27.500000 -15.320890 12.855752
0.000000 -15.320889 12.855752
0
4
3 2
2 1
1 0
0 3
1
4 1 2 3 4
0
0
22
*
4
0.000000 -18.793852 6.840403
-27.500000 -18.793854 6.840403
-27.500000 -17.320509 10.000000
0.000000 -17.320507 10.000000
0
4
3 2
2 1
1 0
0 3
1
4 1 2 3 4
0
0
22
*
4
0.000000 -19.696156 3.472964
-27.500000 -19.696157 3.472964
-27.500000 -18.793854 6.840403
0.000000 -18.793852 6.840403
0
4
3 2
2 1
1 0
0 3
1
4 1 2 3 4
0
0
22
*
4
0.000000 -20.000000 0.000000
-27.500000 -20.000002 0.000000
-27.500000 -19.696157 3.472964
0.000000 -19.696156 3.472964
0
4
3 2
2 1
1 0
0 3
1
4 1 2 3 4
0
0
