12
Prismo
1
16
-1
3
0
0
31
1
0
0
sim_cmm.gsl
17
0
1
2
3
4
5
6
7
8
9
10
11
12
13
14
15
16
1
1
1
2
DEFAULT
0
0
1500 1500 5000
360 360 360
720 720 720
0.5 0.5 0.5
0 0
1 1 1 0 0.1 0.5 0
0 1 0 0 0 2 0 1
kin_generic
none
none
3
1 1
Config_1
Config_2
0
mot_joint_0
mot_straight_0
mot_circular_0
mot_slew_0
mot_aux1_0
mot_aux2_0
1 1 1
1 1 1
0 0 0
1
0 0 0
=dof(1)
=dof(2)
=dof(3)
1 2 3
14 13 15
0 0 0
0 0 0
1 1 1
1 0 0 0
0 1 0 0
0 0 1 0
0 0 0 1
1
1 0 0 0
0 1 0 0
0 0 1 0
0 0 0 1
1
1 0 0 0
0 1 0 0
0 0 1 0
0 0 0 1
0 0 0
0 0 0
0 0 0 0 0 0 0 0
0
0
-810
1710
850
0
100 100 100
10000 10000 10000
0.5 0.5 0.5
0 0 0
0 0 0
28
3
0 0
*
*
*
*
*
*
*
*
*
*
DEFAULT
0
0
0
*
*
*
*
Home_1
0
*
Y
X
Z
Utool 1
Uframe 1
0
0.1 0.00174533
1076.5 825 68.7095 0 0 0
1 0 0 0 0 0
2 3 1 0 0 0
0 0 0 2 2 2
-1 1.224606353822377e-016 0 0
-7.498303609110686e-033 -6.123031769111886e-017 1 0
1.224606353822377e-016 1 6.123031769111886e-017 0
0 0 0 1
-1 1.224606353822377e-016 0 0
-7.498303609110686e-033 -6.123031769111886e-017 1 0
1.224606353822377e-016 1 6.123031769111886e-017 0
1076.5 824.9999999999999 68.70950000000006 1
1 0 0 0
0 1 0 0
0 0 1 0
0 0 0 1
0 0 0 0 0 0
0 0 0 0 0 0
7
*
*
1 1 1 0 0 0
1 1 1
0 0 0 0
*
*
0
0
no_app_file
3
no_par_file
0 1 1 1
1
6
10 1 1 327684 0 0 
-1 -1
-1 -1 -1
-1 -1 -1
-1 -1 -1
6
0
0 0 0
Device Sequence Information
2
*
0
-1 1 1 262145 0 
-1 1
1 1 1
-1 -1 -1
-1 -1 -1
1 -2.449212707644755e-016 0 0
2.449212707644755e-016 1 0 0
0 0 1 0
-5.19762e-012 0 1672 1
ZEISS/CMM/PRISMO/PRISMO.1
0
0
0
10
0
*
*
*
*
*prismo.1
0
**BEGIN_ATTRIBUTES**
0
**END_ATTRIBUTES**
1
-1 1 1 262145 0 
-1 1
1 1 1
-1 -1 -1
-1 -1 -1
1 0 0 0
0 1 0 0
0 0 1 0
1076.5 -68.70950000000001 -825 1
ZEISS/CMM/PRISMO/PRISMO.2
2 5 14
1 1
0
10
0
*
*
*
*
*prismo.2
0
**BEGIN_ATTRIBUTES**
0
**END_ATTRIBUTES**
1
-1 1 1 262145 0 
-1 1
1 1 1
-1 -1 -1
-1 -1 -1
1 0 0 0
0 1 0 0
0 0 1 0
-1098.09 -81.29049999999999 1230 1
ZEISS/CMM/PRISMO/PRISMO.3
2 5 13
1 2
0
10
0
*
*
*
*
*prismo.3
0
**BEGIN_ATTRIBUTES**
0
**END_ATTRIBUTES**
1
-1 1 1 262145 0 
-1 1
1 1 1
-1 -1 -1
-1 -1 -1
1 0 0 0
0 1 0 0
0 0 1 0
21.5862 150 -405 1
ZEISS/CMM/PRISMO/PRISMO.4
2 5 15
1 3
0
10
0
*
*
*
*
*prismo.4
0
**BEGIN_ATTRIBUTES**
0
**END_ATTRIBUTES**
1
-1 1 1 262145 0 
-3 1
1 1 1
-1 -1 -1
-1 -1 -1
1 0 0 0
0 1 0 0
0 0 1 0
0 0 0 1
ZEISS/CMM/PRISMO/PRISMO.5
0
0
0
10
0
*
*
*
*
*PRISMO.5
0
**BEGIN_ATTRIBUTES**
0
**END_ATTRIBUTES**
000004
0
0
1
2
3
0
17
0
0
0
0
0
0
0
0
0
0
0
0
0
0
**BEGIN_ATTRIBUTES**
0
**END_ATTRIBUTES**
