12
2
1.000000 0.000000 0.000000
0.000000 1.000000 0.000000
0.000000 0.000000 1.000000
0.000000 0.000000 -9.000001
1.000000 0.000000 0.000000
0.000000 1.000000 0.000000
0.000000 0.000000 1.000000
0.000000 0.000000 0.000000
0
0
1
22
*
248
2.349231 -0.855051 -8.500000
2.165063 -1.250000 -8.500000
1.915111 -1.606969 -8.500000
1.606969 -1.915111 -8.500000
1.250000 -2.165064 -8.500000
-1.606969 -1.915111 -8.500000
-1.915111 -1.606969 -8.500000
-2.165064 -1.250000 -8.500000
-2.349231 -0.855050 -8.500000
-2.349231 0.855051 -8.500000
-2.165063 1.250000 -8.500000
-1.915111 1.606969 -8.500000
-1.606969 1.915111 -8.500000
1.250000 2.165064 -8.500000
1.606969 1.915111 -8.500000
1.915111 1.606969 -8.500000
2.165063 1.250000 -8.500000
2.349231 0.855050 -8.500000
2.494683 -0.060777 -8.376187
-2.494683 -0.060777 -8.376187
-2.471226 0.328892 -8.151212
-2.469844 0.344683 -8.092281
2.469844 0.344683 -8.092281
2.471226 0.328892 -8.151212
2.500000 0.000000 -8.392472
2.489527 -0.119707 -8.360397
-2.500000 0.000000 -8.392472
-2.489527 -0.119707 -8.360397
-2.473481 0.303109 -8.206505
-2.470080 0.341983 -8.123138
2.470080 0.341983 -8.123138
2.473481 0.303109 -8.206505
2.500000 0.000000 -8.416218
2.484689 -0.175000 -8.334614
-2.500000 0.000000 -8.416218
-2.484689 -0.175000 -8.334614
-2.476543 0.268116 -8.256480
-2.470324 0.339199 -8.154963
2.470324 0.339199 -8.154963
2.476543 0.268116 -8.256480
2.500000 0.000000 -8.457150
2.480317 -0.224976 -8.299621
-2.500000 0.000000 -8.457150
-2.480317 -0.224976 -8.299621
-2.480317 0.224976 -8.299621
-2.470579 0.336281 -8.188314
2.470579 0.336281 -8.188314
2.480317 0.224976 -8.299621
2.497848 -0.024596 -8.500000
2.476543 -0.268116 -8.256480
-2.497848 -0.024596 -8.500000
-2.476543 -0.268116 -8.256480
-2.484689 0.175000 -8.334614
-2.470851 0.333171 -8.223861
2.470851 0.333171 -8.223861
2.484689 0.175000 -8.334614
2.491461 -0.097601 -8.500000
2.473481 -0.303109 -8.206505
-2.491461 -0.097601 -8.500000
-2.473481 -0.303109 -8.206505
-2.489527 0.119707 -8.360397
-2.471147 0.329797 -8.262431
2.471147 0.329797 -8.262431
2.489527 0.119707 -8.360397
2.485455 -0.166250 -8.500000
2.471226 -0.328892 -8.151212
-2.485455 -0.166250 -8.500000
-2.471226 -0.328892 -8.151212
-2.494683 0.060777 -8.376187
-2.471473 0.326063 -8.305104
2.471473 0.326063 -8.305104
2.494683 0.060777 -8.376187
2.479402 -0.235435 -8.500000
2.469844 -0.344683 -8.092281
-2.479402 -0.235435 -8.500000
-2.469844 -0.344683 -8.092281
-2.471843 0.321842 -8.353348
2.471843 0.321842 -8.353348
2.472965 -0.309012 -8.500000
2.469379 -0.350000 -8.031505
-2.472965 -0.309012 -8.500000
-2.469379 -0.350000 -8.031505
-2.500000 0.000000 -8.381505
-2.500000 0.000000 -8.500000
2.500000 0.000000 -8.500000
2.500000 0.000000 -8.381505
2.465793 -0.390988 -8.500000
2.462019 -0.434120 -8.500000
2.469844 -0.344683 -7.970728
-2.462019 -0.434121 -8.500000
-2.465793 -0.390988 -8.500000
-2.469844 -0.344683 -7.970728
-2.494683 0.060777 -7.686822
2.494683 0.060777 -7.686822
2.462019 -0.434120 -8.304512
2.471226 -0.328892 -7.911798
-2.462019 -0.434121 -8.304515
-2.471226 -0.328892 -7.911798
-2.500000 0.000000 -7.670537
-2.489527 0.119707 -7.702612
2.500000 0.000000 -7.670537
2.489527 0.119707 -7.702612
2.462019 -0.434120 -8.137458
2.473481 -0.303109 -7.856504
-2.462019 -0.434121 -8.137460
-2.473482 -0.303109 -7.856504
-2.500000 0.000000 -7.646792
-2.484689 0.175000 -7.728396
2.500000 0.000000 -7.646792
2.484689 0.175000 -7.728396
2.462019 -0.434120 -8.043608
2.476543 -0.268116 -7.806529
-2.462019 -0.434121 -8.043609
-2.476543 -0.268116 -7.806529
-2.500000 0.000000 -7.605859
-2.480317 0.224976 -7.763390
2.500000 0.000000 -7.605859
2.480317 0.224976 -7.763389
2.462019 -0.434120 -7.972534
2.480317 -0.224976 -7.763390
-2.462019 -0.434121 -7.972534
-2.480317 -0.224976 -7.763390
-2.500000 0.000000 -7.538413
-2.476543 0.268116 -7.806529
2.500000 0.000000 -7.538413
2.476543 0.268116 -7.806529
2.462019 -0.434120 -7.909834
2.484689 -0.175000 -7.728396
-2.462019 -0.434121 -7.909834
-2.484690 -0.175000 -7.728395
-2.500000 0.000000 -7.423620
-2.473481 0.303109 -7.856504
2.500000 0.000000 -7.423620
2.473481 0.303109 -7.856504
2.462019 -0.434120 -7.849226
2.489527 -0.119707 -7.702612
-2.462019 -0.434121 -7.849226
-2.489527 -0.119707 -7.702612
-2.500000 0.000000 -7.206487
-2.471226 0.328892 -7.911798
2.500000 0.000000 -7.206487
2.471226 0.328892 -7.911798
2.462019 -0.434120 -7.786859
2.494683 -0.060777 -7.686822
-2.462019 -0.434121 -7.786859
-2.494683 -0.060777 -7.686822
-2.472965 0.309012 -8.500000
-2.469379 0.350000 -8.031505
2.472965 0.309012 -8.500000
2.469379 0.350000 -8.031505
2.462019 -0.434120 -7.719485
-2.462019 -0.434121 -7.719485
-2.500000 0.000000 -6.684354
-2.469844 0.344683 -7.970728
2.500000 0.000000 -6.684354
2.469844 0.344683 -7.970728
2.500000 0.000000 -7.681505
-2.500000 0.000000 -7.681505
-2.500000 0.000000 -4.030992
-2.465793 0.390988 -8.500000
-2.462019 0.434121 -8.500000
2.462019 0.434120 -8.500000
2.465793 0.390988 -8.500000
2.500000 0.000000 -4.030992
-1.915111 -1.606969 2.000000
-2.165064 -1.250000 2.000000
-2.349231 -0.855050 2.000000
-2.462019 -0.434121 2.000000
-2.500000 0.000000 2.000000
-2.462019 0.434121 2.000000
-2.349231 0.855051 2.000000
-2.165063 1.250000 2.000000
-1.915111 1.606969 2.000000
-1.606969 1.915111 2.000000
-1.250000 2.165063 2.000000
-0.855050 2.349231 2.000000
-0.434120 2.462019 2.000000
0.000000 2.500000 2.000000
0.434121 2.462019 2.000000
0.855050 2.349231 2.000000
1.250000 2.165064 2.000000
1.606969 1.915111 2.000000
1.915111 1.606969 2.000000
2.165063 1.250000 2.000000
2.349231 0.855050 2.000000
2.462019 0.434120 2.000000
2.500000 0.000000 2.000000
2.462019 -0.434120 2.000000
2.349231 -0.855051 2.000000
2.165063 -1.250000 2.000000
1.915111 -1.606969 2.000000
1.606969 -1.915111 2.000000
1.250000 -2.165064 2.000000
0.855050 -2.349232 2.000000
0.434120 -2.462019 2.000000
0.000000 -2.500000 2.000000
-0.434120 -2.462019 2.000000
-0.855050 -2.349232 2.000000
-1.250000 -2.165064 2.000000
-1.606969 -1.915111 2.000000
1.284347 -1.530626 -9.000000
1.530626 -1.284348 -9.000000
1.730397 -0.999045 -9.000000
1.877590 -0.683388 -9.000000
1.967735 -0.346964 -9.000000
1.998090 0.000000 -9.000000
1.967735 0.346965 -9.000000
1.877590 0.683387 -9.000000
1.730397 0.999045 -9.000000
1.530626 1.284348 -9.000000
1.284348 1.530626 -9.000000
0.999045 1.730397 -9.000000
-1.284348 1.530626 -9.000000
-1.530626 1.284348 -9.000000
-1.730397 0.999045 -9.000000
-1.877590 0.683387 -9.000000
-1.967735 0.346965 -9.000000
-1.998090 0.000000 -9.000000
-1.967735 -0.346965 -9.000000
-1.877590 -0.683387 -9.000000
-1.730397 -0.999045 -9.000000
-1.530626 -1.284347 -9.000000
-1.284347 -1.530626 -9.000000
0.999045 -1.730397 -9.000000
0.855050 -2.349232 -8.500000
0.683387 -1.877591 -9.000000
0.434120 -2.462019 -8.500000
0.346965 -1.967735 -9.000000
0.000000 -2.500000 -8.500000
0.000000 -1.998090 -9.000000
-0.434120 -2.462019 -8.500000
-0.346965 -1.967735 -9.000000
-1.250000 -2.165064 -8.500000
-0.855050 -2.349232 -8.500000
-0.683387 -1.877591 -9.000000
-0.999045 -1.730397 -9.000000
-0.999045 1.730397 -9.000000
-1.250000 2.165063 -8.500000
-0.683387 1.877590 -9.000000
-0.855050 2.349231 -8.500000
-0.346965 1.967735 -9.000000
-0.434120 2.462019 -8.500000
0.000000 1.998090 -9.000000
0.000000 2.500000 -8.500000
0.346965 1.967735 -9.000000
0.683387 1.877590 -9.000000
0.855050 2.349231 -8.500000
0.434121 2.462019 -8.500000
0
502
76 146
82 76
83 82
146 83
85 84
77 85
148 77
84 148
156 186
150 156
187 150
151 167
157 151
168 157
87 187
0 188
1 189
2 190
3 191
4 192
5 199
6 164
7 165
167 89
8 166
9 170
10 171
11 172
12 173
184 17
183 16
182 15
181 14
13 180
87 0
87 204
84 87
84 205
161 84
0 1
203 0
1 2
202 1
2 3
201 2
3 4
200 3
4 224
223 4
232 5
5 6
222 5
6 7
221 6
7 8
220 7
8 89
219 8
89 83
218 89
83 160
217 83
160 9
216 160
215 9
9 10
214 10
10 11
213 11
11 12
212 12
12 237
246 13
211 13
13 14
210 14
14 15
209 15
15 16
208 16
16 17
207 17
161 206
17 161
19 27
25 18
27 35
25 27
33 25
35 43
33 35
41 33
43 51
41 43
49 41
51 59
49 51
57 49
59 67
57 59
65 57
67 75
65 67
73 65
75 81
73 75
79 73
81 91
79 81
88 79
91 97
88 91
95 88
97 105
95 97
103 95
105 113
103 105
111 103
113 121
111 113
119 111
121 129
119 121
127 119
129 137
127 129
135 127
137 145
135 137
143 135
20 28
31 23
28 36
31 28
39 31
36 44
39 36
47 39
44 52
47 44
55 47
52 60
55 52
63 55
60 68
63 60
71 63
92 99
101 93
99 107
101 99
109 101
107 115
109 107
117 109
115 123
117 115
125 117
123 131
125 123
133 125
20 23
131 139
133 131
141 133
139 153
141 139
155 141
21 22
147 21
22 149
147 149
153 147
155 153
149 155
19 18
145 157
143 145
156 143
82 85
68 82
71 68
85 71
92 93
156 157
85 18
24 85
18 24
26 19
82 26
19 82
20 21
29 20
21 29
22 23
30 22
23 30
24 25
32 24
25 32
34 27
26 34
27 26
28 29
37 28
29 37
30 31
38 30
31 38
32 33
40 32
33 40
42 35
34 42
35 34
36 37
45 36
37 45
38 39
46 38
39 46
40 41
84 40
48 84
41 48
50 43
83 50
42 83
43 42
44 45
53 44
45 53
46 47
54 46
47 54
48 49
56 48
49 56
58 51
50 58
51 50
52 53
61 52
53 61
54 55
62 54
55 62
56 57
64 56
57 64
66 59
58 66
59 58
60 61
69 60
61 69
62 63
70 62
63 70
64 65
72 64
65 72
74 67
66 74
67 66
68 69
76 68
69 76
70 71
77 70
71 77
72 73
78 72
73 78
80 75
74 80
75 74
78 79
86 78
79 86
90 81
80 90
81 80
86 88
87 86
94 87
88 94
96 91
89 96
90 89
91 90
98 92
157 98
92 157
156 93
100 156
93 100
94 95
102 94
95 102
104 97
96 104
97 96
106 99
98 106
99 98
100 101
108 100
101 108
102 103
110 102
103 110
112 105
104 112
105 104
114 107
106 114
107 106
108 109
116 108
109 116
110 111
118 110
111 118
120 113
112 120
113 112
122 115
114 122
115 114
116 117
124 116
117 124
118 119
126 118
119 126
128 121
120 128
121 120
130 123
122 130
123 122
124 125
132 124
125 132
126 127
134 126
127 134
136 129
128 136
129 128
138 131
130 138
131 130
132 133
140 132
133 140
134 135
142 134
135 142
144 137
136 144
137 136
152 139
138 152
139 138
140 141
154 140
141 154
142 143
150 142
143 150
151 145
144 151
145 144
146 147
159 146
147 159
162 149
148 162
149 148
158 153
152 158
153 152
154 155
163 154
155 163
169 160
158 168
159 158
160 159
186 163
161 185
162 161
163 162
224 193
226 194
228 195
230 196
198 232
233 197
237 174
239 175
241 176
243 177
179 246
247 178
164 199
165 164
166 165
167 166
168 167
169 168
170 169
171 170
172 171
173 172
174 173
175 174
176 175
177 176
178 177
179 178
180 179
181 180
182 181
183 182
184 183
185 184
186 185
187 186
188 187
189 188
190 189
191 190
192 191
193 192
194 193
195 194
196 195
197 196
198 197
199 198
200 223
201 200
202 201
203 202
204 203
205 204
206 205
207 206
208 207
209 208
210 209
211 210
245 211
212 236
213 212
214 213
215 214
216 215
217 216
218 217
219 218
220 219
221 220
222 221
235 222
223 225
224 226
225 224
227 225
226 228
227 226
229 227
228 230
229 228
231 229
230 233
231 230
234 231
232 235
233 232
234 233
235 234
236 237
238 236
237 239
238 239
240 238
239 241
240 241
242 240
241 243
242 243
244 242
243 247
244 247
245 244
246 245
247 246
178
3 189 188 187
3 192 191 190
3 195 194 193
3 198 197 196
3 201 200 199
3 204 203 202
3 207 206 205
3 210 209 208
3 213 212 211
3 216 215 214
3 219 218 217
3 222 221 220
3 233 232 231
3 236 235 234
3 239 238 237
3 242 241 240
3 245 244 243
3 248 247 246
3 251 250 249
3 254 253 252
3 257 256 255
3 260 259 258
3 263 262 261
3 266 265 264
3 269 268 267
3 272 271 270
3 275 274 273
3 278 277 276
3 281 280 279
3 284 283 282
3 295 294 293
3 298 297 296
3 301 300 299
3 304 303 302
3 307 306 305
3 310 309 308
3 313 312 311
3 316 315 314
3 319 318 317
3 322 321 320
3 325 324 323
3 328 327 326
3 331 330 329
3 334 333 332
3 337 336 335
3 340 339 338
3 343 342 341
3 346 345 344
3 349 348 347
3 352 351 350
3 355 354 353
3 358 357 356
3 361 360 359
3 364 363 362
3 367 366 365
3 370 369 368
3 373 372 371
3 376 375 374
3 379 378 377
3 382 381 380
3 385 384 383
3 388 387 386
4 4 3 2 1
4 8 7 6 5
4 -432 11 10 9
4 -413 14 13 12
4 -35 15 -433 -16
4 -40 16 -434 -17
4 -42 17 -435 -18
4 -44 18 -436 -19
4 -46 19 -437 -20
4 -48 20 -438 -397
4 -50 -401 -444 -21
4 -51 21 -409 -22
4 -53 22 -410 -23
4 -55 23 -411 -25
4 -57 25 -412 24
4 -63 -389 -415 -26
4 -66 26 -416 -27
4 -68 27 -417 -28
4 -70 28 -418 -29
4 -72 29 -419 -403
4 -73 -407 -425 -34
4 -84 -30 -430 -394
4 -81 -31 -429 30
4 -79 -32 -428 31
4 -77 -33 -427 32
4 -75 34 -426 33
4 -449 -36 35 -41
4 37 36 -450 -38
4 39 38 -451 -83
4 -448 41 40 -43
4 -447 43 42 -45
4 -446 45 44 -47
4 -445 47 46 -49
4 -470 49 48 -472
4 -469 -483 50 -52
4 -468 52 51 -54
4 -467 54 53 -56
4 -466 56 55 -58
4 -465 58 57 -60
4 -464 60 59 -62
4 -463 62 61 -64
4 -462 64 63 -65
4 66 -67 -461 65
4 68 -69 -460 67
4 70 -71 -459 69
4 72 -487 -458 71
4 73 -74 -457 -501
4 75 -76 -456 74
4 77 -78 -455 76
4 79 -80 -454 78
4 81 -82 -453 80
4 84 83 -452 82
4 86 -177 85 -88
4 89 88 87 -91
4 92 91 90 -94
4 95 94 93 -97
4 98 97 96 -100
4 101 100 99 -103
4 104 103 102 -106
4 107 106 105 -109
4 110 109 108 -112
4 113 112 111 -115
4 116 115 114 -118
4 119 118 117 -121
4 122 121 120 -124
4 125 124 123 -127
4 128 127 126 -130
4 131 130 129 -179
4 133 -163 132 -135
4 136 135 134 -138
4 139 138 137 -141
4 142 141 140 -144
4 145 144 143 -147
4 148 147 146 -183
4 150 -185 149 -152
4 153 152 151 -155
4 156 155 154 -158
4 159 158 157 -161
4 162 161 160 -165
4 -196 -170 -193 163
4 166 165 164 -168
4 169 168 167 -175
4 172 -173 171 170
4 176 175 174 173
4 -187 -181 -192 177
4 180 179 178 -186
4 184 183 182 181
4 -296 186 -295 185
4 226 225 224 223
4 230 229 228 227
4 288 287 286 285
4 292 291 290 289
4 -471 397 -439 -398
4 -474 398 -440 -399
4 -477 399 -441 -400
4 -480 400 -442 -402
4 -484 402 -443 401
4 -489 403 -420 -404
4 -492 404 -421 -405
4 -495 405 -422 -406
4 -498 406 -423 -408
4 -502 408 -424 407
4 473 472 471 -475
4 476 475 474 -478
4 479 478 477 -481
4 482 481 480 -485
4 486 485 484 483
4 489 -490 488 487
4 492 -493 491 490
4 495 -496 494 493
4 498 -499 497 496
4 502 501 500 499
5 392 391 390 -414 389
5 396 395 394 -431 393
36 444 443 442 441 440 439 438 437 436 435 434 433 432 431 430 429
   428 427 426 425 424 423 422 421 420 419 418 417 416 415 414 413
   412 411 410 409
36 470 -473 -476 -479 -482 -486 469 468 467 466 465 464 463 462 461 460
   459 458 -488 -491 -494 -497 -500 457 456 455 454 453 452 451 450 449
   448 447 446 445
0
0
