12
1
1.000000 0.000000 0.000000
0.000000 1.000000 0.000000
0.000000 0.000000 1.000000
0.000000 0.000000 -30.500000
0
0
41
21
*
4
3.939231 0.694593 0.000000
4.000000 0.000000 0.000000
4.000000 0.000000 5.000000
3.939231 0.694593 5.000000
0
4
0 3
1 0
2 1
3 2
1
4 4 3 2 1
0
0
21
*
4
3.758770 1.368080 0.000000
3.939231 0.694593 0.000000
3.939231 0.694593 5.000000
3.758770 1.368080 5.000000
0
4
0 3
1 0
2 1
3 2
1
4 4 3 2 1
0
0
21
*
4
3.464102 2.000000 0.000000
3.758770 1.368080 0.000000
3.758770 1.368080 5.000000
3.464102 2.000000 5.000000
0
4
0 3
1 0
2 1
3 2
1
4 4 3 2 1
0
0
21
*
36
3.064178 2.571150 0.000000
2.571151 3.064178 0.000000
2.000000 3.464102 0.000000
1.368081 3.758770 0.000000
0.694593 3.939231 0.000000
0.000000 4.000000 0.000000
-0.694593 3.939231 0.000000
-1.368080 3.758770 0.000000
-2.000000 3.464102 0.000000
-2.571151 3.064178 0.000000
-3.064178 2.571151 0.000000
-3.464102 2.000000 0.000000
-3.758770 1.368081 0.000000
-3.939231 0.694593 0.000000
-4.000000 0.000000 0.000000
-3.939231 -0.694593 0.000000
-3.758770 -1.368081 0.000000
-3.464102 -2.000000 0.000000
-3.064178 -2.571150 0.000000
-2.571150 -3.064178 0.000000
-2.000000 -3.464102 0.000000
-1.368080 -3.758771 0.000000
-0.694593 -3.939231 0.000000
0.000000 -4.000000 0.000000
0.694593 -3.939231 0.000000
1.368080 -3.758770 0.000000
2.000000 -3.464102 0.000000
2.571150 -3.064178 0.000000
3.064177 -2.571151 0.000000
3.464101 -2.000001 0.000000
3.758770 -1.368081 0.000000
3.939231 -0.694592 0.000000
4.000000 0.000000 0.000000
3.939231 0.694593 0.000000
3.758770 1.368080 0.000000
3.464102 2.000000 0.000000
0
36
0 35
1 0
2 1
3 2
4 3
5 4
6 5
7 6
8 7
9 8
10 9
11 10
12 11
13 12
14 13
15 14
16 15
17 16
18 17
19 18
20 19
21 20
22 21
23 22
24 23
25 24
26 25
27 26
28 27
29 28
30 29
31 30
32 31
33 32
34 33
35 34
1
36 36 35 34 33 32 31 30 29 28 27 26 25 24 23 22 21
   20 19 18 17 16 15 14 13 12 11 10 9 8 7 6 5
   4 3 2 1
0
0
21
*
36
-3.464102 -2.000000 5.000000
-3.758770 -1.368081 5.000000
-3.939231 -0.694593 5.000000
-4.000000 0.000000 5.000000
-3.939231 0.694593 5.000000
-3.758770 1.368081 5.000000
-3.464102 2.000000 5.000000
-3.064178 2.571151 5.000000
-2.571151 3.064178 5.000000
-2.000000 3.464102 5.000000
-1.368080 3.758770 5.000000
-0.694593 3.939231 5.000000
0.000000 4.000000 5.000000
0.694593 3.939231 5.000000
1.368081 3.758770 5.000000
2.000000 3.464102 5.000000
2.571151 3.064178 5.000000
3.064178 2.571150 5.000000
3.464102 2.000000 5.000000
3.758770 1.368080 5.000000
3.939231 0.694593 5.000000
4.000000 0.000000 5.000000
3.939231 -0.694592 5.000000
3.758770 -1.368081 5.000000
3.464101 -2.000001 5.000000
3.064177 -2.571151 5.000000
2.571150 -3.064178 5.000000
2.000000 -3.464102 5.000000
1.368080 -3.758770 5.000000
0.694593 -3.939231 5.000000
0.000000 -4.000000 5.000000
-0.694593 -3.939231 5.000000
-1.368080 -3.758771 5.000000
-2.000000 -3.464102 5.000000
-2.571150 -3.064178 5.000000
-3.064178 -2.571150 5.000000
0
36
0 35
1 0
2 1
3 2
4 3
5 4
6 5
7 6
8 7
9 8
10 9
11 10
12 11
13 12
14 13
15 14
16 15
17 16
18 17
19 18
20 19
21 20
22 21
23 22
24 23
25 24
26 25
27 26
28 27
29 28
30 29
31 30
32 31
33 32
34 33
35 34
1
36 36 35 34 33 32 31 30 29 28 27 26 25 24 23 22 21
   20 19 18 17 16 15 14 13 12 11 10 9 8 7 6 5
   4 3 2 1
0
0
21
*
4
3.064178 2.571150 0.000000
3.464102 2.000000 0.000000
3.464102 2.000000 5.000000
3.064178 2.571150 5.000000
0
4
0 3
1 0
2 1
3 2
1
4 4 3 2 1
0
0
21
*
4
2.571151 3.064178 0.000000
3.064178 2.571150 0.000000
3.064178 2.571150 5.000000
2.571151 3.064178 5.000000
0
4
0 3
1 0
2 1
3 2
1
4 4 3 2 1
0
0
21
*
4
2.000000 3.464102 0.000000
2.571151 3.064178 0.000000
2.571151 3.064178 5.000000
2.000000 3.464102 5.000000
0
4
0 3
1 0
2 1
3 2
1
4 4 3 2 1
0
0
21
*
4
1.368081 3.758770 0.000000
2.000000 3.464102 0.000000
2.000000 3.464102 5.000000
1.368081 3.758770 5.000000
0
4
0 3
1 0
2 1
3 2
1
4 4 3 2 1
0
0
21
*
4
0.694593 3.939231 0.000000
1.368081 3.758770 0.000000
1.368081 3.758770 5.000000
0.694593 3.939231 5.000000
0
4
0 3
1 0
2 1
3 2
1
4 4 3 2 1
0
0
21
*
4
0.000000 4.000000 0.000000
0.694593 3.939231 0.000000
0.694593 3.939231 5.000000
0.000000 4.000000 5.000000
0
4
0 3
1 0
2 1
3 2
1
4 4 3 2 1
0
0
21
*
4
-0.694593 3.939231 0.000000
0.000000 4.000000 0.000000
0.000000 4.000000 5.000000
-0.694593 3.939231 5.000000
0
4
0 3
1 0
2 1
3 2
1
4 4 3 2 1
0
0
21
*
4
-1.368080 3.758770 0.000000
-0.694593 3.939231 0.000000
-0.694593 3.939231 5.000000
-1.368080 3.758770 5.000000
0
4
0 3
1 0
2 1
3 2
1
4 4 3 2 1
0
0
21
*
4
-2.000000 3.464102 0.000000
-1.368080 3.758770 0.000000
-1.368080 3.758770 5.000000
-2.000000 3.464102 5.000000
0
4
0 3
1 0
2 1
3 2
1
4 4 3 2 1
0
0
21
*
4
-2.571151 3.064178 0.000000
-2.000000 3.464102 0.000000
-2.000000 3.464102 5.000000
-2.571151 3.064178 5.000000
0
4
0 3
1 0
2 1
3 2
1
4 4 3 2 1
0
0
21
*
4
-3.064178 2.571151 0.000000
-2.571151 3.064178 0.000000
-2.571151 3.064178 5.000000
-3.064178 2.571151 5.000000
0
4
0 3
1 0
2 1
3 2
1
4 4 3 2 1
0
0
21
*
4
-3.464102 2.000000 0.000000
-3.064178 2.571151 0.000000
-3.064178 2.571151 5.000000
-3.464102 2.000000 5.000000
0
4
0 3
1 0
2 1
3 2
1
4 4 3 2 1
0
0
21
*
4
-3.758770 1.368081 0.000000
-3.464102 2.000000 0.000000
-3.464102 2.000000 5.000000
-3.758770 1.368081 5.000000
0
4
0 3
1 0
2 1
3 2
1
4 4 3 2 1
0
0
21
*
4
-3.939231 0.694593 0.000000
-3.758770 1.368081 0.000000
-3.758770 1.368081 5.000000
-3.939231 0.694593 5.000000
0
4
0 3
1 0
2 1
3 2
1
4 4 3 2 1
0
0
21
*
4
-4.000000 0.000000 0.000000
-3.939231 0.694593 0.000000
-3.939231 0.694593 5.000000
-4.000000 0.000000 5.000000
0
4
0 3
1 0
2 1
3 2
1
4 4 3 2 1
0
0
21
*
4
-3.939231 -0.694593 0.000000
-4.000000 0.000000 0.000000
-4.000000 0.000000 5.000000
-3.939231 -0.694593 5.000000
0
4
0 3
1 0
2 1
3 2
1
4 4 3 2 1
0
0
21
*
4
-3.758770 -1.368081 0.000000
-3.939231 -0.694593 0.000000
-3.939231 -0.694593 5.000000
-3.758770 -1.368081 5.000000
0
4
0 3
1 0
2 1
3 2
1
4 4 3 2 1
0
0
21
*
4
-3.464102 -2.000000 0.000000
-3.758770 -1.368081 0.000000
-3.758770 -1.368081 5.000000
-3.464102 -2.000000 5.000000
0
4
0 3
1 0
2 1
3 2
1
4 4 3 2 1
0
0
21
*
4
-3.064178 -2.571150 0.000000
-3.464102 -2.000000 0.000000
-3.464102 -2.000000 5.000000
-3.064178 -2.571150 5.000000
0
4
0 3
1 0
2 1
3 2
1
4 4 3 2 1
0
0
21
*
4
-2.571150 -3.064178 0.000000
-3.064178 -2.571150 0.000000
-3.064178 -2.571150 5.000000
-2.571150 -3.064178 5.000000
0
4
0 3
1 0
2 1
3 2
1
4 4 3 2 1
0
0
21
*
4
-2.000000 -3.464102 0.000000
-2.571150 -3.064178 0.000000
-2.571150 -3.064178 5.000000
-2.000000 -3.464102 5.000000
0
4
0 3
1 0
2 1
3 2
1
4 4 3 2 1
0
0
21
*
4
-1.368080 -3.758771 0.000000
-2.000000 -3.464102 0.000000
-2.000000 -3.464102 5.000000
-1.368080 -3.758771 5.000000
0
4
0 3
1 0
2 1
3 2
1
4 4 3 2 1
0
0
21
*
4
-0.694593 -3.939231 0.000000
-1.368080 -3.758771 0.000000
-1.368080 -3.758771 5.000000
-0.694593 -3.939231 5.000000
0
4
0 3
1 0
2 1
3 2
1
4 4 3 2 1
0
0
21
*
4
0.000000 -4.000000 0.000000
-0.694593 -3.939231 0.000000
-0.694593 -3.939231 5.000000
0.000000 -4.000000 5.000000
0
4
0 3
1 0
2 1
3 2
1
4 4 3 2 1
0
0
21
*
4
0.694593 -3.939231 0.000000
0.000000 -4.000000 0.000000
0.000000 -4.000000 5.000000
0.694593 -3.939231 5.000000
0
4
0 3
1 0
2 1
3 2
1
4 4 3 2 1
0
0
21
*
4
1.368080 -3.758770 0.000000
0.694593 -3.939231 0.000000
0.694593 -3.939231 5.000000
1.368080 -3.758770 5.000000
0
4
0 3
1 0
2 1
3 2
1
4 4 3 2 1
0
0
21
*
4
2.000000 -3.464102 0.000000
1.368080 -3.758770 0.000000
1.368080 -3.758770 5.000000
2.000000 -3.464102 5.000000
0
4
0 3
1 0
2 1
3 2
1
4 4 3 2 1
0
0
21
*
4
2.571150 -3.064178 0.000000
2.000000 -3.464102 0.000000
2.000000 -3.464102 5.000000
2.571150 -3.064178 5.000000
0
4
0 3
1 0
2 1
3 2
1
4 4 3 2 1
0
0
21
*
4
3.064177 -2.571151 0.000000
2.571150 -3.064178 0.000000
2.571150 -3.064178 5.000000
3.064177 -2.571151 5.000000
0
4
0 3
1 0
2 1
3 2
1
4 4 3 2 1
0
0
21
*
4
3.464101 -2.000001 0.000000
3.064177 -2.571151 0.000000
3.064177 -2.571151 5.000000
3.464101 -2.000001 5.000000
0
4
0 3
1 0
2 1
3 2
1
4 4 3 2 1
0
0
21
*
4
3.758770 -1.368081 0.000000
3.464101 -2.000001 0.000000
3.464101 -2.000001 5.000000
3.758770 -1.368081 5.000000
0
4
0 3
1 0
2 1
3 2
1
4 4 3 2 1
0
0
21
*
4
3.939231 -0.694592 0.000000
3.758770 -1.368081 0.000000
3.758770 -1.368081 5.000000
3.939231 -0.694592 5.000000
0
4
0 3
1 0
2 1
3 2
1
4 4 3 2 1
0
0
21
*
4
4.000000 0.000000 0.000000
3.939231 -0.694592 0.000000
3.939231 -0.694592 5.000000
4.000000 0.000000 5.000000
0
4
0 3
1 0
2 1
3 2
1
4 4 3 2 1
0
0
21
*
72
5.908846 1.041889 -35.000000
5.638156 2.052121 -35.000000
5.196152 3.000000 -35.000000
4.596267 3.856725 -35.000000
3.856726 4.596267 -35.000000
3.000000 5.196153 -35.000000
2.052121 5.638156 -35.000000
1.041889 5.908846 -35.000000
0.000000 6.000000 -35.000000
-1.041889 5.908846 -35.000000
-2.052121 5.638156 -35.000000
-3.000000 5.196152 -35.000000
-3.856726 4.596267 -35.000000
-4.596267 3.856726 -35.000000
-5.196152 3.000000 -35.000000
-5.638155 2.052121 -35.000000
-5.908846 1.041890 -35.000000
-6.000000 0.000000 -35.000000
-5.908846 -1.041889 -35.000000
-5.638155 -2.052121 -35.000000
-5.196153 -3.000000 -35.000000
-4.596267 -3.856725 -35.000000
-3.856725 -4.596267 -35.000000
-2.999999 -5.196153 -35.000000
-2.052120 -5.638156 -35.000000
-1.041889 -5.908846 -35.000000
0.000000 -6.000000 -35.000000
1.041889 -5.908846 -35.000000
2.052120 -5.638156 -35.000000
3.000000 -5.196153 -35.000000
3.856725 -4.596267 -35.000000
4.596266 -3.856726 -35.000000
5.196152 -3.000001 -35.000000
5.638155 -2.052122 -35.000000
5.908847 -1.041888 -35.000000
6.000000 0.000000 -35.000000
6.401251 -1.128712 -32.000000
6.108002 -2.223132 -32.000000
5.629165 -3.250001 -32.000000
4.979288 -4.178120 -32.000000
4.178119 -4.979290 -32.000000
3.250000 -5.629166 -32.000000
2.223130 -6.108002 -32.000000
1.128713 -6.401250 -32.000000
0.000000 -6.500000 -32.000000
-1.128713 -6.401250 -32.000000
-2.223130 -6.108002 -32.000000
-3.249999 -5.629166 -32.000000
-4.178119 -4.979290 -32.000000
-4.979289 -4.178119 -32.000000
-5.629165 -3.250000 -32.000000
-6.108002 -2.223131 -32.000000
-6.401250 -1.128713 -32.000000
-6.500000 0.000000 -32.000000
-6.401250 1.128714 -32.000000
-6.108002 2.223131 -32.000000
-5.629165 3.250000 -32.000000
-4.979289 4.178120 -32.000000
-4.178120 4.979289 -32.000000
-3.250000 5.629165 -32.000000
-2.223131 6.108002 -32.000000
-1.128713 6.401250 -32.000000
0.000000 6.500000 -32.000000
1.128713 6.401250 -32.000000
2.223131 6.108002 -32.000000
3.250000 5.629165 -32.000000
4.178120 4.979289 -32.000000
4.979289 4.178119 -32.000000
5.629165 3.250000 -32.000000
6.108002 2.223131 -32.000000
6.401250 1.128713 -32.000000
6.500000 0.000000 -32.000000
0
108
71 36
34 35
36 37
34 36
33 34
37 38
33 37
32 33
38 39
32 38
31 32
39 40
31 39
30 31
40 41
30 40
29 30
41 42
29 41
28 29
42 43
28 42
27 28
43 44
27 43
26 27
44 45
26 44
25 26
45 46
25 45
24 25
46 47
24 46
23 24
47 48
23 47
22 23
48 49
22 48
21 22
49 50
21 49
20 21
50 51
20 50
19 20
51 52
19 51
18 19
52 53
18 52
17 18
53 54
17 53
16 17
54 55
16 54
15 16
55 56
15 55
14 15
56 57
14 56
13 14
57 58
13 57
12 13
58 59
12 58
11 12
59 60
11 59
10 11
60 61
10 60
9 10
61 62
9 61
8 9
62 63
8 62
7 8
63 64
7 63
6 7
64 65
6 64
5 6
65 66
5 65
4 5
66 67
4 66
3 4
67 68
3 67
2 3
68 69
2 68
1 2
69 70
1 69
0 1
70 71
0 70
35 0
71 35
36
4 108 107 106 105
4 -106 104 103 102
4 -103 101 100 99
4 -100 98 97 96
4 -97 95 94 93
4 -94 92 91 90
4 -91 89 88 87
4 -88 86 85 84
4 -85 83 82 81
4 -82 80 79 78
4 -79 77 76 75
4 -76 74 73 72
4 -73 71 70 69
4 -70 68 67 66
4 -67 65 64 63
4 -64 62 61 60
4 -61 59 58 57
4 -58 56 55 54
4 -55 53 52 51
4 -52 50 49 48
4 -49 47 46 45
4 -46 44 43 42
4 -43 41 40 39
4 -40 38 37 36
4 -37 35 34 33
4 -34 32 31 30
4 -31 29 28 27
4 -28 26 25 24
4 -25 23 22 21
4 -22 20 19 18
4 -19 17 16 15
4 -16 14 13 12
4 -13 11 10 9
4 -10 8 7 6
4 -7 5 4 3
4 -4 2 -108 1
0
0
21
*
72
6.500000 0.000000 -32.000000
6.500000 0.000000 0.000000
6.401251 -1.128712 -32.000000
6.401251 -1.128712 0.000000
6.108002 -2.223132 -32.000000
6.108002 -2.223132 0.000000
5.629165 -3.250001 -32.000000
5.629165 -3.250001 0.000000
4.979288 -4.178120 -32.000000
4.979288 -4.178120 0.000000
4.178119 -4.979290 -32.000000
4.178119 -4.979290 0.000000
3.250000 -5.629166 -32.000000
3.250000 -5.629166 0.000000
2.223130 -6.108002 -32.000000
2.223130 -6.108002 0.000000
1.128713 -6.401250 -32.000000
1.128713 -6.401250 0.000000
0.000000 -6.500000 -32.000000
0.000000 -6.500000 0.000000
-1.128713 -6.401250 -32.000000
-1.128713 -6.401250 0.000000
-2.223130 -6.108002 -32.000000
-2.223130 -6.108002 0.000000
-3.249999 -5.629166 -32.000000
-3.249999 -5.629166 0.000000
-4.178119 -4.979290 -32.000000
-4.178119 -4.979290 0.000000
-4.979289 -4.178119 -32.000000
-4.979289 -4.178119 0.000000
-5.629165 -3.250000 -32.000000
-5.629165 -3.250000 0.000000
-6.108002 -2.223131 -32.000000
-6.108002 -2.223131 0.000000
-6.401250 -1.128713 -32.000000
-6.401250 -1.128713 0.000000
-6.500000 0.000000 -32.000000
-6.500000 0.000000 0.000000
-6.401250 1.128714 -32.000000
-6.401250 1.128714 0.000000
-6.108002 2.223131 -32.000000
-6.108002 2.223131 0.000000
-5.629165 3.250000 -32.000000
-5.629165 3.250000 0.000000
-4.979289 4.178120 -32.000000
-4.979289 4.178120 0.000000
-4.178120 4.979289 -32.000000
-4.178120 4.979289 0.000000
-3.250000 5.629165 -32.000000
-3.250000 5.629165 0.000000
-2.223131 6.108002 -32.000000
-2.223131 6.108002 0.000000
-1.128713 6.401250 -32.000000
-1.128713 6.401250 0.000000
0.000000 6.500000 -32.000000
0.000000 6.500000 0.000000
1.128713 6.401250 -32.000000
1.128713 6.401250 0.000000
2.223131 6.108002 -32.000000
2.223131 6.108002 0.000000
3.250000 5.629165 -32.000000
3.250000 5.629165 0.000000
4.178120 4.979289 -32.000000
4.178120 4.979289 0.000000
4.979289 4.178119 -32.000000
4.979289 4.178119 0.000000
5.629165 3.250000 -32.000000
5.629165 3.250000 0.000000
6.108002 2.223131 -32.000000
6.108002 2.223131 0.000000
6.401250 1.128713 -32.000000
6.401250 1.128713 0.000000
0
108
1 3
2 0
3 5
2 3
4 2
5 7
4 5
6 4
7 9
6 7
8 6
9 11
8 9
10 8
11 13
10 11
12 10
13 15
12 13
14 12
15 17
14 15
16 14
17 19
16 17
18 16
19 21
18 19
20 18
21 23
20 21
22 20
23 25
22 23
24 22
25 27
24 25
26 24
27 29
26 27
28 26
29 31
28 29
30 28
31 33
30 31
32 30
33 35
32 33
34 32
35 37
34 35
36 34
37 39
36 37
38 36
39 41
38 39
40 38
41 43
40 41
42 40
43 45
42 43
44 42
45 47
44 45
46 44
47 49
46 47
48 46
49 51
48 49
50 48
51 53
50 51
52 50
53 55
52 53
54 52
55 57
54 55
56 54
57 59
56 57
58 56
59 61
58 59
60 58
61 63
60 61
62 60
63 65
62 63
64 62
65 67
64 65
66 64
67 69
66 67
68 66
69 71
68 69
70 68
1 0
71 1
70 71
0 70
38
4 108 107 106 105
4 104 103 102 -107
4 101 100 99 -103
4 98 97 96 -100
4 95 94 93 -97
4 92 91 90 -94
4 89 88 87 -91
4 86 85 84 -88
4 83 82 81 -85
4 80 79 78 -82
4 77 76 75 -79
4 74 73 72 -76
4 71 70 69 -73
4 68 67 66 -70
4 65 64 63 -67
4 62 61 60 -64
4 59 58 57 -61
4 56 55 54 -58
4 53 52 51 -55
4 50 49 48 -52
4 47 46 45 -49
4 44 43 42 -46
4 41 40 39 -43
4 38 37 36 -40
4 35 34 33 -37
4 32 31 30 -34
4 29 28 27 -31
4 26 25 24 -28
4 23 22 21 -25
4 20 19 18 -22
4 17 16 15 -19
4 14 13 12 -16
4 11 10 9 -13
4 8 7 6 -10
4 5 4 3 -7
4 2 -105 1 -4
36 108 104 101 98 95 92 89 86 83 80 77 74 71 68 65 62
   59 56 53 50 47 44 41 38 35 32 29 26 23 20 17 14
   11 8 5 2
36 -106 -102 -99 -96 -93 -90 -87 -84 -81 -78 -75 -72 -69 -66 -63 -60
   -57 -54 -51 -48 -45 -42 -39 -36 -33 -30 -27 -24 -21 -18 -15 -12
   -9 -6 -3 -1
0
0
21
*
36
5.908846 1.041889 -35.000000
5.638156 2.052121 -35.000000
5.196152 3.000000 -35.000000
4.596267 3.856725 -35.000000
3.856726 4.596267 -35.000000
3.000000 5.196153 -35.000000
2.052121 5.638156 -35.000000
1.041889 5.908846 -35.000000
0.000000 6.000000 -35.000000
-1.041889 5.908846 -35.000000
-2.052121 5.638156 -35.000000
-3.000000 5.196152 -35.000000
-3.856726 4.596267 -35.000000
-4.596267 3.856726 -35.000000
-5.196152 3.000000 -35.000000
-5.638155 2.052121 -35.000000
-5.908846 1.041890 -35.000000
-6.000000 0.000000 -35.000000
-5.908846 -1.041889 -35.000000
-5.638155 -2.052121 -35.000000
-5.196153 -3.000000 -35.000000
-4.596267 -3.856725 -35.000000
-3.856725 -4.596267 -35.000000
-2.999999 -5.196153 -35.000000
-2.052120 -5.638156 -35.000000
-1.041889 -5.908846 -35.000000
0.000000 -6.000000 -35.000000
1.041889 -5.908846 -35.000000
2.052120 -5.638156 -35.000000
3.000000 -5.196153 -35.000000
3.856725 -4.596267 -35.000000
4.596266 -3.856726 -35.000000
5.196152 -3.000001 -35.000000
5.638155 -2.052122 -35.000000
5.908847 -1.041888 -35.000000
6.000000 0.000000 -35.000000
0
36
0 35
1 0
2 1
3 2
4 3
5 4
6 5
7 6
8 7
9 8
10 9
11 10
12 11
13 12
14 13
15 14
16 15
17 16
18 17
19 18
20 19
21 20
22 21
23 22
24 23
25 24
26 25
27 26
28 27
29 28
30 29
31 30
32 31
33 32
34 33
35 34
2
36 36 35 34 33 32 31 30 29 28 27 26 25 24 23 22 21
   20 19 18 17 16 15 14 13 12 11 10 9 8 7 6 5
   4 3 2 1
36 36 35 34 33 32 31 30 29 28 27 26 25 24 23 22 21
   20 19 18 17 16 15 14 13 12 11 10 9 8 7 6 5
   4 3 2 1
0
0
