14 DENEB_PART_FILE
1
-1
0
0
0
2
10
*
24
-0.000008 -45.000000 -5.000002
-0.000008 -45.000000 -0.000003
-25.000015 -38.301270 -5.000002
-25.000015 -38.301266 -0.000003
-43.301281 -20.000000 -5.000002
-43.301281 -19.999996 -0.000003
-50.000008 5.000000 -5.000002
-50.000008 5.000000 -0.000003
-43.301281 30.000000 -5.000002
-43.301281 29.999994 -0.000003
-25.000008 48.301270 -5.000002
-25.000008 48.301270 -0.000003
-0.000008 55.000000 -5.000002
-0.000008 55.000000 -0.000003
24.999994 48.301270 -5.000002
24.999994 48.301270 -0.000003
43.301262 30.000000 -5.000002
43.301262 30.000002 -0.000003
49.999992 5.000000 -5.000002
49.999992 5.000000 -0.000003
43.301262 -20.000000 -5.000002
43.301262 -19.999998 -0.000003
24.999992 -38.301270 -5.000002
24.999992 -38.301270 -0.000003
0
36
1 3
2 0
3 5
2 3
4 2
5 7
4 5
6 4
7 9
6 7
8 6
9 11
8 9
10 8
11 13
10 11
12 10
13 15
12 13
14 12
15 17
14 15
16 14
17 19
16 17
18 16
19 21
18 19
20 18
21 23
20 21
22 20
1 0
23 1
22 23
0 22
14
4 36 35 34 33
4 32 31 30 -35
4 29 28 27 -31
4 26 25 24 -28
4 23 22 21 -25
4 20 19 18 -22
4 17 16 15 -19
4 14 13 12 -16
4 11 10 9 -13
4 8 7 6 -10
4 5 4 3 -7
4 2 -33 1 -4
12 -2 -5 -8 -11 -14 -17 -20 -23 -26 -29 -32 -36
12 -34 -30 -27 -24 -21 -18 -15 -12 -9 -6 -3 -1
0
0
0
21
*
120
-10.000011 -88.750008 -25.000002
9.999989 -88.750008 -25.000002
9.999989 -88.750008 -5.000002
-10.000011 -88.750008 -5.000002
-10.000011 -244.438416 -5.000002
-10.000011 -244.438416 -25.000002
-27.991220 -243.428009 -5.000002
-55.630272 -238.732010 -5.000002
-82.569870 -230.970810 -5.000002
-108.471008 -220.242218 -5.000002
-133.008011 -206.681015 -5.000002
-155.872513 -190.457809 -5.000002
-176.776718 -171.776718 -5.000002
-195.457916 -150.872421 -5.000002
-211.681122 -128.008011 -5.000002
-225.242310 -103.470810 -5.000002
-235.970917 -77.569740 -5.000002
-243.732010 -50.630257 -5.000002
-248.428116 -22.991068 -5.000002
-250.000015 4.999992 -5.000002
-248.428009 32.991203 -5.000002
-243.732010 60.630241 -5.000002
-235.970810 87.569786 -5.000002
-225.242218 113.470993 -5.000002
-211.681015 138.008087 -5.000002
-195.457809 160.872482 -5.000002
-176.776718 181.776688 -5.000002
-155.872421 200.457886 -5.000002
-133.008011 216.681091 -5.000002
-108.470909 230.242188 -5.000002
-82.569740 240.970779 -5.000002
-55.630192 248.731979 -5.000002
-27.991070 253.428085 -5.000002
-0.000011 254.999985 -5.000002
27.991121 253.427979 -5.000002
55.630249 248.731979 -5.000002
82.569794 240.970779 -5.000002
108.470993 230.242188 -5.000002
133.008087 216.680984 -5.000002
155.872482 200.457886 -5.000002
176.776688 181.776688 -5.000002
195.457886 160.872391 -5.000002
211.681091 138.007980 -5.000002
225.242188 113.470894 -5.000002
235.970779 87.569756 -5.000002
243.731979 60.630211 -5.000002
248.428085 32.991081 -5.000002
249.999985 4.999992 -5.000002
248.428085 -22.991127 -5.000002
243.731979 -50.630257 -5.000002
235.970779 -77.569771 -5.000002
225.242188 -103.470909 -5.000002
211.680984 -128.008011 -5.000002
195.457886 -150.872421 -5.000002
176.776688 -171.776718 -5.000002
155.872391 -190.457916 -5.000002
133.007980 -206.681015 -5.000002
108.470894 -220.242218 -5.000002
82.569756 -230.970810 -5.000002
55.630219 -238.732010 -5.000002
-0.000011 -245.000015 -25.000002
9.999989 -244.438416 -5.000002
9.999989 -244.438416 -25.000002
27.991110 -243.428009 -5.000002
-0.000011 -245.000015 -105.000000
55.630219 -238.732010 -105.000000
108.470894 -220.242218 -105.000000
-27.991070 253.428085 -105.000000
-82.569870 -230.970810 -105.000000
27.991121 253.427979 -105.000000
-0.000011 254.999985 -105.000000
27.991110 -243.428009 -105.000000
-82.569740 240.970779 -105.000000
-108.470909 230.242188 -105.000000
-108.471008 -220.242218 -105.000000
211.680984 -128.008011 -105.000000
-195.457916 -150.872421 -105.000000
-195.457809 160.872482 -105.000000
-176.776718 181.776688 -105.000000
-176.776718 -171.776718 -105.000000
-211.681122 -128.008011 -105.000000
249.999985 4.999992 -105.000000
-250.000015 4.999992 -105.000000
248.428085 -22.991127 -105.000000
248.428085 32.991081 -105.000000
243.731979 -50.630257 -105.000000
243.731979 60.630211 -105.000000
-248.428009 32.991203 -105.000000
-248.428116 -22.991068 -105.000000
235.970779 87.569756 -105.000000
-243.732010 60.630241 -105.000000
-243.732010 -50.630257 -105.000000
211.681091 138.007980 -105.000000
195.457886 -150.872421 -105.000000
195.457886 160.872391 -105.000000
-55.630192 248.731979 -105.000000
-55.630272 -238.732010 -105.000000
-27.991220 -243.428009 -105.000000
155.872391 -190.457916 -105.000000
176.776688 181.776688 -105.000000
176.776688 -171.776718 -105.000000
235.970779 -77.569771 -105.000000
225.242188 113.470894 -105.000000
225.242188 -103.470909 -105.000000
55.630249 248.731979 -105.000000
-155.872513 -190.457809 -105.000000
82.569794 240.970779 -105.000000
82.569756 -230.970810 -105.000000
-235.970917 -77.569740 -105.000000
155.872482 200.457886 -105.000000
-211.681015 138.008087 -105.000000
133.008087 216.680984 -105.000000
108.470993 230.242188 -105.000000
133.007980 -206.681015 -105.000000
-225.242218 113.470993 -105.000000
-235.970810 87.569786 -105.000000
-225.242310 -103.470810 -105.000000
-133.008011 216.681091 -105.000000
-155.872421 200.457886 -105.000000
-133.008011 -206.681015 -105.000000
0
354
119 118
118 117
117 119
116 115
115 114
114 116
113 112
112 111
111 113
114 110
110 116
111 109
109 113
116 108
108 115
107 106
106 112
112 107
119 105
105 118
107 104
104 106
103 102
102 101
101 103
100 109
109 99
99 100
109 98
98 113
97 96
96 95
95 97
99 94
94 100
93 94
94 92
92 93
91 90
90 115
115 91
102 89
89 101
88 87
87 90
90 88
103 92
92 102
91 88
89 86
86 101
85 86
86 84
84 85
84 83
83 85
88 82
82 87
84 81
81 83
108 91
80 116
110 80
79 78
78 118
118 79
110 77
77 80
85 101
76 80
77 76
75 92
103 75
79 77
77 78
75 93
93 100
79 76
105 79
74 119
119 73
73 74
117 73
73 72
72 74
100 98
71 70
70 69
69 71
96 68
68 72
72 96
97 67
67 70
70 97
68 74
69 104
104 71
66 112
113 66
66 107
72 95
104 65
65 71
107 65
64 97
70 64
95 67
71 64
71 63
63 62
62 71
63 61
61 62
62 64
62 60
60 64
65 59
59 71
59 63
107 58
58 65
58 59
66 57
57 107
57 58
113 56
56 66
56 57
98 55
55 113
55 56
100 54
54 98
54 55
93 53
53 100
53 54
75 52
52 93
52 53
103 51
51 75
51 52
101 50
50 103
50 51
85 49
49 101
49 50
83 48
48 85
48 49
81 47
47 83
47 48
84 47
84 46
46 47
86 46
86 45
45 46
45 89
89 44
44 45
44 102
102 43
43 44
43 92
92 42
42 43
94 42
94 41
41 42
99 41
99 40
40 41
40 109
109 39
39 40
39 111
111 38
38 39
38 112
112 37
37 38
37 106
106 36
36 37
36 104
104 35
35 36
35 69
69 34
34 35
34 70
70 33
33 34
32 33
70 32
67 32
31 32
67 31
95 31
30 31
95 30
72 30
29 30
72 29
73 29
28 29
73 28
117 28
27 28
117 27
118 27
26 27
118 26
78 26
25 26
78 25
77 25
24 25
77 24
110 24
23 24
110 23
114 23
22 23
114 22
115 22
21 22
115 21
90 21
20 21
90 20
87 20
19 20
87 19
82 19
88 18
18 19
19 88
91 17
17 18
18 91
108 17
108 16
16 17
116 16
116 15
15 16
80 15
80 14
14 15
76 13
13 14
14 76
79 12
12 13
13 79
105 12
105 11
11 12
119 11
119 10
10 11
74 10
74 9
9 10
68 9
68 8
8 9
96 8
96 7
7 8
97 7
97 6
6 7
5 4
4 6
6 5
97 5
64 5
60 5
3 18
17 3
3 19
2 46
45 2
3 22
21 3
3 27
26 3
3 20
2 49
48 2
3 2
2 33
33 3
25 3
2 50
3 28
24 3
44 2
3 29
2 35
34 2
2 47
43 2
3 30
2 37
36 2
3 31
2 40
39 2
2 38
32 3
42 2
23 3
41 2
16 3
15 3
52 2
2 53
51 2
14 3
2 54
13 3
55 2
2 56
12 3
10 3
3 11
8 3
3 9
7 3
2 57
6 3
2 58
2 59
4 3
2 63
2 61
2 1
1 61
1 62
0 2
3 0
0 1
60 0
0 5
60 1
3 5
236
3 -280 -354 -342
3 -352 -349 354
3 -116 -347 -353
3 353 -350 -351
3 351 352 -285
3 -345 -348 350
3 348 -298 349
3 -346 347 -114
3 -344 345 346
3 -113 -343 344
3 -120 -341 343
3 342 -339 -281
3 -123 -340 341
3 -126 -338 340
3 339 -337 -279
3 -129 -331 338
3 337 -335 -276
3 -336 -333 -270
3 335 336 -273
3 -334 -332 -264
3 333 334 -267
3 332 -329 -260
3 -135 -328 -330
3 -132 330 331
3 329 -327 -257
3 -138 -325 328
3 327 -323 -255
3 -147 -302 -326
3 -144 326 -324
3 -141 324 325
3 323 -322 -252
3 -308 -198 -299
3 -287 -249 322
3 -320 -229 -291
3 -321 -177 -315
3 -319 -174 321
3 -304 -226 320
3 -318 -202 -314
3 -310 -171 319
3 -316 -183 -317
3 -300 -199 318
3 317 -186 -312
3 315 -180 316
3 -313 -192 -307
3 314 -205 -311
3 312 -189 313
3 -297 -156 -309
3 311 -208 -306
3 -305 -168 310
3 309 -159 -289
3 307 -195 308
3 306 -211 -303
3 -290 -165 305
3 -301 -223 304
3 -292 -235 -295
3 303 -214 -293
3 302 -150 -296
3 -294 -220 301
3 298 299 300
3 296 -153 297
3 295 -238 -288
3 293 -217 294
3 291 -232 292
3 289 -162 290
3 288 -242 -286
3 286 -245 287
3 -117 285 -284
3 284 -283 -106
3 283 -282 -278
3 280 281 282
3 278 279 -277
3 277 -275 -31
3 275 276 -274
3 274 -272 -90
3 272 273 -271
3 271 -269 -96
3 269 270 -268
3 268 -266 -80
3 266 267 -265
3 265 -263 -19
3 263 264 -262
3 262 -259 -79
3 -261 -256 -78
3 259 260 261
3 -258 -254 -70
3 256 257 258
3 254 255 -253
3 253 -251 -62
3 251 252 -250
3 250 -248 -14
3 248 249 -247
3 247 -244 -61
3 -246 -241 -49
3 244 245 246
3 -243 -240 -57
3 241 242 243
3 -239 -58 240
3 238 -237 239
3 -236 -45 237
3 235 -234 236
3 -233 -40 234
3 232 -231 233
3 -230 -5 231
3 229 -228 230
3 -227 -10 228
3 226 -225 227
3 -224 -67 225
3 223 -222 224
3 -221 -75 222
3 220 -219 221
3 -218 -65 219
3 217 -216 218
3 -215 -2 216
3 214 -213 215
3 -212 -83 213
3 211 -210 212
3 -209 -84 210
3 208 -207 209
3 -206 -102 207
3 205 -204 206
3 -203 -108 204
3 202 -201 203
3 -200 -94 201
3 199 -197 200
3 -194 -88 -196
3 196 197 198
3 -191 -97 -193
3 193 194 195
3 -188 -22 -190
3 190 191 192
3 -185 -17 -187
3 187 188 189
3 -182 -8 -184
3 184 185 186
3 -179 -12 -181
3 181 182 183
3 -176 -27 -178
3 178 179 180
3 -175 176 177
3 -173 -34 175
3 -172 173 174
3 -170 -37 172
3 -167 -48 -169
3 169 170 171
3 -164 -42 -166
3 166 167 168
3 -161 -50 -163
3 163 164 165
3 -160 161 162
3 -158 -53 160
3 -157 158 159
3 -154 -59 157
3 -155 156 -151
3 -60 154 155
3 -152 153 -148
3 -56 151 152
3 -149 150 -145
3 -69 148 149
3 -146 147 -142
3 -25 145 146
3 -143 144 -139
3 -73 142 143
3 -140 141 -136
3 -76 139 140
3 -137 138 -133
3 -77 136 137
3 -134 135 -130
3 -86 133 134
3 -131 132 -127
3 -30 130 131
3 -128 129 -124
3 -100 127 128
3 -125 126 -121
3 -101 124 125
3 -122 123 -118
3 -105 121 122
3 -119 120 -110
3 -104 118 119
3 -115 116 117
3 -109 -112 115
3 -111 113 114
3 110 111 112
3 -107 -87 109
3 -33 108 -93
3 106 -95 107
3 -103 -21 105
3 -98 103 104
3 -92 102 -32
3 -18 -99 101
3 99 -7 100
3 -89 97 98
3 96 -85 -91
3 93 94 95
3 90 91 92
3 87 88 89
3 -29 -26 86
3 -82 84 85
3 -3 83 -81
3 80 81 82
3 79 -66 -20
3 78 -71 -74
3 -35 -36 77
3 -38 -72 76
3 74 75 -64
3 72 -47 73
3 70 -68 71
3 -51 -52 69
3 -63 67 68
3 64 65 66
3 62 -11 63
3 61 -41 -15
3 -55 59 60
3 57 58 -44
3 -54 55 56
3 52 53 54
3 -43 50 51
3 49 -46 -39
3 47 48 -23
3 44 45 46
3 -24 42 43
3 39 40 41
3 36 37 38
3 -28 34 35
3 31 32 33
3 -13 29 30
3 26 27 28
3 23 24 25
3 21 22 -16
3 19 20 -1
3 16 17 18
3 14 15 -4
3 -9 12 13
3 -6 10 11
3 7 8 9
3 4 5 6
3 1 2 3
0
0
0
0
0
3
1
1
2
0
