14 DENEB_PART_FILE
1
-1
1
1.000000 0.000000 0.000000
0.000000 1.000000 0.000000
0.000000 0.000000 1.000000
-0.000008 0.000000 0.000000
0
0
0
1
4
*
28
400.000000 675.000000 -205.000000
400.000000 875.000000 795.000000
400.000000 875.000000 -605.000000
400.000000 675.000000 -605.000000
400.000000 475.000000 795.000000
400.000000 475.000000 -205.000000
900.000000 875.000000 795.000000
900.000000 875.000000 -605.000000
900.000000 475.000000 795.000000
900.000000 475.000000 -205.000000
-300.000000 74.999992 -605.000000
-300.000000 675.000000 -605.000000
900.000000 74.999992 -605.000000
900.000000 74.999992 -205.000000
-300.000000 74.999992 -405.000000
-300.000000 1075.000000 -205.000000
-300.000000 675.000000 -405.000000
-300.000000 1075.000000 -405.000000
-300.000000 -325.000000 -205.000000
-300.000000 -325.000000 -405.000000
300.000000 675.000000 -405.000000
300.000000 675.000000 -205.000000
300.000000 74.999992 -405.000000
300.000000 74.999992 -205.000000
300.000000 -325.000000 -205.000000
300.000000 1075.000000 -205.000000
300.000000 1075.000000 -405.000000
300.000000 -325.000000 -405.000000
0
78
20 17
27 14
19 27
19 24
26 17
15 26
24 27
27 22
24 22
20 26
26 25
21 26
5 13
23 5
21 5
15 23
23 21
15 21
25 15
21 25
23 18
24 23
18 24
22 12
22 14
10 22
23 22
13 23
22 13
20 21
21 0
16 20
11 20
20 0
3 20
14 19
19 18
10 14
11 14
16 11
14 18
18 15
17 16
15 17
16 14
15 16
14 15
13 12
9 13
9 12
6 9
9 7
12 10
7 12
12 3
7 3
3 10
11 3
10 11
5 9
9 8
5 8
4 8
1 8
8 6
1 6
2 6
7 2
6 7
0 5
5 4
0 4
4 1
2 3
3 0
2 0
1 2
0 1
52
3 78 77 76
3 75 -76 74
3 73 -78 72
3 71 -72 70
3 69 68 67
3 66 -67 -77
3 65 -66 64
3 63 -64 -73
3 62 -63 -71
3 61 -62 60
3 59 58 57
3 -74 -68 56
3 55 -56 54
3 53 -57 -55
3 52 -69 51
3 -51 -65 -61
3 -54 -52 50
3 -50 49 48
3 47 46 45
3 -46 44 43
3 42 -47 41
3 -45 40 39
3 38 -39 -59
3 37 -41 36
3 -75 35 34
3 -35 -58 33
3 -33 -40 32
3 31 -34 30
3 29 28 27
3 26 25 -38
3 -48 -29 24
3 -53 -24 -26
3 23 22 21
3 20 19 18
3 17 -18 16
3 -70 -31 15
3 14 -15 -17
3 -49 -60 13
3 -28 -13 -14
3 -21 -16 -42
3 12 11 -20
3 10 -12 -30
3 9 -27 -22
3 8 -9 7
3 6 5 -44
3 -11 -6 -19
3 4 -23 -37
3 -7 -4 3
3 2 -25 -8
3 -36 -2 -3
3 1 -5 -10
3 -43 -1 -32
0
0
0
0
0
3
1
1
2
0
