14 DENEB_PART_FILE
1
-1
2
-0.000000 0.000000 -1.000000
-0.000000 -1.000000 0.000000
-1.000000 0.000000 0.000000
162.133575 323.194000 376.066193
0
1.000000 0.000000 0.000000
0.000000 1.000000 0.000000
0.000000 0.000000 1.000000
0.000000 0.000000 0.000000
0
0
0
2
10
*
24
162.133575 301.543365 388.566193
167.133575 301.543365 388.566193
162.133575 310.694000 397.716827
167.133575 310.694000 397.716827
162.133575 323.194000 401.066193
167.133575 323.194000 401.066193
162.133575 335.694000 397.716827
167.133575 335.694000 397.716827
162.133575 344.844635 388.566193
167.133575 344.844635 388.566193
162.133575 348.194000 376.066193
167.133575 348.194000 376.066193
162.133575 344.844635 363.566193
167.133575 344.844635 363.566193
162.133575 335.694000 354.415558
167.133575 335.694000 354.415558
162.133575 323.194000 351.066193
167.133575 323.194000 351.066193
162.133575 310.694000 354.415558
167.133575 310.694000 354.415558
162.133575 301.543365 363.566193
167.133575 301.543365 363.566193
162.133575 298.194000 376.066193
167.133575 298.194000 376.066193
0
36
23 1
1 0
0 22
22 23
1 3
3 2
2 0
3 5
5 4
4 2
5 7
7 6
6 4
7 9
9 8
8 6
9 11
11 10
10 8
11 13
13 12
12 10
13 15
15 14
14 12
15 17
17 16
16 14
17 19
19 18
18 16
19 21
21 20
20 18
21 23
22 20
14
4 35 -4 36 -33
4 32 33 34 -30
4 29 30 31 -27
4 26 27 28 -24
4 23 24 25 -21
4 20 21 22 -18
4 17 18 19 -15
4 14 15 16 -12
4 11 12 13 -9
4 8 9 10 -6
4 5 6 7 -2
4 1 2 3 4
12 -3 -7 -10 -13 -16 -19 -22 -25 -28 -31 -34 -36
12 -35 -32 -29 -26 -23 -20 -17 -14 -11 -8 -5 -1
0
0
0
9
*
56
669.123352 335.587494 442.203735
669.123352 349.326111 437.396423
669.123352 361.650482 429.652435
669.123352 371.942688 419.360229
669.123352 379.686584 407.035828
669.123352 384.493896 393.297333
669.123352 386.123596 378.833435
669.123352 384.493896 364.369537
669.123352 379.686584 350.630920
669.123352 371.942596 338.306549
669.123352 361.650391 328.014435
669.123352 349.325989 320.270447
669.123352 335.587402 315.463135
669.123352 321.123596 313.833435
669.123352 306.659698 315.463135
669.123352 292.921082 320.270447
669.123352 280.596802 328.014435
669.123352 270.304504 338.306641
669.123352 262.560608 350.631042
669.123352 257.753296 364.369537
669.123352 256.123596 378.833435
669.123352 257.753296 393.297333
669.123352 262.560608 407.035950
669.123352 270.304596 419.360229
669.123352 280.596802 429.652527
669.123352 292.921082 437.396423
669.123352 321.123596 443.833435
669.123352 306.659698 442.203735
169.123383 379.686584 350.630890
169.123383 257.753296 393.297302
169.123383 386.123596 378.833405
169.123383 384.493896 393.297302
169.123383 262.560608 407.035919
169.123383 262.560608 350.631012
169.123383 371.942596 338.306519
169.123383 270.304504 338.306610
169.123383 349.325989 320.270416
169.123383 321.123596 443.833405
169.123383 379.686584 407.035797
169.123383 371.942688 419.360199
169.123383 292.921082 320.270416
169.123383 361.650391 328.014404
169.123383 280.596802 328.014404
169.123383 335.587494 442.203705
169.123383 306.659698 442.203705
169.123383 321.123596 313.833405
169.123383 335.587402 315.463104
169.123383 306.659698 315.463104
169.123383 292.921082 437.396393
169.123383 257.753296 364.369507
169.123383 384.493896 364.369507
169.123383 256.123596 378.833405
169.123383 349.326111 437.396393
169.123383 361.650482 429.652405
169.123383 280.596802 429.652496
169.123383 270.304596 419.360199
0
162
55 54
54 53
53 55
54 52
52 53
51 50
50 49
49 51
54 48
48 52
47 46
46 45
45 47
44 43
43 52
52 44
42 41
41 40
40 42
55 39
39 38
38 55
44 37
37 43
41 36
36 40
35 34
34 41
41 35
36 46
46 40
47 40
48 44
50 33
33 49
32 55
38 32
42 35
53 39
33 34
35 33
51 31
31 30
30 51
29 38
38 31
31 29
33 28
28 34
50 28
51 29
29 32
30 50
27 26
26 37
37 27
44 27
25 27
44 25
48 25
24 25
48 24
54 24
23 24
54 23
55 23
22 23
55 22
32 22
21 22
32 21
29 21
20 21
29 20
51 20
19 20
51 19
49 19
18 19
49 18
33 18
17 18
33 17
35 17
16 17
35 16
42 16
15 16
42 15
40 15
14 15
40 14
47 14
13 14
47 13
45 13
12 13
45 12
46 12
11 12
46 11
36 11
10 11
36 10
41 10
9 10
41 9
34 9
8 9
34 8
28 8
7 8
28 7
50 7
6 7
50 6
30 6
5 6
30 5
31 5
4 5
31 4
38 4
3 4
38 3
39 3
2 3
39 2
53 2
1 2
53 1
52 1
0 1
52 0
43 0
26 0
43 26
15 11
10 15
16 10
10 17
12 14
15 12
27 0
27 1
25 1
9 17
23 3
2 23
18 9
8 18
7 18
24 2
1 24
20 5
5 21
23 4
7 19
22 4
20 7
6 20
21 4
108
3 -76 -158 -160
3 -156 -121 -162
3 -161 -118 -155
3 162 -159 -70
3 160 -115 161
3 159 -157 -67
3 -79 -152 158
3 157 -124 -148
3 155 156 -73
3 -88 -139 -140
3 -154 -146 -61
3 -149 -153 -64
3 -82 -147 -150
3 153 -130 154
3 -151 -112 152
3 150 -109 151
3 148 -127 149
3 -141 -106 147
3 146 -145 -58
3 -91 -142 -143
3 145 -133 -144
3 144 -136 -54
3 143 -100 -138
3 -94 -97 142
3 -85 140 141
3 138 -103 139
3 -55 -137 -24
3 136 -135 137
3 135 -134 -15
3 133 -132 134
3 132 -131 -5
3 130 -129 131
3 129 -128 -39
3 127 -126 128
3 126 -125 -21
3 124 -123 125
3 123 -122 -46
3 121 -120 122
3 120 -119 -43
3 118 -117 119
3 117 -116 -53
3 115 -114 116
3 114 -113 -50
3 112 -111 113
3 111 -110 -49
3 109 -108 110
3 108 -107 -28
3 106 -105 107
3 105 -104 -25
3 103 -102 104
3 102 -101 -30
3 100 -99 101
3 99 -98 -12
3 97 -96 98
3 96 -95 -13
3 94 -93 95
3 93 -92 -32
3 91 -90 92
3 90 -89 -19
3 88 -87 89
3 87 -86 -38
3 85 -84 86
3 84 -83 -41
3 82 -81 83
3 81 -80 -35
3 79 -78 80
3 78 -77 -8
3 76 -75 77
3 75 -74 -51
3 73 -72 74
3 72 -71 -52
3 70 -69 71
3 69 -68 -36
3 67 -66 68
3 66 -65 -1
3 64 -63 65
3 63 -62 -9
3 61 -60 62
3 60 -59 -33
3 58 -57 59
3 57 -56 -23
3 54 55 56
3 -44 53 -6
3 52 -37 -45
3 51 -47 -42
3 -34 50 -48
3 48 49 -40
3 45 46 47
3 42 43 44
3 40 -27 41
3 -3 39 -20
3 -29 -17 38
3 36 -22 37
3 -7 34 35
3 33 -16 -10
3 -31 -11 32
3 -26 30 31
3 27 28 29
3 -18 25 26
3 23 24 -14
3 20 21 22
3 17 18 19
3 14 15 16
3 11 12 13
3 9 10 -4
3 6 7 8
3 4 5 -2
3 1 2 3
0
0
0
0
0
3
1
1
2
0
