14 DENEB_PART_FILE
1
-1
1
1.000000 0.000000 0.000000
0.000000 1.000000 0.000000
0.000000 0.000000 1.000000
0.000000 0.000000 0.000000
0
0
0
1
22
*
8
210.817856 225.393356 282.436768
210.817856 425.393372 482.436768
210.817856 425.393372 282.436768
210.817856 225.393356 482.436768
1110.817871 425.393372 482.436798
1110.817871 425.393372 282.436798
1110.817871 225.393356 282.436798
1110.817871 225.393356 482.436798
0
18
4 6
1 7
7 4
7 3
6 7
6 3
5 6
6 0
5 0
1 4
2 4
5 2
4 5
0 3
3 1
2 0
1 2
0 1
12
3 -5 -1 -3
3 -7 -13 1
3 -4 -2 -15
3 3 -10 2
3 5 4 -6
3 -8 6 -14
3 8 -9 7
3 -16 -12 9
3 10 -11 -17
3 13 12 11
3 15 -18 14
3 18 17 16
0
0
0
0
0
3
1
1
2
0
