12
0
0
0
48
15
*
3
5047.581543 546.894531 4552.337891
5049.879883 546.094055 4552.095215
5049.875488 546.046082 4552.337891
0
3
0 2
2 1
1 0
1
3 1 2 3
0
0
6
*
23
5052.404297 545.931030 4547.707520
5050.633301 546.294678 4548.066895
5052.277344 545.310913 4550.069824
5051.391602 545.492798 4550.249512
5051.929199 543.616760 4551.799316
5051.691895 543.665588 4551.847656
5051.454102 541.302551 4552.432129
5050.979004 538.988342 4551.799316
5050.741211 539.037109 4551.847656
5050.631348 537.294189 4550.069824
5049.745605 537.476013 4550.249512
5050.503906 536.674072 4547.707520
5048.732422 537.037781 4548.066895
5050.631348 537.294189 4545.344727
5047.974121 537.839661 4545.884277
5050.979004 538.988342 4543.615234
5047.673828 539.666931 4544.286621
5051.454102 541.302551 4542.982422
5047.911621 542.029846 4543.701660
5051.929199 543.616760 4543.615234
5048.624023 544.295349 4544.286621
5052.277344 545.310913 4545.344727
5049.620117 545.856384 4545.884277
0
35
2 0
0 1
1 3
3 2
4 2
3 5
5 4
6 4
5 6
7 6
6 8
8 7
9 7
8 10
10 9
11 9
10 12
12 11
13 11
12 14
14 13
15 13
14 16
16 15
17 15
16 18
18 17
19 17
18 20
20 19
21 19
20 22
22 21
0 21
22 1
12
4 1 2 3 4
4 5 -4 6 7
3 8 -7 9
3 10 11 12
4 13 -12 14 15
4 16 -15 17 18
4 19 -18 20 21
4 22 -21 23 24
4 25 -24 26 27
4 28 -27 29 30
4 31 -30 32 33
4 34 -33 35 -2
0
0
6
*
23
5050.633301 546.294678 4548.066895
5049.131348 546.602966 4549.091309
5051.391602 545.492798 4550.249512
5050.640625 545.646912 4550.761719
5051.691895 543.665588 4551.847656
5051.490723 543.706848 4551.984863
5051.454102 541.302551 4552.432129
5050.741211 539.037109 4551.847656
5050.540527 539.078369 4551.984863
5049.745605 537.476013 4550.249512
5048.994629 537.630188 4550.761719
5048.732422 537.037781 4548.066895
5047.230957 537.346069 4549.091309
5047.974121 537.839661 4545.884277
5045.722168 538.302063 4547.420898
5047.673828 539.666931 4544.286621
5044.871582 540.242187 4546.197754
5047.911621 542.029846 4543.701660
5044.908203 542.646423 4545.750000
5048.624023 544.295349 4544.286621
5045.821777 544.870667 4546.197754
5049.620117 545.856384 4545.884277
5047.367676 546.318848 4547.420898
0
35
2 0
0 1
1 3
3 2
4 2
3 5
5 4
6 4
5 6
7 6
6 8
8 7
9 7
8 10
10 9
11 9
10 12
12 11
13 11
12 14
14 13
15 13
14 16
16 15
17 15
16 18
18 17
19 17
18 20
20 19
21 19
20 22
22 21
0 21
22 1
12
4 1 2 3 4
4 5 -4 6 7
3 8 -7 9
3 10 11 12
4 13 -12 14 15
4 16 -15 17 18
4 19 -18 20 21
4 22 -21 23 24
4 25 -24 26 27
4 28 -27 29 30
4 31 -30 32 33
4 34 -33 35 -2
0
0
6
*
23
5049.131348 546.602966 4549.091309
5048.128418 546.808960 4550.624023
5050.640625 545.646912 4550.761719
5050.139160 545.749939 4551.528320
5051.490723 543.706848 4551.984863
5051.356445 543.734436 4552.189941
5051.454102 541.302551 4552.432129
5050.540527 539.078369 4551.984863
5050.406250 539.105957 4552.189941
5048.994629 537.630188 4550.761719
5048.493164 537.733154 4551.528320
5047.230957 537.346069 4549.091309
5046.227539 537.552002 4550.624023
5045.722168 538.302063 4547.420898
5044.216797 538.611084 4549.720215
5044.871582 540.242187 4546.197754
5042.999512 540.626587 4549.058105
5044.908203 542.646423 4545.750000
5042.901855 543.058411 4548.815918
5045.821777 544.870667 4546.197754
5043.949707 545.255005 4549.058105
5047.367676 546.318848 4547.420898
5045.862793 546.627808 4549.720215
0
35
2 0
0 1
1 3
3 2
4 2
3 5
5 4
6 4
5 6
7 6
6 8
8 7
9 7
8 10
10 9
11 9
10 12
12 11
13 11
12 14
14 13
15 13
14 16
16 15
17 15
16 18
18 17
19 17
18 20
20 19
21 19
20 22
22 21
0 21
22 1
12
4 1 2 3 4
4 5 -4 6 7
3 8 -7 9
3 10 11 12
4 13 -12 14 15
4 16 -15 17 18
4 19 -18 20 21
4 22 -21 23 24
4 25 -24 26 27
4 28 -27 29 30
4 31 -30 32 33
4 34 -33 35 -2
0
0
6
*
23
5048.128418 546.808960 4550.624023
5047.775879 546.881287 4552.432129
5050.139160 545.749939 4551.528320
5049.962891 545.786072 4552.432129
5051.356445 543.734436 4552.189941
5051.309082 543.744141 4552.432129
5051.454102 541.302551 4552.432129
5050.406250 539.105957 4552.189941
5050.358887 539.115662 4552.432129
5048.493164 537.733154 4551.528320
5048.316895 537.769348 4552.432129
5046.227539 537.552002 4550.624023
5045.875488 537.624329 4552.432129
5044.216797 538.611084 4549.720215
5043.688477 538.719604 4552.432129
5042.999512 540.626587 4549.058105
5042.342285 540.761475 4552.432129
5042.901855 543.058411 4548.815918
5042.197266 543.203064 4552.432129
5043.949707 545.255005 4549.058105
5043.292480 545.389954 4552.432129
5045.862793 546.627808 4549.720215
5045.334473 546.736328 4552.432129
0
35
2 0
0 1
1 3
3 2
4 2
3 5
5 4
6 4
5 6
7 6
6 8
8 7
9 7
8 10
10 9
11 9
10 12
12 11
13 11
12 14
14 13
15 13
14 16
16 15
17 15
16 18
18 17
19 17
18 20
20 19
21 19
20 22
22 21
0 21
22 1
13
4 1 2 3 4
4 5 -4 6 7
3 8 -7 9
3 10 11 12
4 13 -12 14 15
4 16 -15 17 18
4 19 -18 20 21
4 22 -21 23 24
4 25 -24 26 27
4 28 -27 29 30
4 31 -30 32 33
4 34 -33 35 -2
12 -35 -32 -29 -26 -23 -20 -17 -14 -11 -9 -6 -3
0
0
-2
*
24
3146.620361 3019.463623 1775.856812
3146.620361 2974.913574 1775.856812
3102.070068 3019.463623 1775.856812
3102.070068 2974.913574 1775.856812
3146.620361 3019.463623 1939.206909
3146.620361 2974.913574 1939.206909
3102.070068 3019.463623 1894.656860
2819.920166 3019.463623 1939.206909
2819.920166 2974.913574 1939.206909
2909.020264 3019.463623 1894.656860
2819.920166 3019.463623 1850.106812
2819.920166 2974.913574 1850.106812
2686.270264 3019.463623 1761.006958
2686.270264 2974.913574 1761.006958
2686.270264 3019.463623 1850.106812
2686.270264 2974.913574 1850.106812
2701.120361 3019.463623 1761.006958
2701.120361 2974.913574 1761.006958
2909.020264 3019.463623 1775.856812
2909.020264 2974.913574 1775.856812
2775.370361 3019.463623 1686.756958
2775.370361 2974.913574 1686.756958
2701.120361 3019.463623 1686.756958
2701.120361 2974.913574 1686.756958
0
40
22 16
16 18
18 20
20 22
21 23
23 22
20 21
19 21
18 19
23 17
17 16
16 14
14 18
16 12
12 14
13 15
15 14
12 13
17 13
14 10
10 18
15 11
11 10
9 18
10 7
7 9
11 8
8 7
7 4
4 6
6 9
8 5
5 4
2 6
4 0
0 2
1 3
3 2
0 1
5 1
17
4 1 2 3 4
4 5 6 -4 7
4 8 -7 -3 9
4 10 11 -1 -6
3 -2 12 13
3 14 15 -12
4 16 17 -15 18
4 19 -18 -14 -11
3 -13 20 21
4 22 23 -20 -17
4 24 -21 25 26
4 27 28 -25 -23
4 -26 29 30 31
4 32 33 -29 -28
4 34 -30 35 36
4 37 38 -36 39
4 40 -39 -35 -33
0
0
-2
*
67
3087.219971 3019.463623 1894.656860
3087.219971 2974.913574 1894.656860
3089.158447 3019.463623 1894.529907
3089.158447 2974.913574 1894.529907
3091.063721 3019.463623 1894.151001
3091.063721 2974.913574 1894.151001
3092.903076 3019.463623 1893.526489
3092.903076 2974.913574 1893.526489
3094.645264 3019.463623 1892.667358
3094.645264 2974.913574 1892.667358
3096.260498 3019.463623 1891.588257
3096.260498 2974.913574 1891.588257
3097.720459 3019.463623 1890.307495
3097.720459 2974.913574 1890.307495
3099.001221 3019.463623 1888.847046
3099.001221 2974.913574 1888.847046
3100.080811 3019.463623 1887.231812
3100.080811 2974.913574 1887.231812
3100.939697 3019.463623 1885.489624
3100.939697 2974.913574 1885.489624
3101.564209 3019.463623 1883.650513
3101.564209 2974.913574 1883.650513
3101.943115 3019.463623 1881.745239
3101.943115 2974.913574 1881.745239
3102.070068 3019.463623 1879.806763
3102.070068 2974.913574 1879.806763
3102.070068 3019.463623 1775.856812
2923.870361 2974.913574 1894.656860
2923.870361 3019.463623 1894.656860
2921.931885 2974.913574 1894.529907
2921.931885 3019.463623 1894.529907
2920.026611 2974.913574 1894.151001
2920.026611 3019.463623 1894.151001
2918.187744 2974.913574 1893.526489
2918.187744 3019.463623 1893.526489
2916.445068 2974.913574 1892.667358
2916.445068 3019.463623 1892.667358
2914.830322 2974.913574 1891.588257
2914.830322 3019.463623 1891.588257
2913.369873 2974.913574 1890.307495
2913.369873 3019.463623 1890.307495
2912.089111 2974.913574 1888.847046
2912.089111 3019.463623 1888.847046
2911.009521 2974.913574 1887.231812
2911.009521 3019.463623 1887.231812
2910.150635 2974.913574 1885.489624
2910.150635 3019.463623 1885.489624
2909.526123 2974.913574 1883.650513
2909.526123 3019.463623 1883.650513
2909.147217 2974.913574 1881.745239
2909.147217 3019.463623 1881.745239
2909.020264 2974.913574 1879.806763
2909.020264 3019.463623 1879.806763
2909.020264 3019.463623 1775.856812
2775.370361 2974.913574 1686.756958
2701.120361 2974.913574 1686.756958
2701.120361 2974.913574 1761.006958
2686.270264 2974.913574 1761.006958
2686.270264 2974.913574 1850.106812
2819.920166 2974.913574 1850.106812
2909.020264 2974.913574 1775.856812
2909.020264 2974.913574 1894.656860
3102.070068 2974.913574 1894.656860
3102.070068 2974.913574 1775.856812
3146.620361 2974.913574 1775.856812
3146.620361 2974.913574 1939.206909
2819.920166 2974.913574 1939.206909
13
66 65
65 64
64 63
63 62
62 61
61 60
66 59
59 58
58 57
57 56
56 55
55 54
54 60
101
55 54
54 60
60 56
56 55
60 58
58 56
58 57
57 56
60 59
59 58
61 66
66 59
60 61
61 62
62 65
65 66
63 64
64 65
62 63
53 52
52 51
51 60
60 53
52 50
50 49
49 51
50 48
48 47
47 49
48 46
46 45
45 47
46 44
44 43
43 45
44 42
42 41
41 43
42 40
40 39
39 41
40 38
38 37
37 39
38 36
36 35
35 37
36 34
34 33
33 35
34 32
32 31
31 33
32 30
30 29
29 31
30 28
28 27
27 29
63 25
25 24
24 26
26 63
25 23
23 22
22 24
23 21
21 20
20 22
21 19
19 18
18 20
19 17
17 16
16 18
17 15
15 14
14 16
15 13
13 12
12 14
13 11
11 10
10 12
11 9
9 8
8 10
9 7
7 6
6 8
7 5
5 4
4 6
5 3
3 2
2 4
3 1
1 0
0 2
1 27
28 0
34
4 1 2 3 4
3 5 6 -3
3 -6 7 8
3 9 10 -5
4 11 12 -9 13
4 14 15 16 -11
4 17 18 -15 19
4 20 21 22 23
4 24 25 26 -21
4 27 28 29 -25
4 30 31 32 -28
4 33 34 35 -31
4 36 37 38 -34
4 39 40 41 -37
4 42 43 44 -40
4 45 46 47 -43
4 48 49 50 -46
4 51 52 53 -49
4 54 55 56 -52
4 57 58 59 -55
4 60 61 62 63
4 64 65 66 -61
4 67 68 69 -65
4 70 71 72 -68
4 73 74 75 -71
4 76 77 78 -74
4 79 80 81 -77
4 82 83 84 -80
4 85 86 87 -83
4 88 89 90 -86
4 91 92 93 -89
4 94 95 96 -92
4 97 98 99 -95
4 100 -58 101 -98
0
0
-2
*
67
2819.920166 1617.579834 1939.206909
3146.620361 1617.579834 1939.206909
3146.620361 1617.579834 1775.857056
3102.070068 1617.579834 1775.857056
3102.070068 1617.579834 1894.656860
2909.020264 1617.579834 1894.656860
2909.020264 1617.579834 1775.857056
2819.920166 1617.579834 1850.107056
2686.270264 1617.579834 1850.107056
2686.270264 1617.579834 1761.006958
2701.120361 1617.579834 1761.006958
2701.120361 1617.579834 1686.756958
2775.370361 1617.579834 1686.756958
2909.020264 1662.129761 1775.857056
2909.020264 1662.129761 1879.807007
2909.020264 1617.579834 1879.807007
2909.147217 1662.129761 1881.745239
2909.147217 1617.579834 1881.745239
2909.526123 1662.129761 1883.650513
2909.526123 1617.579834 1883.650513
2910.150635 1662.129761 1885.489868
2910.150635 1617.579834 1885.489868
2911.009521 1662.129761 1887.232056
2911.009521 1617.579834 1887.232056
2912.088867 1662.129761 1888.847046
2912.088867 1617.579834 1888.847046
2913.369873 1662.129761 1890.307495
2913.369873 1617.579834 1890.307495
2914.830322 1662.129761 1891.588257
2914.830322 1617.579834 1891.588257
2916.445068 1662.129761 1892.667358
2916.445068 1617.579834 1892.667358
2918.187256 1662.129761 1893.526489
2918.187256 1617.579834 1893.526489
2920.026611 1662.129761 1894.151001
2920.026611 1617.579834 1894.151001
2921.931885 1662.129761 1894.529907
2921.931885 1617.579834 1894.529907
2923.869873 1662.129761 1894.656860
2923.869873 1617.579834 1894.656860
3102.070068 1662.129761 1775.857056
3102.070068 1617.579834 1879.807007
3102.070068 1662.129761 1879.807007
3101.943115 1617.579834 1881.745239
3101.943115 1662.129761 1881.745239
3101.564209 1617.579834 1883.650513
3101.564209 1662.129761 1883.650513
3100.939697 1617.579834 1885.489868
3100.939697 1662.129761 1885.489868
3100.080811 1617.579834 1887.232056
3100.080811 1662.129761 1887.232056
3099.001221 1617.579834 1888.847046
3099.001221 1662.129761 1888.847046
3097.720459 1617.579834 1890.307495
3097.720459 1662.129761 1890.307495
3096.260498 1617.579834 1891.588257
3096.260498 1662.129761 1891.588257
3094.645264 1617.579834 1892.667358
3094.645264 1662.129761 1892.667358
3092.903076 1617.579834 1893.526489
3092.903076 1662.129761 1893.526489
3091.063721 1617.579834 1894.151001
3091.063721 1662.129761 1894.151001
3089.158447 1617.579834 1894.529907
3089.158447 1662.129761 1894.529907
3087.219971 1617.579834 1894.656860
3087.219971 1662.129761 1894.656860
13
0 1
1 2
2 3
3 4
4 5
5 6
0 7
7 8
8 9
9 10
10 11
11 12
12 6
101
11 12
12 6
6 10
10 11
6 8
8 10
8 9
9 10
6 7
7 8
5 0
0 7
6 5
5 4
4 1
1 0
3 2
2 1
4 3
13 14
14 15
15 6
6 13
14 16
16 17
17 15
16 18
18 19
19 17
18 20
20 21
21 19
20 22
22 23
23 21
22 24
24 25
25 23
24 26
26 27
27 25
26 28
28 29
29 27
28 30
30 31
31 29
30 32
32 33
33 31
32 34
34 35
35 33
34 36
36 37
37 35
36 38
38 39
39 37
3 41
41 42
42 40
40 3
41 43
43 44
44 42
43 45
45 46
46 44
45 47
47 48
48 46
47 49
49 50
50 48
49 51
51 52
52 50
51 53
53 54
54 52
53 55
55 56
56 54
55 57
57 58
58 56
57 59
59 60
60 58
59 61
61 62
62 60
61 63
63 64
64 62
63 65
65 66
66 64
65 39
38 66
34
4 1 2 3 4
3 5 6 -3
3 -6 7 8
3 9 10 -5
4 11 12 -9 13
4 14 15 16 -11
4 17 18 -15 19
4 20 21 22 23
4 24 25 26 -21
4 27 28 29 -25
4 30 31 32 -28
4 33 34 35 -31
4 36 37 38 -34
4 39 40 41 -37
4 42 43 44 -40
4 45 46 47 -43
4 48 49 50 -46
4 51 52 53 -49
4 54 55 56 -52
4 57 58 59 -55
4 60 61 62 63
4 64 65 66 -61
4 67 68 69 -65
4 70 71 72 -68
4 73 74 75 -71
4 76 77 78 -74
4 79 80 81 -77
4 82 83 84 -80
4 85 86 87 -83
4 88 89 90 -86
4 91 92 93 -89
4 94 95 96 -92
4 97 98 99 -95
4 100 -58 101 -98
0
0
-2
*
24
2701.120361 1617.579834 1686.756958
2701.120361 1662.129761 1686.756958
2775.370361 1617.579834 1686.756958
2775.370361 1662.129761 1686.756958
2909.020264 1617.579834 1775.857056
2909.020264 1662.129761 1775.857056
2701.120361 1617.579834 1761.006958
2701.120361 1662.129761 1761.006958
2686.270264 1617.579834 1850.107056
2686.270264 1662.129761 1850.107056
2686.270264 1617.579834 1761.006958
2686.270264 1662.129761 1761.006958
2819.920166 1617.579834 1850.107056
2819.920166 1662.129761 1850.107056
2909.020264 1662.129761 1894.656860
2819.920166 1617.579834 1939.206909
2819.920166 1662.129761 1939.206909
3102.070068 1662.129761 1894.656860
3146.620361 1617.579834 1939.206909
3146.620361 1662.129761 1939.206909
3102.070068 1617.579834 1775.857056
3102.070068 1662.129761 1775.857056
3146.620361 1617.579834 1775.857056
3146.620361 1662.129761 1775.857056
0
40
1 7
7 5
5 3
3 1
2 0
0 1
3 2
4 2
5 4
0 6
6 7
7 9
9 5
7 11
11 9
10 8
8 9
11 10
6 10
9 13
13 5
8 12
12 13
14 5
13 16
16 14
12 15
15 16
16 19
19 17
17 14
15 18
18 19
21 17
19 23
23 21
22 20
20 21
23 22
18 22
17
4 1 2 3 4
4 5 6 -4 7
4 8 -7 -3 9
4 10 11 -1 -6
3 -2 12 13
3 14 15 -12
4 16 17 -15 18
4 19 -18 -14 -11
3 -13 20 21
4 22 23 -20 -17
4 24 -21 25 26
4 27 28 -25 -23
4 -26 29 30 31
4 32 33 -29 -28
4 34 -30 35 36
4 37 38 -36 39
4 40 -39 -35 -33
0
0
-2
*
24
3141.636963 340.816345 1770.874634
3141.636963 296.266357 1770.874634
3097.086670 340.816345 1770.874634
3097.086670 296.266357 1770.874634
3141.636963 340.816345 1934.224487
3141.636963 296.266357 1934.224487
3097.086670 340.816345 1889.674438
2814.936768 340.816345 1934.224487
2814.936768 296.266357 1934.224487
2904.036865 340.816345 1889.674438
2814.936768 340.816345 1845.124634
2814.936768 296.266357 1845.124634
2681.286865 340.816345 1756.024536
2681.286865 296.266357 1756.024536
2681.286865 340.816345 1845.124634
2681.286865 296.266357 1845.124634
2696.136963 340.816345 1756.024536
2696.136963 296.266357 1756.024536
2904.036865 340.816345 1770.874634
2904.036865 296.266357 1770.874634
2770.386963 340.816345 1681.774536
2770.386963 296.266357 1681.774536
2696.136963 340.816345 1681.774536
2696.136963 296.266357 1681.774536
0
40
22 16
16 18
18 20
20 22
21 23
23 22
20 21
19 21
18 19
23 17
17 16
16 14
14 18
16 12
12 14
13 15
15 14
12 13
17 13
14 10
10 18
15 11
11 10
9 18
10 7
7 9
11 8
8 7
7 4
4 6
6 9
8 5
5 4
2 6
4 0
0 2
1 3
3 2
0 1
5 1
17
4 1 2 3 4
4 5 6 -4 7
4 8 -7 -3 9
4 10 11 -1 -6
3 -2 12 13
3 14 15 -12
4 16 17 -15 18
4 19 -18 -14 -11
3 -13 20 21
4 22 23 -20 -17
4 24 -21 25 26
4 27 28 -25 -23
4 -26 29 30 31
4 32 33 -29 -28
4 34 -30 35 36
4 37 38 -36 39
4 40 -39 -35 -33
0
0
-2
*
67
3082.236572 340.816345 1889.674438
3082.236572 296.266357 1889.674438
3084.175049 340.816345 1889.547485
3084.175049 296.266357 1889.547485
3086.080322 340.816345 1889.168579
3086.080322 296.266357 1889.168579
3087.919678 340.816345 1888.544067
3087.919678 296.266357 1888.544067
3089.661865 340.816345 1887.684937
3089.661865 296.266357 1887.684937
3091.276611 340.816345 1886.605835
3091.276611 296.266357 1886.605835
3092.737061 340.816345 1885.325073
3092.737061 296.266357 1885.325073
3094.017822 340.816345 1883.864624
3094.017822 296.266357 1883.864624
3095.097412 340.816345 1882.249634
3095.097412 296.266357 1882.249634
3095.956299 340.816345 1880.507446
3095.956299 296.266357 1880.507446
3096.580322 340.816345 1878.668091
3096.580322 296.266357 1878.668091
3096.959717 340.816345 1876.762817
3096.959717 296.266357 1876.762817
3097.086670 340.816345 1874.824585
3097.086670 296.266357 1874.824585
3097.086670 340.816345 1770.874634
2918.886963 296.266357 1889.674438
2918.886963 340.816345 1889.674438
2916.948486 296.266357 1889.547485
2916.948486 340.816345 1889.547485
2915.043213 296.266357 1889.168579
2915.043213 340.816345 1889.168579
2913.203857 296.266357 1888.544067
2913.203857 340.816345 1888.544067
2911.461914 296.266357 1887.684937
2911.461914 340.816345 1887.684937
2909.846924 296.266357 1886.605835
2909.846924 340.816345 1886.605835
2908.386230 296.266357 1885.325073
2908.386230 340.816345 1885.325073
2907.105225 296.266357 1883.864624
2907.105225 340.816345 1883.864624
2906.026367 296.266357 1882.249634
2906.026367 340.816345 1882.249634
2905.167236 296.266357 1880.507446
2905.167236 340.816345 1880.507446
2904.542725 296.266357 1878.668091
2904.542725 340.816345 1878.668091
2904.163818 296.266357 1876.762817
2904.163818 340.816345 1876.762817
2904.036865 296.266357 1874.824585
2904.036865 340.816345 1874.824585
2904.036865 340.816345 1770.874634
2770.386963 296.266357 1681.774536
2696.136963 296.266357 1681.774536
2696.136963 296.266357 1756.024536
2681.286865 296.266357 1756.024536
2681.286865 296.266357 1845.124634
2814.936768 296.266357 1845.124634
2904.036865 296.266357 1770.874634
2904.036865 296.266357 1889.674438
3097.086670 296.266357 1889.674438
3097.086670 296.266357 1770.874634
3141.636963 296.266357 1770.874634
3141.636963 296.266357 1934.224487
2814.936768 296.266357 1934.224487
13
66 65
65 64
64 63
63 62
62 61
61 60
66 59
59 58
58 57
57 56
56 55
55 54
54 60
101
55 54
54 60
60 56
56 55
60 58
58 56
58 57
57 56
60 59
59 58
61 66
66 59
60 61
61 62
62 65
65 66
63 64
64 65
62 63
53 52
52 51
51 60
60 53
52 50
50 49
49 51
50 48
48 47
47 49
48 46
46 45
45 47
46 44
44 43
43 45
44 42
42 41
41 43
42 40
40 39
39 41
40 38
38 37
37 39
38 36
36 35
35 37
36 34
34 33
33 35
34 32
32 31
31 33
32 30
30 29
29 31
30 28
28 27
27 29
63 25
25 24
24 26
26 63
25 23
23 22
22 24
23 21
21 20
20 22
21 19
19 18
18 20
19 17
17 16
16 18
17 15
15 14
14 16
15 13
13 12
12 14
13 11
11 10
10 12
11 9
9 8
8 10
9 7
7 6
6 8
7 5
5 4
4 6
5 3
3 2
2 4
3 1
1 0
0 2
1 27
28 0
34
4 1 2 3 4
3 5 6 -3
3 -6 7 8
3 9 10 -5
4 11 12 -9 13
4 14 15 16 -11
4 17 18 -15 19
4 20 21 22 23
4 24 25 26 -21
4 27 28 29 -25
4 30 31 32 -28
4 33 34 35 -31
4 36 37 38 -34
4 39 40 41 -37
4 42 43 44 -40
4 45 46 47 -43
4 48 49 50 -46
4 51 52 53 -49
4 54 55 56 -52
4 57 58 59 -55
4 60 61 62 63
4 64 65 66 -61
4 67 68 69 -65
4 70 71 72 -68
4 73 74 75 -71
4 76 77 78 -74
4 79 80 81 -77
4 82 83 84 -80
4 85 86 87 -83
4 88 89 90 -86
4 91 92 93 -89
4 94 95 96 -92
4 97 98 99 -95
4 100 -58 101 -98
0
0
5
*
8
2845.359863 3828.118164 2071.114014
3149.847900 3828.118164 2071.114014
3149.847900 3828.118164 1954.003296
2845.359863 3828.118164 1954.003296
2845.359863 -153.648193 2071.114014
2845.359863 -153.648193 1954.003296
3149.847900 -153.648193 1954.003296
3149.847900 -153.648193 2071.114014
3
7 6
6 5
5 4
10
6 5
5 3
3 2
2 6
5 4
4 0
0 3
7 6
2 1
1 7
3
4 1 2 3 4
4 5 6 7 -2
4 8 -4 9 10
0
0
5
*
68
2904.074951 -3.098042 1891.704224
2908.486084 -33.781357 1891.704224
2908.486084 -33.781357 1837.249634
2904.074951 -3.098042 1837.249634
2921.363525 -61.978897 1891.704224
2921.363525 -61.978897 1837.249634
2941.663818 -85.406235 1891.704224
2941.663818 -85.406235 1837.249634
2967.741455 -102.165482 1891.704224
2967.741455 -102.165482 1837.249634
2997.484131 -110.898895 1891.704224
2997.484131 -110.898895 1837.249634
3028.483154 -110.898895 1891.704224
3028.483154 -110.898895 1837.249634
3058.226807 -102.165466 1891.704224
3058.226807 -102.165466 1837.249634
3084.304932 -85.406250 1891.704224
3084.304932 -85.406250 1837.249634
3104.603760 -61.978874 1891.704224
3104.603760 -61.978874 1837.249634
3117.481689 -33.781357 1891.704224
3117.481689 -33.781357 1837.249634
3121.893311 -3.098026 1891.704224
3121.893311 -3.098026 1837.249634
2958.529541 -3.098042 1891.704224
2958.529541 -3.098042 1837.249634
2972.994873 -103.708023 1891.704224
2960.735107 -18.439697 1891.704224
3002.959717 -110.898895 1891.704224
2967.173584 -32.538467 1891.704224
3033.737061 -109.356308 1891.704224
2977.323975 -44.252144 1891.704224
3062.832275 -99.205353 1891.704224
2990.363037 -52.631752 1891.704224
3087.889893 -81.268341 1891.704224
3005.234131 -56.998466 1891.704224
3106.878662 -56.998466 1891.704224
3020.733643 -56.998466 1891.704224
3118.260498 -28.361855 1891.704224
3035.605225 -52.631752 1891.704224
3112.680908 -3.098026 1891.704224
3048.644287 -44.252144 1891.704224
3084.304932 -3.098026 1891.704224
3058.794189 -32.538445 1891.704224
3072.239014 -3.098042 1891.704224
3067.439209 -3.098042 1837.249634
3052.972900 -103.708023 1837.249634
2972.994873 -103.708023 1837.249634
2960.735107 -18.439697 1837.249634
3002.959717 -110.898895 1837.249634
2967.173584 -32.538467 1837.249634
3033.737061 -109.356308 1837.249634
3054.399658 -93.785858 1837.249634
2977.323975 -44.252144 1837.249634
2990.363037 -52.631752 1837.249634
3057.483154 -72.340103 1837.249634
3005.234131 -56.998466 1837.249634
3059.688721 -56.998466 1837.249634
3020.733643 -56.998466 1837.249634
3061.405518 -45.055977 1837.249634
3035.605225 -52.631752 1837.249634
3062.832275 -35.133820 1837.249634
3048.644287 -44.252136 1837.249634
3064.083252 -26.434364 1837.249634
3058.794189 -32.538467 1837.249634
3065.232666 -18.439682 1837.249634
3067.439209 -3.098042 1891.704224
3065.232666 -18.439697 1891.704224
0
142
0 3
3 2
2 1
1 0
2 5
5 4
4 1
5 7
7 6
6 4
7 9
9 8
8 6
9 11
11 10
10 8
11 13
13 12
12 10
13 15
15 14
14 12
15 17
17 16
16 14
17 19
19 18
18 16
19 21
21 20
20 18
21 23
23 22
22 20
24 0
8 26
26 24
27 26
26 10
10 28
28 27
29 28
28 12
12 30
30 29
31 30
30 14
14 32
32 31
33 32
32 16
16 34
34 33
35 34
34 18
18 36
36 35
37 36
36 20
20 38
38 37
39 38
38 22
22 40
40 39
41 40
40 42
42 41
43 42
42 44
44 43
15 46
46 45
45 23
25 47
47 9
3 25
48 49
49 11
11 47
47 48
50 51
51 13
13 49
49 50
52 46
46 51
51 53
53 52
54 55
55 52
52 54
56 57
57 55
55 56
58 59
59 57
57 58
60 61
61 59
59 60
62 63
63 61
61 62
64 65
65 63
63 64
67 44
44 66
66 67
25 24
24 27
27 48
48 25
27 29
29 50
50 48
29 31
31 53
53 50
31 33
33 54
54 53
33 35
35 56
56 54
35 37
37 58
58 56
37 39
39 60
60 58
39 41
41 62
62 60
41 43
43 64
64 62
43 67
67 65
66 45
45 65
44
4 1 2 3 4
4 -3 5 6 7
4 -6 8 9 10
4 -9 11 12 13
4 -12 14 15 16
4 -15 17 18 19
4 -18 20 21 22
4 -21 23 24 25
4 -24 26 27 28
4 -27 29 30 31
4 -30 32 33 34
7 35 -4 -7 -10 -13 36 37
4 38 39 40 41
4 42 43 44 45
4 46 47 48 49
4 50 51 52 53
4 54 55 56 57
4 58 59 60 61
4 62 63 64 65
3 66 67 68
3 69 70 71
7 -32 -29 -26 -23 72 73 74
7 75 76 -11 -8 -5 -2 77
4 78 79 80 81
4 82 83 84 85
4 86 87 88 89
3 90 91 92
3 93 94 95
3 96 97 98
3 99 100 101
3 102 103 104
3 105 106 107
3 108 109 110
4 111 112 113 114
4 -113 115 116 117
4 -116 118 119 120
4 -119 121 122 123
4 -122 124 125 126
4 -125 127 128 129
4 -128 130 131 132
4 -131 133 134 135
4 -134 136 137 138
4 -137 139 140 -105
4 -140 -110 141 142
0
0
5
*
68
3064.949951 3932.416016 1752.706177
3067.155518 3917.074219 1752.706177
3064.949951 3932.416016 1698.251587
3058.511475 3946.514648 1698.251587
3063.801025 3940.410645 1698.251587
3048.361572 3958.228516 1698.251587
3062.550049 3949.110107 1698.251587
3035.322998 3966.608154 1698.251587
3061.123291 3959.031982 1698.251587
3020.451416 3970.974854 1698.251587
3059.406494 3970.974854 1698.251587
3004.951416 3970.974854 1698.251587
3057.200928 3986.316895 1698.251587
2990.080322 3966.608154 1698.251587
2977.041260 3958.228516 1698.251587
3054.117432 4007.761719 1698.251587
3033.454346 4023.332520 1698.251587
2966.890869 3946.514648 1698.251587
3002.677002 4024.874756 1698.251587
2960.452393 3932.416016 1698.251587
2972.712158 4017.683838 1698.251587
3052.690674 4017.683838 1698.251587
3067.155518 3917.074219 1698.251587
3071.956299 3917.074219 1752.706177
3058.511475 3946.514648 1752.706177
3084.021729 3917.074219 1752.706177
3048.361572 3958.228516 1752.706177
3112.398682 3917.074219 1752.706177
3035.322998 3966.608154 1752.706421
3117.978271 3942.338135 1752.706177
3020.451416 3970.974854 1752.706421
3106.595947 3970.974854 1752.706421
3004.951416 3970.974854 1752.706421
3087.607666 3995.244629 1752.706421
2990.080322 3966.608154 1752.706421
3062.550049 4013.181885 1752.706421
2977.041260 3958.228516 1752.706177
3033.454346 4023.332520 1752.706421
2966.890869 3946.514648 1752.706177
3002.677002 4024.874756 1752.706421
2960.452393 3932.416016 1752.706177
2972.712158 4017.683838 1752.706421
2958.246826 3917.074219 1698.251587
2958.246826 3917.074219 1752.706177
3121.610596 3917.074219 1698.251587
3121.610596 3917.074219 1752.706177
3117.199463 3947.757324 1698.251587
3117.199463 3947.757324 1752.706177
3104.321533 3975.955078 1698.251587
3104.321533 3975.955078 1752.706421
3084.021729 3999.382568 1698.251587
3084.021729 3999.382568 1752.706421
3057.944092 4016.141846 1698.251587
3057.944092 4016.141846 1752.706421
3028.200928 4024.874756 1698.251587
3028.200928 4024.874756 1752.706421
2997.202393 4024.874756 1698.251587
2997.202393 4024.874756 1752.706421
2967.458252 4016.141846 1698.251587
2967.458252 4016.141846 1752.706421
2941.381104 3999.382568 1698.251587
2941.381104 3999.382568 1752.706421
2921.080811 3975.955078 1698.251587
2921.080811 3975.955078 1752.706421
2903.791748 3917.074219 1698.251587
2908.203857 3947.757324 1698.251587
2908.203857 3947.757324 1752.706177
2903.791748 3917.074219 1752.706177
0
142
67 66
66 65
65 64
64 67
66 63
63 62
62 65
63 61
61 60
60 62
61 59
59 58
58 60
59 57
57 56
56 58
57 55
55 54
54 56
55 53
53 52
52 54
53 51
51 50
50 52
51 49
49 48
48 50
49 47
47 46
46 48
47 45
45 44
44 46
43 41
41 59
67 43
40 39
39 57
57 41
41 40
38 37
37 55
55 39
39 38
36 35
35 53
53 37
37 36
34 33
33 51
51 35
35 34
32 31
31 49
49 33
33 32
30 29
29 47
47 31
31 30
28 27
27 45
45 29
29 28
26 25
25 27
27 26
24 23
23 25
25 24
44 22
22 21
21 52
42 64
58 20
20 42
19 20
20 56
56 18
18 19
17 18
18 54
54 16
16 17
15 14
14 16
16 21
21 15
13 15
15 12
12 13
11 12
12 10
10 11
9 10
10 8
8 9
7 8
8 6
6 7
5 6
6 4
4 5
3 4
4 2
2 3
0 1
1 23
23 0
42 19
19 40
40 43
43 42
19 17
17 38
38 40
17 14
14 36
36 38
14 13
13 34
34 36
13 11
11 32
32 34
11 9
9 30
30 32
9 7
7 28
28 30
7 5
5 26
26 28
5 3
3 24
24 26
2 0
0 24
2 22
22 1
44
4 1 2 3 4
4 5 6 7 -2
4 8 9 10 -6
4 11 12 13 -9
4 14 15 16 -12
4 17 18 19 -15
4 20 21 22 -18
4 23 24 25 -21
4 26 27 28 -24
4 29 30 31 -27
4 32 33 34 -30
7 35 36 -11 -8 -5 -1 37
4 38 39 40 41
4 42 43 44 45
4 46 47 48 49
4 50 51 52 53
4 54 55 56 57
4 58 59 60 61
4 62 63 64 65
3 66 67 68
3 69 70 71
7 72 73 74 -25 -28 -31 -34
7 75 -3 -7 -10 -13 76 77
4 78 79 80 81
4 82 83 84 85
4 86 87 88 89
3 90 91 92
3 93 94 95
3 96 97 98
3 99 100 101
3 102 103 104
3 105 106 107
3 108 109 110
4 111 112 113 114
4 115 116 117 -112
4 118 119 120 -116
4 121 122 123 -119
4 124 125 126 -122
4 127 128 129 -125
4 130 131 132 -128
4 133 134 135 -131
4 136 137 138 -134
4 -107 139 140 -137
4 141 142 -108 -139
0
0
5
*
68
3064.949951 3932.416016 1891.050415
3067.155518 3917.074219 1891.050415
3064.949951 3932.416016 1836.595825
3058.511475 3946.514648 1836.595825
3063.801025 3940.410645 1836.595825
3048.361572 3958.228516 1836.595825
3062.550049 3949.110107 1836.595825
3035.322998 3966.608154 1836.595825
3061.123291 3959.031982 1836.595825
3020.451416 3970.974854 1836.595825
3059.406494 3970.974854 1836.595825
3004.951416 3970.974854 1836.595825
3057.200928 3986.316895 1836.595825
2990.080322 3966.608154 1836.595825
2977.041260 3958.228516 1836.595825
3054.117432 4007.761719 1836.595825
3033.454346 4023.332520 1836.595825
2966.890869 3946.514648 1836.595825
3002.677002 4024.874756 1836.595825
2960.452393 3932.416016 1836.595825
2972.712158 4017.683838 1836.595825
3052.690674 4017.683838 1836.595825
3067.155518 3917.074219 1836.595825
3071.956299 3917.074219 1891.050415
3058.511475 3946.514648 1891.050415
3084.021729 3917.074219 1891.050415
3048.361572 3958.228516 1891.050415
3112.398682 3917.074219 1891.050415
3035.322998 3966.608154 1891.050659
3117.978271 3942.338135 1891.050415
3020.451416 3970.974854 1891.050659
3106.595947 3970.974854 1891.050659
3004.951416 3970.974854 1891.050659
3087.607666 3995.244629 1891.050659
2990.080322 3966.608154 1891.050659
3062.550049 4013.181885 1891.050659
2977.041260 3958.228516 1891.050415
3033.454346 4023.332520 1891.050659
2966.890869 3946.514648 1891.050415
3002.677002 4024.874756 1891.050659
2960.452393 3932.416016 1891.050415
2972.712158 4017.683838 1891.050659
2958.246826 3917.074219 1836.595825
2958.246826 3917.074219 1891.050415
3121.610596 3917.074219 1836.595825
3121.610596 3917.074219 1891.050415
3117.199463 3947.757324 1836.595825
3117.199463 3947.757324 1891.050415
3104.321533 3975.955078 1836.595825
3104.321533 3975.955078 1891.050659
3084.021729 3999.382568 1836.595825
3084.021729 3999.382568 1891.050659
3057.944092 4016.141846 1836.595825
3057.944092 4016.141846 1891.050659
3028.200928 4024.874756 1836.595825
3028.200928 4024.874756 1891.050659
2997.202393 4024.874756 1836.595825
2997.202393 4024.874756 1891.050659
2967.458252 4016.141846 1836.595825
2967.458252 4016.141846 1891.050659
2941.381104 3999.382568 1836.595825
2941.381104 3999.382568 1891.050659
2921.080811 3975.955078 1836.595825
2921.080811 3975.955078 1891.050659
2903.791748 3917.074219 1836.595825
2908.203857 3947.757324 1836.595825
2908.203857 3947.757324 1891.050415
2903.791748 3917.074219 1891.050415
0
142
67 66
66 65
65 64
64 67
66 63
63 62
62 65
63 61
61 60
60 62
61 59
59 58
58 60
59 57
57 56
56 58
57 55
55 54
54 56
55 53
53 52
52 54
53 51
51 50
50 52
51 49
49 48
48 50
49 47
47 46
46 48
47 45
45 44
44 46
43 41
41 59
67 43
40 39
39 57
57 41
41 40
38 37
37 55
55 39
39 38
36 35
35 53
53 37
37 36
34 33
33 51
51 35
35 34
32 31
31 49
49 33
33 32
30 29
29 47
47 31
31 30
28 27
27 45
45 29
29 28
26 25
25 27
27 26
24 23
23 25
25 24
44 22
22 21
21 52
42 64
58 20
20 42
19 20
20 56
56 18
18 19
17 18
18 54
54 16
16 17
15 14
14 16
16 21
21 15
13 15
15 12
12 13
11 12
12 10
10 11
9 10
10 8
8 9
7 8
8 6
6 7
5 6
6 4
4 5
3 4
4 2
2 3
0 1
1 23
23 0
42 19
19 40
40 43
43 42
19 17
17 38
38 40
17 14
14 36
36 38
14 13
13 34
34 36
13 11
11 32
32 34
11 9
9 30
30 32
9 7
7 28
28 30
7 5
5 26
26 28
5 3
3 24
24 26
2 0
0 24
2 22
22 1
44
4 1 2 3 4
4 5 6 7 -2
4 8 9 10 -6
4 11 12 13 -9
4 14 15 16 -12
4 17 18 19 -15
4 20 21 22 -18
4 23 24 25 -21
4 26 27 28 -24
4 29 30 31 -27
4 32 33 34 -30
7 35 36 -11 -8 -5 -1 37
4 38 39 40 41
4 42 43 44 45
4 46 47 48 49
4 50 51 52 53
4 54 55 56 57
4 58 59 60 61
4 62 63 64 65
3 66 67 68
3 69 70 71
7 72 73 74 -25 -28 -31 -34
7 75 -3 -7 -10 -13 76 77
4 78 79 80 81
4 82 83 84 85
4 86 87 88 89
3 90 91 92
3 93 94 95
3 96 97 98
3 99 100 101
3 102 103 104
3 105 106 107
3 108 109 110
4 111 112 113 114
4 115 116 117 -112
4 118 119 120 -116
4 121 122 123 -119
4 124 125 126 -122
4 127 128 129 -125
4 130 131 132 -128
4 133 134 135 -131
4 136 137 138 -134
4 -107 139 140 -137
4 141 142 -108 -139
0
0
5
*
8
2904.066162 -2.878220 1836.805054
2958.520752 -2.878220 1836.805054
2958.520752 3917.859375 1836.805054
2904.066162 3917.859375 1836.805054
2904.066162 -2.878220 1891.259644
2904.066162 3917.859375 1891.259644
2958.520752 3917.859375 1891.259644
2958.520752 -2.878220 1891.259644
0
12
0 3
3 2
2 1
1 0
4 7
7 6
6 5
5 4
0 4
5 3
6 2
7 1
6
4 1 2 3 4
4 5 6 7 8
4 -1 9 -8 10
4 -2 -10 -7 11
4 -3 -11 -6 12
4 -4 -12 -5 -9
0
0
5
*
8
3066.884521 -2.878220 1836.805054
3121.338623 -2.878220 1836.805054
3121.338623 3917.859375 1836.805054
3066.884521 3917.859375 1836.805054
3066.884521 -2.878220 1891.259644
3066.884521 3917.859375 1891.259644
3121.338623 3917.859375 1891.259644
3121.338623 -2.878220 1891.259644
0
12
0 3
3 2
2 1
1 0
4 7
7 6
6 5
5 4
0 4
5 3
6 2
7 1
6
4 1 2 3 4
4 5 6 7 8
4 -1 9 -8 10
4 -2 -10 -7 11
4 -3 -11 -6 12
4 -4 -12 -5 -9
0
0
5
*
8
3066.884521 -2.878220 1698.460815
3121.338623 -2.878220 1698.460815
3121.338623 3917.859375 1698.460815
3066.884521 3917.859375 1698.460815
3066.884521 -2.878220 1752.915649
3066.884521 3917.859375 1752.915649
3121.338623 3917.859375 1752.915649
3121.338623 -2.878220 1752.915649
0
12
0 3
3 2
2 1
1 0
4 7
7 6
6 5
5 4
0 4
5 3
6 2
7 1
6
4 1 2 3 4
4 5 6 7 8
4 -1 9 -8 10
4 -2 -10 -7 11
4 -3 -11 -6 12
4 -4 -12 -5 -9
0
0
5
*
8
2958.520752 -2.878220 1752.915649
2958.520752 3917.859375 1752.915649
2904.066162 3917.859375 1752.915649
2904.066162 -2.878220 1752.915649
2904.066162 3917.859375 1698.460815
2958.520752 3917.859375 1698.460815
2958.520752 -2.878220 1698.460815
2904.066162 -2.878220 1698.460815
0
12
7 4
4 5
5 6
6 7
3 0
0 1
1 2
2 3
7 3
2 4
1 5
0 6
6
4 1 2 3 4
4 5 6 7 8
4 -1 9 -8 10
4 -2 -10 -7 11
4 -3 -11 -6 12
4 -4 -12 -5 -9
0
0
5
*
68
3065.232666 -18.439697 1753.360229
3067.439209 -3.098042 1753.360229
3065.232666 -18.439682 1698.905396
3058.794189 -32.538467 1698.905396
3064.083252 -26.434364 1698.905396
3048.644287 -44.252136 1698.905396
3062.832275 -35.133820 1698.905396
3035.605225 -52.631752 1698.905396
3061.405518 -45.055977 1698.905396
3020.733643 -56.998466 1698.905396
3059.688721 -56.998466 1698.905396
3005.234131 -56.998466 1698.905396
3057.483154 -72.340103 1698.905396
2990.363037 -52.631752 1698.905396
2977.323975 -44.252144 1698.905396
3054.399658 -93.785858 1698.905396
3033.737061 -109.356308 1698.905396
2967.173584 -32.538467 1698.905396
3002.959717 -110.898895 1698.905396
2960.735107 -18.439697 1698.905396
2972.994873 -103.708023 1698.905396
3052.972900 -103.708023 1698.905396
3067.439209 -3.098042 1698.905396
3072.239014 -3.098042 1753.360229
3058.794189 -32.538445 1753.360229
3084.304932 -3.098026 1753.360229
3048.644287 -44.252144 1753.360229
3112.680908 -3.098026 1753.360229
3035.605225 -52.631752 1753.360229
3118.260498 -28.361855 1753.360229
3020.733643 -56.998466 1753.360229
3106.878662 -56.998466 1753.360229
3005.234131 -56.998466 1753.360229
3087.889893 -81.268341 1753.360229
2990.363037 -52.631752 1753.360229
3062.832275 -99.205353 1753.360229
2977.323975 -44.252144 1753.360229
3033.737061 -109.356308 1753.360229
2967.173584 -32.538467 1753.360229
3002.959717 -110.898895 1753.360229
2960.735107 -18.439697 1753.360229
2972.994873 -103.708023 1753.360229
2958.529541 -3.098042 1698.905396
2958.529541 -3.098042 1753.360229
3121.893311 -3.098026 1698.905396
3121.893311 -3.098026 1753.360229
3117.481689 -33.781357 1698.905396
3117.481689 -33.781357 1753.360229
3104.603760 -61.978874 1698.905396
3104.603760 -61.978874 1753.360229
3084.304932 -85.406250 1698.905396
3084.304932 -85.406250 1753.360229
3058.226807 -102.165466 1698.905396
3058.226807 -102.165466 1753.360229
3028.483154 -110.898895 1698.905396
3028.483154 -110.898895 1753.360229
2997.484131 -110.898895 1698.905396
2997.484131 -110.898895 1753.360229
2967.741455 -102.165482 1698.905396
2967.741455 -102.165482 1753.360229
2941.663818 -85.406235 1698.905396
2941.663818 -85.406235 1753.360229
2921.363525 -61.978897 1698.905396
2921.363525 -61.978897 1753.360229
2904.074951 -3.098042 1698.905396
2908.486084 -33.781357 1698.905396
2908.486084 -33.781357 1753.360229
2904.074951 -3.098042 1753.360229
0
142
67 64
64 65
65 66
66 67
66 63
63 62
62 65
62 60
60 61
61 63
60 58
58 59
59 61
58 56
56 57
57 59
56 54
54 55
55 57
54 52
52 53
53 55
52 50
50 51
51 53
50 48
48 49
49 51
48 46
46 47
47 49
46 44
44 45
45 47
43 67
59 41
41 43
40 41
41 57
57 39
39 40
38 39
39 55
55 37
37 38
36 37
37 53
53 35
35 36
34 35
35 51
51 33
33 34
32 33
33 49
49 31
31 32
30 31
31 47
47 29
29 30
28 29
29 45
45 27
27 28
26 27
27 25
25 26
24 25
25 23
23 24
52 21
21 22
22 44
42 20
20 58
64 42
19 18
18 56
56 20
20 19
17 16
16 54
54 18
18 17
15 21
21 16
16 14
14 15
13 12
12 15
15 13
11 10
10 12
12 11
9 8
8 10
10 9
7 6
6 8
8 7
5 4
4 6
6 5
3 2
2 4
4 3
0 23
23 1
1 0
42 43
43 40
40 19
19 42
40 38
38 17
17 19
38 36
36 14
14 17
36 34
34 13
13 14
34 32
32 11
11 13
32 30
30 9
9 11
30 28
28 7
7 9
28 26
26 5
5 7
26 24
24 3
3 5
24 0
0 2
1 22
22 2
44
4 1 2 3 4
4 5 6 7 3
4 6 8 9 10
4 -9 11 12 13
4 -12 14 15 16
4 -15 17 18 19
4 -18 20 21 22
4 -21 23 24 25
4 -24 26 27 28
4 -27 29 30 31
4 -30 32 33 34
7 35 -4 5 -10 -13 36 37
4 38 39 40 41
4 42 43 44 45
4 46 47 48 49
4 50 51 52 53
4 54 55 56 57
4 58 59 60 61
4 62 63 64 65
3 66 67 68
3 69 70 71
7 -32 -29 -26 -23 72 73 74
7 75 76 -11 -8 7 -2 77
4 78 79 80 81
4 82 83 84 85
4 86 87 88 89
3 90 91 92
3 93 94 95
3 96 97 98
3 99 100 101
3 102 103 104
3 105 106 107
3 108 109 110
4 111 112 113 114
4 -113 115 116 117
4 -116 118 119 120
4 -119 121 122 123
4 -122 124 125 126
4 -125 127 128 129
4 -128 130 131 132
4 -131 133 134 135
4 -134 136 137 138
4 -137 139 140 -105
4 -140 -110 141 142
0
0
5
*
8
-2509.483154 -308.933533 2211.265869
-2509.483154 -308.933533 2526.266113
-2082.608154 -308.933533 2526.266113
-2082.608154 -308.933533 2211.265869
-2509.483154 3816.066406 2526.266113
-2509.483154 3816.066406 2211.265869
-2082.608154 3816.066406 2211.265869
-2082.608154 3816.066406 2526.266113
4
0 1
1 2
2 3
3 0
12
1 0
0 3
3 2
2 1
4 7
7 6
6 5
5 4
1 4
5 0
6 3
2 7
6
4 1 2 3 4
4 5 6 7 8
4 -1 9 -8 10
4 -2 -10 -7 11
4 -4 12 -5 -9
4 -3 -11 -6 -12
0
0
5
*
8
2082.608154 3816.066406 2526.266113
2082.608154 3816.066406 2211.265869
2509.483154 3816.066406 2211.265869
2509.483154 3816.066406 2526.266113
2082.608154 -308.933533 2211.265869
2082.608154 -308.933533 2526.266113
2509.483154 -308.933533 2526.266113
2509.483154 -308.933533 2211.265869
4
7 6
6 5
5 4
4 7
12
6 5
5 4
4 7
7 6
3 2
2 1
1 0
0 3
7 2
3 6
4 1
0 5
6
4 1 2 3 4
4 5 6 7 8
4 9 -5 10 -4
4 11 -6 -9 -3
4 -10 -8 12 -1
4 -12 -7 -11 -2
0
0
-2
*
118
-2734.755859 3257.500000 -8.000000
-2734.755859 3257.500000 1900.000000
-1969.755981 3257.500000 1900.000000
-1969.755981 3257.500000 -8.000000
-1969.755981 2695.000000 -8.000000
-2734.755859 2695.000000 -8.000000
-1969.755981 2695.000000 1900.000000
-2734.755859 2695.000000 1900.000000
-3094.755859 2695.000000 952.000000
-3094.755859 2695.000000 -8.000000
-2734.755859 2695.000000 1684.000000
-2734.755859 2650.000000 1900.000000
-2734.755859 2650.000000 1954.000000
-1969.755981 2650.000000 1954.000000
-1969.755981 2650.000000 1900.000000
-1834.755981 2650.000000 -62.000000
-1834.755981 2650.000000 -8.000000
-2689.755859 2650.000000 -62.000000
-2689.755859 2650.000000 -8.000000
-2689.755859 3275.000000 -62.000000
-2689.755859 3275.000000 -8.000000
-1834.755981 3275.000000 -62.000000
-1834.755981 3275.000000 -8.000000
-3139.756104 2650.000000 -62.000000
-3139.756104 3275.000000 -62.000000
-3139.756104 2650.000000 -8.000000
-3139.756104 3275.000000 -8.000000
-3094.755859 3257.500000 952.000000
-2734.755859 3257.500000 1684.000000
-3094.755859 3257.500000 -8.000000
-3094.755859 1370.000000 952.000000
-3094.755859 1370.000000 -8.000000
-2734.755859 1370.000000 -8.000000
-2734.755859 1370.000000 1684.000000
-2734.755859 1370.000000 1900.000000
-1969.755981 1370.000000 1900.000000
-1969.755981 1370.000000 -8.000000
-1969.755981 1932.500000 -8.000000
-1969.755981 1932.500000 1900.000000
-2734.755859 1932.500000 1900.000000
-2734.755859 1932.500000 -8.000000
-2734.755859 1325.000000 1900.000000
-2734.755859 1325.000000 1954.000000
-1969.755981 1325.000000 1954.000000
-1969.755981 1325.000000 1900.000000
-1834.755981 1325.000000 -62.000000
-1834.755981 1325.000000 -8.000000
-2689.755859 1325.000000 -62.000000
-2689.755859 1325.000000 -8.000000
-2689.755859 1950.000000 -62.000000
-2689.755859 1950.000000 -8.000000
-1834.755981 1950.000000 -62.000000
-1834.755981 1950.000000 -8.000000
-3139.756104 1325.000000 -62.000000
-3139.756104 1950.000000 -62.000000
-3139.756104 1325.000000 -8.000000
-3139.756104 1950.000000 -8.000000
-3094.755859 1932.500000 952.000000
-2734.755859 1932.500000 1684.000000
-3094.755859 1932.500000 -8.000000
-2734.755859 607.500000 -8.000000
-2734.755859 607.500000 1900.000000
-1969.755981 607.500000 1900.000000
-1969.755981 607.500000 -8.000000
-1969.755981 45.000000 -8.000000
-2734.755859 45.000000 -8.000000
-1969.755981 45.000000 1900.000000
-2734.755859 45.000000 1900.000000
-3094.755859 607.500000 952.000000
-2734.755859 607.500000 1684.000000
-3094.755859 607.500000 -8.000000
-3094.755859 45.000000 -8.000000
-3094.755859 45.000000 952.000000
-2734.755859 45.000000 1684.000000
-2689.755859 0.000000 -62.000000
-2689.755859 0.000000 -8.000000
-1834.755981 0.000000 -8.000000
-1834.755981 0.000000 -62.000000
-3139.756104 0.000000 -62.000000
-3139.756104 625.000000 -62.000000
-2689.755859 625.000000 -62.000000
-3139.756104 0.000000 -8.000000
-2689.755859 625.000000 -8.000000
-3139.756104 625.000000 -8.000000
-2734.755859 0.000000 1900.000000
-2734.755859 0.000000 1954.000000
-1969.755981 0.000000 1954.000000
-1969.755981 0.000000 1900.000000
-1834.755981 625.000000 -8.000000
-1834.755981 625.000000 -62.000000
-2648.129395 3615.000000 1954.000000
-2648.129395 3615.000000 2080.000000
-1928.129517 3615.000000 2080.000000
-1928.129517 3615.000000 1954.000000
-1928.129517 -135.000000 1954.000000
-2648.129395 -135.000000 1954.000000
-1928.129517 -135.000000 2080.000000
-2648.129395 -135.000000 2080.000000
-2734.755859 1950.000000 1900.000000
-2734.755859 1950.000000 1954.000000
-1969.755981 1950.000000 1954.000000
-1969.755981 1950.000000 1900.000000
-2734.755859 625.000000 1900.000000
-2734.755859 625.000000 1954.000000
-1969.755981 625.000000 1954.000000
-1969.755981 625.000000 1900.000000
-2734.755859 3275.000000 1900.000000
-2734.755859 3275.000000 1954.000000
-1969.755981 3275.000000 1954.000000
-1969.755981 3275.000000 1900.000000
-2558.129395 3615.000000 2080.000000
-2558.129395 3615.000000 2206.000000
-2018.129517 3615.000000 2206.000000
-2018.129517 3615.000000 2080.000000
-2018.129517 -135.000000 2080.000000
-2558.129395 -135.000000 2080.000000
-2018.129517 -135.000000 2206.000000
-2558.129395 -135.000000 2206.000000
0
314
0 1
1 2
2 3
3 0
4 5
5 0
3 4
6 4
2 6
7 6
1 7
5 7
8 9
9 5
5 10
10 8
1 2
2 3
3 0
0 1
11 12
12 13
13 11
13 14
14 11
13 12
12 14
12 11
7 1
0 5
5 7
4 6
6 7
7 4
4 5
4 7
7 5
1 0
0 2
15 16
16 17
17 15
17 18
18 16
19 20
20 21
21 19
21 22
22 20
23 24
24 19
19 17
17 23
25 18
18 20
20 26
26 25
23 25
26 24
19 20
17 18
4 5
13 14
14 11
7 6
6 4
5 7
11 12
12 13
13 14
14 11
27 28
28 0
0 29
29 27
8 27
29 9
5 0
28 10
17 18
18 16
16 15
15 17
17 19
19 21
21 15
21 22
22 16
22 20
20 18
20 19
30 31
31 32
32 33
33 30
35 36
36 37
37 38
38 35
39 38
37 40
40 39
41 42
42 43
43 41
43 44
44 41
43 42
42 44
42 41
34 39
40 32
32 34
35 34
34 36
36 32
36 34
34 32
39 40
40 38
37 38
45 46
46 47
47 45
47 48
48 46
49 50
50 51
51 49
51 52
52 50
53 54
54 49
49 47
47 53
55 48
48 50
50 56
56 55
53 55
56 54
49 50
47 48
35 36
36 32
43 44
44 41
34 35
32 34
41 42
42 43
43 44
44 41
57 58
58 40
40 59
59 57
31 59
32 40
58 33
57 30
47 48
48 46
46 45
45 47
39 38
37 40
36 32
34 39
39 40
40 32
47 49
49 51
51 45
51 52
52 46
52 50
50 48
50 49
60 61
61 62
62 63
63 60
64 65
65 60
63 64
66 64
62 66
67 66
61 67
65 67
68 69
69 60
60 70
70 68
71 72
72 68
70 71
65 71
60 65
73 65
69 73
72 73
74 75
75 76
76 77
77 74
78 79
79 80
80 74
74 78
81 75
75 82
82 83
83 81
78 81
83 79
82 80
74 75
84 87
87 86
86 85
85 84
67 66
66 64
64 65
65 67
84 86
86 87
87 84
80 82
82 88
88 89
89 80
77 74
74 80
89 77
76 77
88 76
75 76
82 75
74 75
84 85
85 86
90 91
91 92
92 93
93 90
94 95
95 90
93 94
96 94
92 96
97 96
91 97
95 97
98 99
99 100
100 101
101 98
44 41
41 98
101 44
43 44
100 43
42 43
99 42
41 42
102 103
103 104
104 105
105 102
87 84
84 102
105 87
86 87
104 86
103 85
106 107
107 108
108 109
109 106
14 11
11 106
109 14
13 14
108 13
12 13
107 12
11 12
110 111
111 112
112 113
113 110
114 115
115 110
113 114
116 114
112 116
117 116
111 117
115 117
95 97
97 96
96 94
94 95
95 97
97 96
96 94
94 95
115 117
117 116
116 114
114 115
151
4 1 2 3 4
4 5 6 -4 7
4 8 -7 -3 9
4 10 -9 -2 11
4 12 -11 -1 -6
4 13 14 15 16
4 12 10 8 5
4 17 18 19 20
3 21 22 23
4 21 22 24 25
3 -24 26 27
3 28 -25 -27
4 29 -20 30 31
3 32 33 34
3 31 34 35
3 -35 36 37
3 -17 38 39
3 -19 -18 -39
3 40 41 42
3 43 44 41
3 45 46 47
3 48 49 46
4 50 51 52 53
4 54 55 56 57
4 -50 58 -57 59
4 -51 -59 -56 -45
4 -52 60 -55 -43
4 -53 61 -54 -58
4 -33 -32 62 -37
4 -28 -26 63 64
4 42 40 -44 -61
4 65 66 62 67
4 68 69 63 64
3 -23 70 71
4 72 73 74 75
4 -13 76 -75 77
4 -14 -77 -74 30
4 -15 78 -73 79
4 -16 -79 -72 -76
4 80 81 82 83
4 60 -49 -48 47
4 83 84 85 86
4 82 -86 87 88
4 81 -88 89 90
4 80 -90 91 -84
4 68 69 70 71
4 92 93 94 95
4 96 97 98 99
4 100 -98 101 102
3 103 104 105
4 103 104 106 107
3 -106 108 109
3 110 -107 -109
4 111 -102 112 113
3 -96 114 115
3 113 115 116
3 -116 117 118
3 -100 119 120
3 -101 121 -120
3 122 123 124
3 125 126 123
3 127 128 129
3 130 131 128
4 132 133 134 135
4 136 137 138 139
4 -132 140 -139 141
4 -133 -141 -138 -127
4 -134 142 -137 -125
4 -135 143 -136 -140
4 -114 144 145 -118
4 -110 -108 146 147
4 124 122 -126 -143
4 148 144 145 149
4 150 151 146 147
3 -105 152 153
4 154 155 156 157
4 -93 158 -156 112
4 -94 159 -155 160
4 -95 -160 -154 161
4 162 163 164 165
4 -119 166 -121 167
4 168 159 -167 -97
4 148 -99 -166 -111
4 149 169 170 171
4 142 -131 -130 129
4 165 172 173 174
4 164 -174 175 176
4 163 -176 177 178
4 162 -178 179 -172
4 150 151 152 153
4 180 181 182 183
4 184 185 -183 186
4 187 -186 -182 188
4 189 -188 -181 190
4 191 -190 -180 -185
4 192 193 194 195
4 196 197 -195 198
4 199 -198 -194 200
4 201 -200 -193 202
4 203 -202 -192 -197
4 204 205 206 207
4 208 209 210 211
4 212 213 214 215
4 -208 216 -215 217
4 -209 -217 -214 218
4 -210 -218 -213 -204
4 -211 219 -212 -216
4 -191 -184 -187 -189
4 220 221 222 223
4 -207 -206 -205 -219
4 224 225 226 227
4 -223 -222 -221 -220
3 228 229 230
4 231 232 233 234
4 235 236 -234 237
4 238 -237 -233 239
4 240 -239 -232 241
4 242 -241 -231 -236
4 243 244 229 230
4 245 246 247 248
4 249 250 -248 251
4 252 -251 -247 253
4 254 -253 -246 255
4 256 -255 -245 -250
4 257 258 259 260
4 261 262 -260 263
4 264 -263 -259 265
4 266 -265 -258 267
4 268 -267 -257 -262
4 269 270 271 272
4 273 274 -272 275
4 276 -275 -271 277
4 244 -277 -270 278
4 243 -278 -269 -274
4 279 280 281 282
4 283 284 -282 285
4 286 -285 -281 287
4 288 -287 -280 289
4 290 -289 -279 -284
4 291 292 293 294
4 295 296 -294 297
4 298 -297 -293 299
4 300 -299 -292 301
4 302 -301 -291 -296
4 -249 -252 -254 -256
4 303 304 305 306
4 -305 -304 -303 -306
4 -295 -298 -300 -302
4 307 308 309 310
4 311 312 313 314
4 -92 -161 -157 -158
0
0
-2
*
23
-3094.755859 45.000000 952.003235
-3094.755859 45.000000 -7.996724
-2734.755859 45.000000 -7.996724
-2734.755859 45.000000 1684.003296
-2734.755859 45.000000 1900.003296
-1969.755981 45.000000 1900.003296
-1969.755981 45.000000 -7.996724
-2734.755859 607.500000 1900.003296
-1969.755981 607.500000 1900.003296
-1969.755981 607.500000 -7.996724
-2734.755859 607.500000 -7.996724
-2734.755859 0.000000 1900.003296
-2734.755859 0.000000 1954.003296
-1969.755981 0.000000 1954.003296
-1969.755981 0.000000 1900.003296
-1834.755981 0.000000 -61.996723
-1834.755981 0.000000 -7.996724
-2689.755859 0.000000 -61.996723
-2689.755859 0.000000 -7.996724
-2689.755859 625.000000 -61.996723
-2689.755859 625.000000 -7.996724
-1834.755981 625.000000 -61.996723
-1834.755981 625.000000 -7.996724
0
35
0 1
1 2
2 3
3 0
7 8
8 9
9 10
10 7
11 12
12 13
13 11
13 14
14 11
13 12
12 14
12 11
4 7
10 2
2 4
6 5
5 4
4 6
2 6
7 10
10 8
15 16
16 17
17 15
17 18
18 16
19 20
20 21
21 19
21 22
22 20
15
4 1 2 3 4
4 5 6 7 8
3 9 10 11
4 9 10 12 13
3 -12 14 15
3 16 -13 -15
4 17 -8 18 19
3 20 21 22
3 23 -22 -19
3 -5 24 25
3 -7 -6 -25
3 26 27 28
3 29 30 27
3 31 32 33
3 34 35 32
0
0
-2
*
23
1834.755981 625.000000 -7.996724
1834.755981 625.000000 -61.996723
2689.755859 625.000000 -7.996724
2689.755859 625.000000 -61.996723
2689.755859 0.000000 -7.996724
2689.755859 0.000000 -61.996723
1834.755981 0.000000 -7.996724
1834.755981 0.000000 -61.996723
1969.755981 0.000000 1900.003296
1969.755981 0.000000 1954.003296
2734.755859 0.000000 1954.003296
2734.755859 0.000000 1900.003296
2734.755859 607.500000 -7.996724
1969.755981 607.500000 -7.996724
1969.755981 607.500000 1900.003296
2734.755859 607.500000 1900.003296
1969.755981 45.000000 -7.996724
1969.755981 45.000000 1900.003296
2734.755859 45.000000 1900.003296
2734.755859 45.000000 1684.003296
2734.755859 45.000000 -7.996724
3094.755859 45.000000 -7.996724
3094.755859 45.000000 952.003235
0
35
22 19
19 20
20 21
21 22
15 12
12 13
13 14
14 15
11 9
9 10
10 11
9 8
8 11
8 10
10 9
11 10
18 20
20 12
15 18
16 18
18 17
17 16
14 12
12 15
7 5
5 6
6 7
5 4
4 6
3 1
1 2
2 3
2 0
0 1
16 20
15
4 1 2 3 4
4 5 6 7 8
3 9 10 11
4 -11 -10 12 13
3 14 15 12
3 -14 13 16
4 17 18 -5 19
3 20 21 22
3 23 24 -8
3 -23 -7 -6
3 25 26 27
3 28 29 -26
3 30 31 32
3 31 33 34
3 -17 -20 35
0
0
-2
*
118
2558.129395 -135.000000 2206.000000
2018.129517 -135.000000 2206.000000
2558.129395 -135.000000 2080.000000
2018.129517 -135.000000 2080.000000
2018.129517 3615.000000 2080.000000
2018.129517 3615.000000 2206.000000
2558.129395 3615.000000 2206.000000
2558.129395 3615.000000 2080.000000
1969.755981 3275.000000 1900.000000
1969.755981 3275.000000 1954.000000
2734.755859 3275.000000 1954.000000
2734.755859 3275.000000 1900.000000
1969.755981 625.000000 1900.000000
1969.755981 625.000000 1954.000000
2734.755859 625.000000 1954.000000
2734.755859 625.000000 1900.000000
1969.755981 1950.000000 1900.000000
1969.755981 1950.000000 1954.000000
2734.755859 1950.000000 1954.000000
2734.755859 1950.000000 1900.000000
2648.129395 -135.000000 2080.000000
1928.129517 -135.000000 2080.000000
2648.129395 -135.000000 1954.000000
1928.129517 -135.000000 1954.000000
1928.129517 3615.000000 1954.000000
1928.129517 3615.000000 2080.000000
2648.129395 3615.000000 2080.000000
2648.129395 3615.000000 1954.000000
1834.755981 625.000000 -62.000000
1834.755981 625.000000 -8.000000
1969.755981 0.000000 1900.000000
1969.755981 0.000000 1954.000000
2734.755859 0.000000 1954.000000
2734.755859 0.000000 1900.000000
3139.756104 625.000000 -8.000000
2689.755859 625.000000 -8.000000
3139.756104 0.000000 -8.000000
2689.755859 625.000000 -62.000000
3139.756104 625.000000 -62.000000
3139.756104 0.000000 -62.000000
1834.755981 0.000000 -62.000000
1834.755981 0.000000 -8.000000
2689.755859 0.000000 -8.000000
2689.755859 0.000000 -62.000000
2734.755859 45.000000 1684.000000
3094.755859 45.000000 952.000000
3094.755859 45.000000 -8.000000
3094.755859 607.500000 -8.000000
2734.755859 607.500000 1684.000000
3094.755859 607.500000 952.000000
2734.755859 45.000000 1900.000000
1969.755981 45.000000 1900.000000
2734.755859 45.000000 -8.000000
1969.755981 45.000000 -8.000000
1969.755981 607.500000 -8.000000
1969.755981 607.500000 1900.000000
2734.755859 607.500000 1900.000000
2734.755859 607.500000 -8.000000
3094.755859 1932.500000 -8.000000
2734.755859 1932.500000 1684.000000
3094.755859 1932.500000 952.000000
3139.756104 1950.000000 -8.000000
3139.756104 1325.000000 -8.000000
3139.756104 1950.000000 -62.000000
3139.756104 1325.000000 -62.000000
1834.755981 1950.000000 -8.000000
1834.755981 1950.000000 -62.000000
2689.755859 1950.000000 -8.000000
2689.755859 1950.000000 -62.000000
2689.755859 1325.000000 -8.000000
2689.755859 1325.000000 -62.000000
1834.755981 1325.000000 -8.000000
1834.755981 1325.000000 -62.000000
1969.755981 1325.000000 1900.000000
1969.755981 1325.000000 1954.000000
2734.755859 1325.000000 1954.000000
2734.755859 1325.000000 1900.000000
2734.755859 1932.500000 -8.000000
2734.755859 1932.500000 1900.000000
1969.755981 1932.500000 1900.000000
1969.755981 1932.500000 -8.000000
1969.755981 1370.000000 -8.000000
1969.755981 1370.000000 1900.000000
2734.755859 1370.000000 1900.000000
2734.755859 1370.000000 1684.000000
2734.755859 1370.000000 -8.000000
3094.755859 1370.000000 -8.000000
3094.755859 1370.000000 952.000000
3094.755859 3257.500000 -8.000000
2734.755859 3257.500000 1684.000000
3094.755859 3257.500000 952.000000
3139.756104 3275.000000 -8.000000
3139.756104 2650.000000 -8.000000
3139.756104 3275.000000 -62.000000
3139.756104 2650.000000 -62.000000
1834.755981 3275.000000 -8.000000
1834.755981 3275.000000 -62.000000
2689.755859 3275.000000 -8.000000
2689.755859 3275.000000 -62.000000
2689.755859 2650.000000 -8.000000
2689.755859 2650.000000 -62.000000
1834.755981 2650.000000 -8.000000
1834.755981 2650.000000 -62.000000
1969.755981 2650.000000 1900.000000
1969.755981 2650.000000 1954.000000
2734.755859 2650.000000 1954.000000
2734.755859 2650.000000 1900.000000
2734.755859 2695.000000 1684.000000
3094.755859 2695.000000 -8.000000
3094.755859 2695.000000 952.000000
2734.755859 2695.000000 1900.000000
1969.755981 2695.000000 1900.000000
2734.755859 2695.000000 -8.000000
1969.755981 2695.000000 -8.000000
1969.755981 3257.500000 -8.000000
1969.755981 3257.500000 1900.000000
2734.755859 3257.500000 1900.000000
2734.755859 3257.500000 -8.000000
0
314
117 114
114 115
115 116
116 117
113 114
117 112
112 113
111 115
113 111
110 116
111 110
110 112
109 107
107 112
112 108
108 109
116 117
117 114
114 115
115 116
106 104
104 105
105 106
106 103
103 104
103 105
105 104
106 105
110 112
112 117
116 110
113 110
110 111
111 113
112 113
112 110
110 113
115 117
117 116
102 100
100 101
101 102
101 99
99 100
98 96
96 97
97 98
97 95
95 96
94 100
100 98
98 93
93 94
92 91
91 97
97 99
99 92
93 91
92 94
97 98
99 100
112 113
106 103
103 104
110 112
113 111
111 110
104 105
105 106
106 103
103 104
90 88
88 117
117 89
89 90
108 88
90 109
107 89
117 112
100 102
102 101
101 99
99 100
102 96
96 98
98 100
101 95
95 96
99 97
97 95
98 97
87 84
84 85
85 86
86 87
82 79
79 80
80 81
81 82
78 77
77 80
79 78
76 74
74 75
75 76
76 73
73 74
73 75
75 74
76 75
83 85
85 77
78 83
81 83
83 82
85 81
85 83
83 81
79 77
77 78
79 80
72 70
70 71
71 72
71 69
69 70
68 66
66 67
67 68
67 65
65 66
64 70
70 68
68 63
63 64
62 61
61 67
67 69
69 62
63 61
62 64
67 68
69 70
85 81
81 82
76 73
73 74
83 85
82 83
74 75
75 76
76 73
73 74
60 58
58 77
77 59
59 60
58 86
84 59
77 85
87 60
70 72
72 71
71 69
69 70
77 80
79 78
85 81
85 77
77 78
78 83
72 66
66 68
68 70
71 65
65 66
69 67
67 65
68 67
57 54
54 55
55 56
56 57
53 54
57 52
52 53
51 55
53 51
50 56
51 50
50 52
49 47
47 57
57 48
48 49
46 47
49 45
45 46
52 57
46 52
44 48
52 44
44 45
43 40
40 41
41 42
42 43
39 43
43 37
37 38
38 39
36 34
34 35
35 42
42 36
38 34
36 39
37 35
42 43
33 30
30 31
31 32
32 33
50 52
52 53
53 51
51 50
33 30
30 31
31 33
37 28
28 29
29 35
35 37
40 28
37 43
43 40
41 29
40 41
42 35
41 42
42 43
31 32
32 33
27 24
24 25
25 26
26 27
23 24
27 22
22 23
21 25
23 21
20 26
21 20
20 22
19 16
16 17
17 18
18 19
73 16
19 76
76 73
74 17
73 74
75 18
74 75
75 76
15 12
12 13
13 14
14 15
30 12
15 33
33 30
31 13
30 31
32 14
11 8
8 9
9 10
10 11
103 8
11 106
106 103
104 9
103 104
105 10
104 105
105 106
7 4
4 5
5 6
6 7
3 4
7 2
2 3
1 5
3 1
0 6
1 0
0 2
22 23
23 21
21 20
20 22
22 23
23 21
21 20
20 22
2 3
3 1
1 0
0 2
151
4 1 2 3 4
4 5 -1 6 7
4 8 -2 -5 9
4 10 -3 -8 11
4 -6 -4 -10 12
4 13 14 15 16
4 7 9 11 12
4 17 18 19 20
3 21 22 23
4 24 25 22 23
3 26 27 -25
3 -26 -24 28
4 29 30 -17 31
3 32 33 34
3 35 32 29
3 36 37 -35
3 38 39 -20
3 -38 -19 -18
3 40 41 42
3 41 43 44
3 45 46 47
3 46 48 49
4 50 51 52 53
4 54 55 56 57
4 58 -54 59 -53
4 -47 -55 -58 -52
4 -44 -56 60 -51
4 -59 -57 61 -50
4 -36 62 -34 -33
4 63 64 -27 -28
4 -61 -43 42 40
4 65 62 66 67
4 63 64 68 69
3 70 71 -21
4 72 73 74 75
4 76 -72 77 -16
4 30 -73 -76 -15
4 78 -74 79 -14
4 -77 -75 -78 -13
4 80 81 82 83
4 45 -49 -48 60
4 84 85 86 80
4 87 88 -84 81
4 89 90 -87 82
4 -86 91 -89 83
4 70 71 68 69
4 92 93 94 95
4 96 97 98 99
4 100 101 -97 102
3 103 104 105
4 106 107 104 105
3 108 109 -107
3 -108 -106 110
4 111 112 -100 113
3 114 115 -99
3 116 114 111
3 117 118 -116
3 119 120 -102
3 -119 121 -101
3 122 123 124
3 123 125 126
3 127 128 129
3 128 130 131
4 132 133 134 135
4 136 137 138 139
4 140 -136 141 -135
4 -129 -137 -140 -134
4 -126 -138 142 -133
4 -141 -139 143 -132
4 -117 144 145 -115
4 146 147 -109 -110
4 -143 -125 124 122
4 148 144 145 149
4 146 147 150 151
3 152 153 -103
4 154 155 156 157
4 112 -155 158 -94
4 159 -156 160 -93
4 161 -157 -159 -92
4 162 163 164 165
4 166 -121 167 -120
4 -98 -166 160 168
4 -113 -167 -96 149
4 169 170 171 148
4 127 -131 -130 142
4 172 173 174 162
4 175 176 -172 163
4 177 178 -175 164
4 -174 179 -177 165
4 152 153 150 151
4 180 181 182 183
4 184 -180 185 186
4 187 -181 -184 188
4 189 -182 -187 190
4 -185 -183 -189 191
4 192 193 194 195
4 196 -192 197 198
4 199 -193 -196 200
4 201 -194 -199 202
4 -197 -195 -201 203
4 204 205 206 207
4 208 209 210 211
4 212 213 214 215
4 216 -212 217 -211
4 218 -213 -216 -210
4 -207 -214 -218 -209
4 -217 -215 219 -208
4 191 186 188 190
4 220 221 222 223
4 -219 -206 -205 -204
4 224 225 226 227
4 220 221 222 223
3 228 229 230
4 231 232 233 234
4 235 -231 236 237
4 238 -232 -235 239
4 240 -233 -238 241
4 -236 -234 -240 242
4 228 229 243 244
4 245 246 247 248
4 249 -245 250 251
4 252 -246 -249 253
4 254 -247 -252 255
4 -250 -248 -254 256
4 257 258 259 260
4 261 -257 262 263
4 264 -258 -261 265
4 266 -259 -264 267
4 -262 -260 -266 268
4 269 270 271 272
4 273 -269 274 275
4 276 -270 -273 277
4 278 -271 -276 243
4 -274 -272 -278 244
4 279 280 281 282
4 283 -279 284 285
4 286 -280 -283 287
4 288 -281 -286 289
4 -284 -282 -288 290
4 291 292 293 294
4 295 -291 296 297
4 298 -292 -295 299
4 300 -293 -298 301
4 -296 -294 -300 302
4 -256 -255 -253 -251
4 303 304 305 306
4 -303 -306 -305 -304
4 -302 -301 -299 -297
4 307 308 309 310
4 311 312 313 314
4 -158 -154 -161 -95
0
0
-2
*
8
3408.030273 -342.102722 -221.080765
3408.030273 -342.102722 -134.680756
3897.630371 -342.102722 -134.680756
3897.630371 -342.102722 -221.080765
3408.030273 1731.497070 -221.080765
3897.630371 1731.497070 -221.080765
3897.630371 1731.497070 -134.680756
3408.030273 1731.497070 -134.680756
3
0 1
1 2
2 3
12
0 3
3 2
2 1
1 0
4 7
7 6
6 5
5 4
0 4
5 3
6 2
7 1
6
4 1 2 3 4
4 5 6 7 8
4 -1 9 -8 10
4 -2 -10 -7 11
4 -3 -11 -6 12
4 -4 -12 -5 -9
0
0
5
*
8
3493.205566 -345.747131 1238.780640
3810.005859 -345.747131 1238.780640
3810.005859 -345.747131 345.980530
3493.205566 -345.747131 345.980469
3810.005859 -518.547119 345.980530
3810.005859 -518.547119 1238.780640
3493.205566 -518.547119 1238.780640
3493.205566 -518.547119 345.980469
4
7 6
6 5
5 4
4 7
12
7 4
4 5
5 6
6 7
3 0
0 1
1 2
2 3
7 3
2 4
1 5
0 6
6
4 1 2 3 4
4 5 6 7 8
4 -1 9 -8 10
4 -2 -10 -7 11
4 -3 -11 -6 12
4 -4 -12 -5 -9
0
0
-2
*
8
3896.405762 1564.463623 1469.180542
3406.805664 1564.463623 1469.180542
3406.805664 1737.263672 1469.180542
3896.405762 1737.263672 1469.180542
3896.405762 1564.463623 -143.619507
3896.405762 1737.263672 -143.619507
3406.805664 1737.263672 -143.619507
3406.805664 1564.463623 -143.619507
0
12
4 7
7 6
6 5
5 4
3 0
0 4
5 3
2 3
6 2
1 2
7 1
0 1
5
4 1 2 3 4
4 5 6 -4 7
4 8 -7 -3 9
4 10 -9 -2 11
4 12 -11 -1 -6
0
0
-2
*
14
2629.205566 1564.463623 1699.580444
2629.205566 1737.263672 1699.580444
3320.405762 1564.463623 1699.580444
3320.405762 1737.263672 1699.580444
3896.405762 1564.463623 1872.380493
3896.405762 1737.263672 1872.380493
2629.205566 1564.463623 1872.380493
2629.205566 1737.263672 1872.380493
3406.805664 1564.463623 1670.780518
3406.805664 1737.263672 1670.780518
3406.805664 1564.463623 1469.180542
3406.805664 1737.263672 1469.180542
3896.405762 1564.463623 1469.180542
3896.405762 1737.263672 1469.180542
0
23
1 7
7 5
5 3
3 1
2 0
0 1
3 2
6 4
4 5
7 6
0 6
9 3
5 9
8 2
9 8
5 13
13 11
11 9
10 8
11 10
12 10
13 12
4 12
10
4 1 2 3 4
4 5 6 -4 7
4 8 9 -2 10
4 11 -10 -1 -6
3 12 -3 13
4 14 -7 -12 15
4 16 17 18 -13
4 19 -15 -18 20
4 21 -20 -17 22
4 23 -22 -16 -9
0
0
-2
*
7
2629.205566 1564.463623 1699.580444
2629.205566 1564.463623 1872.380493
3896.405762 1564.463623 1872.380493
3896.405762 1564.463623 1469.180542
3406.805664 1564.463623 1469.180542
3406.805664 1564.463623 1670.780518
3320.405762 1564.463623 1699.580444
7
0 1
1 2
2 3
3 4
4 5
0 6
6 5
9
0 6
6 2
2 1
1 0
5 2
6 5
5 4
4 3
3 2
3
4 1 2 3 4
3 5 -2 6
4 -5 7 8 9
0
0
16
*
3
3896.405762 1735.697754 1471.759277
3896.405762 1562.897705 1471.759277
3406.805664 1562.897705 1471.759277
0
3
2 1
1 0
0 2
1
3 1 2 3
0
0
-2
*
8
3898.740234 925.095886 1478.361206
3898.740234 1558.696289 1478.361206
3409.140625 1558.696289 1478.361206
3409.140625 925.095886 1478.361206
3409.140625 1558.696289 -134.438889
3898.740234 1558.696289 -134.438889
3898.740234 925.095886 -134.438889
3409.140625 925.095886 -134.438889
0
12
7 4
4 5
5 6
6 7
3 0
0 1
1 2
2 3
7 3
2 4
1 5
0 6
6
4 1 2 3 4
4 5 6 7 8
4 -1 9 -8 10
4 -2 -10 -7 11
4 -3 -11 -6 12
4 -4 -12 -5 -9
0
0
-2
*
8
3898.740234 925.095886 1478.361206
3898.740234 291.496033 1478.361206
3409.140625 291.496033 1478.361206
3409.140625 925.095886 1478.361206
3409.140625 291.496033 -134.438889
3898.740234 291.496033 -134.438889
3898.740234 925.095886 -134.438889
3409.140625 925.095886 -134.438889
0
12
7 6
6 5
5 4
4 7
3 2
2 1
1 0
0 3
4 2
3 7
5 1
6 0
6
4 1 2 3 4
4 5 6 7 8
4 9 -5 10 -4
4 11 -6 -9 -3
4 12 -7 -11 -2
4 -10 -8 -12 -1
0
0
-2
*
8
3899.215820 291.496033 1478.361206
3899.215820 -342.104126 1478.361206
3409.615723 -342.104126 1478.361206
3409.615723 291.496033 1478.361206
3409.615723 -342.104126 -134.438889
3899.215820 -342.104126 -134.438889
3899.215820 291.496033 -134.438889
3409.615723 291.496033 -134.438889
0
12
7 6
6 5
5 4
4 7
3 2
2 1
1 0
0 3
4 2
3 7
5 1
6 0
6
4 1 2 3 4
4 5 6 7 8
4 9 -5 10 -4
4 11 -6 -9 -3
4 12 -7 -11 -2
4 -10 -8 -12 -1
0
0
6
*
8
-1083.691284 14.111331 -268.688019
1103.808716 14.111331 -268.688019
1103.808716 3470.111328 -268.688019
-1083.691284 3470.111328 -268.688019
-1083.691284 14.111331 -111.188019
-1083.691284 3470.111328 -111.188019
1103.808716 3470.111328 -111.188019
1103.808716 14.111331 -111.188019
0
12
0 3
3 2
2 1
1 0
4 7
7 6
6 5
5 4
0 4
5 3
6 2
7 1
6
4 1 2 3 4
4 5 6 7 8
4 -1 9 -8 10
4 -2 -10 -7 11
4 -3 -11 -6 12
4 -4 -12 -5 -9
0
0
6
*
40
1165.369385 12.153026 6.422440
1165.369385 3468.159668 6.422440
1097.663818 12.153026 -22.511581
1097.663818 3468.159668 -22.511581
1078.567261 12.153026 -22.511581
1078.567261 3468.159668 -22.511581
1078.567261 12.153026 6.422440
1078.567261 3468.159668 6.422440
1097.663818 12.153026 -51.445602
1097.663818 3468.159668 -51.445602
1165.369385 12.153026 -109.313614
1165.369385 3468.159668 -109.313614
778.810974 12.153026 -109.313614
778.810974 3468.159668 -109.313614
1039.795776 12.153026 -51.445602
1039.795776 3468.159668 -51.445602
904.384521 12.153026 -51.445602
904.384521 3468.159668 -51.445602
846.516479 12.153026 -51.445602
846.516479 3468.159668 -51.445602
778.810974 12.153026 6.422440
778.810974 3468.159668 6.422440
846.516479 12.153026 -22.511581
846.516479 3468.159668 -22.511581
865.612976 12.153026 6.422440
865.612976 3468.159668 6.422440
865.612976 12.153026 -22.511581
865.612976 3468.159668 -22.511581
904.384521 12.153026 -22.511581
904.384521 3468.159668 -22.511581
1039.795776 12.153026 -22.511581
1039.795776 3468.159668 -22.511581
1058.892212 12.153026 -22.511581
1058.892212 3468.159668 -22.511581
885.288147 12.153026 -22.511581
885.288147 3468.159668 -22.511581
885.288147 12.153026 6.422440
885.288147 3468.159668 6.422440
1058.892212 12.153026 6.422440
1058.892212 3468.159668 6.422440
0
67
1 3
3 5
5 7
7 1
4 5
3 2
2 4
6 7
4 6
0 1
6 0
9 3
1 11
11 9
9 8
8 2
10 11
0 10
11 13
13 15
15 9
12 13
10 12
15 14
14 8
13 17
17 15
19 17
13 19
16 17
19 18
18 16
21 23
23 19
13 21
23 22
22 18
20 21
12 20
21 25
25 27
27 23
24 25
20 24
26 27
24 26
26 22
29 31
31 15
17 29
30 31
29 28
28 30
30 14
16 28
33 35
35 37
37 39
39 33
34 35
33 32
32 34
36 37
34 36
38 39
36 38
38 32
29
4 1 2 3 4
4 5 -2 6 7
4 8 -3 -5 9
4 10 -4 -8 11
4 12 -1 13 14
4 -6 -12 15 16
4 17 -13 -10 18
4 -14 19 20 21
4 22 -19 -17 23
4 -15 -21 24 25
3 -20 26 27
3 28 -26 29
4 30 -28 31 32
4 33 34 -29 35
4 -31 -34 36 37
4 38 -35 -22 39
4 -33 40 41 42
4 43 -40 -38 44
4 45 -41 -43 46
4 -36 -42 -45 47
4 48 49 -27 50
4 51 -48 52 53
4 -24 -49 -51 54
4 -52 -50 -30 55
4 56 57 58 59
4 60 -56 61 62
4 63 -57 -60 64
4 65 -58 -63 66
4 -61 -59 -65 67
0
0
6
*
20
1165.369385 12.153026 -109.313614
1165.369385 12.153026 6.422440
1078.567261 12.153026 6.422440
1078.567261 12.153026 -22.511581
1097.663818 12.153026 -22.511581
1097.663818 12.153026 -51.445602
1039.795776 12.153026 -51.445602
1039.795776 12.153026 -22.511581
1058.892212 12.153026 -22.511581
1058.892212 12.153026 6.422440
885.288147 12.153026 6.422440
885.288147 12.153026 -22.511581
904.384521 12.153026 -22.511581
904.384521 12.153026 -51.445602
846.516479 12.153026 -51.445602
846.516479 12.153026 -22.511581
865.612976 12.153026 -22.511581
865.612976 12.153026 6.422440
778.810974 12.153026 6.422440
778.810974 12.153026 -109.313614
0
27
1 2
2 3
3 4
4 1
5 0
0 1
4 5
5 6
6 19
19 0
6 13
13 19
14 19
13 14
18 19
14 15
15 18
15 16
16 17
17 18
12 13
6 7
7 12
8 9
9 10
10 11
11 8
9
4 1 2 3 4
4 5 6 -4 7
4 8 9 10 -5
3 11 12 -9
3 13 -12 14
4 15 -13 16 17
4 18 19 20 -17
4 21 -11 22 23
4 24 25 26 27
0
0
6
*
40
-382.749512 12.153026 5.874100
-382.749512 3468.159668 5.874100
-450.455139 12.153026 -23.059891
-450.455139 3468.159668 -23.059891
-469.551544 12.153026 -23.059891
-469.551544 3468.159668 -23.059891
-469.551544 12.153026 5.874100
-469.551544 3468.159668 5.874100
-450.455139 12.153026 -51.993912
-450.455139 3468.159668 -51.993912
-382.749512 12.153026 -109.861954
-382.749512 3468.159668 -109.861954
-769.307861 12.153026 -109.861954
-769.307861 3468.159668 -109.861954
-508.323120 12.153026 -51.993912
-508.323120 3468.159668 -51.993912
-643.734192 12.153026 -51.993912
-643.734192 3468.159668 -51.993912
-701.602234 12.153026 -51.993912
-701.602234 3468.159668 -51.993912
-769.307861 12.153026 5.874100
-769.307861 3468.159668 5.874100
-701.602234 12.153026 -23.059891
-701.602234 3468.159668 -23.059891
-682.505859 12.153026 5.874100
-682.505859 3468.159668 5.874100
-682.505859 12.153026 -23.059891
-682.505859 3468.159668 -23.059891
-643.734192 12.153026 -23.059891
-643.734192 3468.159668 -23.059891
-508.323120 12.153026 -23.059891
-508.323120 3468.159668 -23.059891
-489.226685 12.153026 -23.059891
-489.226685 3468.159668 -23.059891
-662.830688 12.153026 -23.059891
-662.830688 3468.159668 -23.059891
-662.830688 12.153026 5.874100
-662.830688 3468.159668 5.874100
-489.226685 12.153026 5.874100
-489.226685 3468.159668 5.874100
0
67
1 3
3 5
5 7
7 1
4 5
3 2
2 4
6 7
4 6
0 1
6 0
9 3
1 11
11 9
9 8
8 2
10 11
0 10
11 13
13 15
15 9
12 13
10 12
15 14
14 8
13 17
17 15
19 17
13 19
16 17
19 18
18 16
21 23
23 19
13 21
23 22
22 18
20 21
12 20
21 25
25 27
27 23
24 25
20 24
26 27
24 26
26 22
29 31
31 15
17 29
30 31
29 28
28 30
30 14
16 28
33 35
35 37
37 39
39 33
34 35
33 32
32 34
36 37
34 36
38 39
36 38
38 32
29
4 1 2 3 4
4 5 -2 6 7
4 8 -3 -5 9
4 10 -4 -8 11
4 12 -1 13 14
4 -6 -12 15 16
4 17 -13 -10 18
4 -14 19 20 21
4 22 -19 -17 23
4 -15 -21 24 25
3 -20 26 27
3 28 -26 29
4 30 -28 31 32
4 33 34 -29 35
4 -31 -34 36 37
4 38 -35 -22 39
4 -33 40 41 42
4 43 -40 -38 44
4 45 -41 -43 46
4 -36 -42 -45 47
4 48 49 -27 50
4 51 -48 52 53
4 -24 -49 -51 54
4 -52 -50 -30 55
4 56 57 58 59
4 60 -56 61 62
4 63 -57 -60 64
4 65 -58 -63 66
4 -61 -59 -65 67
0
0
6
*
20
-771.427673 12.153026 -109.610550
-771.427673 12.153026 6.125473
-684.625793 12.153026 6.125473
-684.625793 12.153026 -22.808548
-703.722168 12.153026 -22.808548
-703.722168 12.153026 -51.742569
-645.854187 12.153026 -51.742569
-645.854187 12.153026 -22.808548
-664.950500 12.153026 -22.808548
-664.950500 12.153026 6.125473
-491.346497 12.153026 6.125473
-491.346497 12.153026 -22.808548
-510.442963 12.153026 -22.808548
-510.442963 12.153026 -51.742569
-452.574951 12.153026 -51.742569
-452.574951 12.153026 -22.808548
-471.671356 12.153026 -22.808548
-471.671356 12.153026 6.125473
-384.869354 12.153026 6.125473
-384.869354 12.153026 -109.610550
0
27
18 17
17 16
16 15
15 18
14 19
19 18
15 14
14 13
13 0
0 19
13 6
6 0
5 0
6 5
1 0
5 4
4 1
4 3
3 2
2 1
7 6
13 12
12 7
11 10
10 9
9 8
8 11
9
4 1 2 3 4
4 5 6 -4 7
4 8 9 10 -5
3 11 12 -9
3 13 -12 14
4 15 -13 16 17
4 18 19 20 -17
4 21 -11 22 23
4 24 25 26 27
0
0
6
*
20
-770.903381 12.153026 -109.540939
-770.903381 12.153026 6.195023
-857.705322 12.153026 6.195023
-857.705322 12.153026 -22.738968
-838.609009 12.153026 -22.738968
-838.609009 12.153026 -51.672989
-896.477051 12.153026 -51.672989
-896.477051 12.153026 -22.738968
-877.380432 12.153026 -22.738968
-877.380432 12.153026 6.195023
-1050.984497 12.153026 6.195023
-1050.984497 12.153026 -22.738968
-1031.887939 12.153026 -22.738968
-1031.887939 12.153026 -51.672989
-1089.756104 12.153026 -51.672989
-1089.756104 12.153026 -22.738968
-1070.659668 12.153026 -22.738968
-1070.659668 12.153026 6.195023
-1157.461670 12.153026 6.195023
-1157.461670 12.153026 -109.540939
0
27
18 15
15 16
16 17
17 18
14 15
18 19
19 14
19 0
0 13
13 14
0 6
6 13
5 6
0 5
1 4
4 5
0 1
1 2
2 3
3 4
7 12
12 13
6 7
11 8
8 9
9 10
10 11
9
4 1 2 3 4
4 5 -1 6 7
4 -7 8 9 10
3 -9 11 12
3 13 -11 14
4 15 16 -14 17
4 -15 18 19 20
4 21 22 -12 23
4 24 25 26 27
0
0
6
*
42
-1157.241943 12.153026 6.422440
-1157.241943 3468.159668 6.422440
-1089.536377 12.153026 -22.511581
-1089.536377 3468.159668 -22.511581
-1070.439941 12.153026 -22.511581
-1070.439941 3468.159668 -22.511581
-1070.439941 12.153026 6.422440
-1070.439941 3468.159668 6.422440
-1089.536377 12.153026 -51.445602
-1089.536377 3468.159668 -51.445602
-1157.241943 12.153026 -109.313614
-1157.241943 3468.159668 -109.313614
-770.683411 12.153026 -109.313614
-770.683411 3468.159668 -109.313614
-1031.668091 12.153026 -51.445602
-1031.668091 3468.159668 -51.445602
-896.257019 12.153026 -51.445602
-896.257019 3468.159668 -51.445602
-838.389038 12.153026 -51.445602
-838.389038 3468.159668 -51.445602
-770.683411 12.153026 6.422440
-770.683411 3468.159668 6.422440
-838.389038 12.153026 -22.511581
-838.389038 3468.159668 -22.511581
-857.485535 12.153026 6.422440
-857.485535 3468.159668 6.422440
-857.485535 12.153026 -22.511581
-857.485535 3468.159668 -22.511581
-896.257019 12.153026 -22.511581
-896.257019 3468.159668 -22.511581
-1031.668091 12.153026 -22.511581
-1031.668091 3468.159668 -22.511581
-1050.764526 12.153026 -22.511581
-1050.764526 3468.159668 -22.511581
-877.160583 12.153026 -22.511581
-877.160583 3468.159668 -22.511581
-877.160583 12.153026 6.422440
-877.160583 3468.159668 6.422440
-1050.764526 12.153026 6.422440
-1050.764526 3468.159668 6.422440
-1157.461670 12.153026 6.195023
-1157.461670 12.153026 -109.540939
0
61
1 7
7 5
5 3
3 1
4 5
3 2
2 4
0 6
6 7
1 0
9 11
11 1
3 9
9 15
15 13
13 11
8 14
14 15
9 8
15 17
17 13
19 13
17 19
16 18
18 19
17 16
21 13
19 23
23 21
20 12
12 13
21 20
23 27
27 25
25 21
24 20
25 24
22 26
26 27
23 22
29 17
15 31
31 29
30 28
28 29
31 30
33 39
39 37
37 35
35 33
34 32
32 33
35 34
38 36
36 37
39 38
12 10
10 11
1 40
40 41
41 11
21
4 1 2 3 4
4 5 3 6 7
4 8 9 -1 10
4 11 12 -4 13
4 14 15 16 -11
4 17 18 -14 19
3 20 21 -15
3 22 -21 23
4 24 25 -23 26
4 27 -22 28 29
4 30 31 -27 32
4 33 34 35 -29
4 36 -32 -35 37
4 38 39 -33 40
4 41 -20 42 43
4 44 45 -43 46
4 47 48 49 50
4 51 52 -50 53
4 54 55 -48 56
4 57 58 -16 -31
4 59 60 61 12
0
0
6
*
20
3.094319 12.153026 -109.306656
3.094319 12.153026 6.429398
-83.707710 12.153026 6.429398
-83.707710 12.153026 -22.504623
-64.611259 12.153026 -22.504623
-64.611259 12.153026 -51.438675
-122.479279 12.153026 -51.438675
-122.479279 12.153026 -22.504623
-103.382843 12.153026 -22.504623
-103.382843 12.153026 6.429398
-276.986847 12.153026 6.429398
-276.986847 12.153026 -22.504623
-257.890411 12.153026 -22.504623
-257.890411 12.153026 -51.438675
-315.758392 12.153026 -51.438675
-315.758392 12.153026 -22.504623
-296.661987 12.153026 -22.504623
-296.661987 12.153026 6.429398
-383.463989 12.153026 6.429398
-383.463989 12.153026 -109.306656
0
27
18 15
15 16
16 17
17 18
14 15
18 19
19 14
19 0
0 13
13 14
0 6
6 13
5 6
0 5
1 4
4 5
0 1
1 2
2 3
3 4
7 12
12 13
6 7
11 8
8 9
9 10
10 11
9
4 1 2 3 4
4 5 -1 6 7
4 -7 8 9 10
3 -9 11 12
3 13 -11 14
4 15 16 -14 17
4 -15 18 19 20
4 21 22 -12 23
4 24 25 26 27
0
0
6
*
40
-277.230896 3468.159668 6.443436
-277.230896 12.153026 6.443436
-103.626831 3468.159668 6.443436
-103.626831 12.153026 6.443436
-103.626831 3468.159668 -22.490555
-103.626831 12.153026 -22.490555
-277.230896 3468.159668 -22.490555
-277.230896 12.153026 -22.490555
-258.134399 3468.159668 -22.490555
-258.134399 12.153026 -22.490555
-122.723267 3468.159668 -22.490555
-122.723267 12.153026 -22.490555
-83.951698 3468.159668 -22.490555
-83.951698 12.153026 -22.490555
-83.951698 3468.159668 6.443436
-83.951698 12.153026 6.443436
-64.855263 3468.159668 -22.490555
-64.855263 12.153026 -22.490555
2.850323 3468.159668 6.443436
2.850323 12.153026 6.443436
-64.855263 3468.159668 -51.424545
-64.855263 12.153026 -51.424545
-122.723267 3468.159668 -51.424545
-122.723267 12.153026 -51.424545
-258.134399 3468.159668 -51.424545
-258.134399 12.153026 -51.424545
2.850323 3468.159668 -109.292557
2.850323 12.153026 -109.292557
-383.708038 3468.159668 -109.292557
-383.708038 12.153026 -109.292557
-316.002441 3468.159668 -51.424545
-316.002441 12.153026 -51.424545
-296.906006 3468.159668 6.443436
-296.906006 12.153026 6.443436
-296.906006 3468.159668 -22.490555
-296.906006 12.153026 -22.490555
-316.002441 3468.159668 -22.490555
-316.002441 12.153026 -22.490555
-383.708038 3468.159668 6.443436
-383.708038 12.153026 6.443436
0
67
38 32
32 34
34 36
36 38
35 37
37 36
34 35
33 35
32 33
39 33
38 39
30 28
28 38
36 30
37 31
31 30
29 39
28 29
30 24
24 26
26 28
27 29
26 27
31 25
25 24
24 22
22 26
20 26
22 20
23 21
21 20
22 23
18 26
20 16
16 18
21 17
17 16
19 27
18 19
16 12
12 14
14 18
15 19
14 15
13 15
12 13
17 13
10 22
24 8
8 10
9 11
11 10
8 9
25 9
11 23
6 0
0 2
2 4
4 6
5 7
7 6
4 5
3 5
2 3
1 3
0 1
7 1
29
4 1 2 3 4
4 5 6 -3 7
4 8 -7 -2 9
4 10 -9 -1 11
4 12 13 -4 14
4 15 16 -14 -6
4 17 -11 -13 18
4 19 20 21 -12
4 22 -18 -21 23
4 24 25 -19 -16
3 26 27 -20
3 28 -27 29
4 30 31 -29 32
4 33 -28 34 35
4 36 37 -34 -31
4 38 -23 -33 39
4 40 41 42 -35
4 43 -39 -42 44
4 45 -44 -41 46
4 47 -46 -40 -37
4 48 -26 49 50
4 51 52 -50 53
4 54 -53 -49 -25
4 55 -32 -48 -52
4 56 57 58 59
4 60 61 -59 62
4 63 -62 -58 64
4 65 -64 -57 66
4 67 -66 -56 -61
0
0
6
*
40
388.571960 12.153026 6.422440
388.571960 3468.159668 6.422440
320.866364 12.153026 -22.511581
320.866364 3468.159668 -22.511581
301.769958 12.153026 -22.511581
301.769958 3468.159668 -22.511581
301.769958 12.153026 6.422440
301.769958 3468.159668 6.422440
320.866364 12.153026 -51.445602
320.866364 3468.159668 -51.445602
388.571960 12.153026 -109.313614
388.571960 3468.159668 -109.313614
2.013641 12.153026 -109.313614
2.013641 3468.159668 -109.313614
262.998413 12.153026 -51.445602
262.998413 3468.159668 -51.445602
127.587250 12.153026 -51.445602
127.587250 3468.159668 -51.445602
69.719215 12.153026 -51.445602
69.719215 3468.159668 -51.445602
2.013641 12.153026 6.422440
2.013641 3468.159668 6.422440
69.719215 12.153026 -22.511581
69.719215 3468.159668 -22.511581
88.815674 12.153026 6.422440
88.815674 3468.159668 6.422440
88.815674 12.153026 -22.511581
88.815674 3468.159668 -22.511581
127.587250 12.153026 -22.511581
127.587250 3468.159668 -22.511581
262.998413 12.153026 -22.511581
262.998413 3468.159668 -22.511581
282.094849 12.153026 -22.511581
282.094849 3468.159668 -22.511581
108.490776 12.153026 -22.511581
108.490776 3468.159668 -22.511581
108.490776 12.153026 6.422440
108.490776 3468.159668 6.422440
282.094849 12.153026 6.422440
282.094849 3468.159668 6.422440
0
67
1 3
3 5
5 7
7 1
4 5
3 2
2 4
6 7
4 6
0 1
6 0
9 3
1 11
11 9
9 8
8 2
10 11
0 10
11 13
13 15
15 9
12 13
10 12
15 14
14 8
13 17
17 15
19 17
13 19
16 17
19 18
18 16
21 23
23 19
13 21
23 22
22 18
20 21
12 20
21 25
25 27
27 23
24 25
20 24
26 27
24 26
26 22
29 31
31 15
17 29
30 31
29 28
28 30
30 14
16 28
33 35
35 37
37 39
39 33
34 35
33 32
32 34
36 37
34 36
38 39
36 38
38 32
29
4 1 2 3 4
4 5 -2 6 7
4 8 -3 -5 9
4 10 -4 -8 11
4 12 -1 13 14
4 -6 -12 15 16
4 17 -13 -10 18
4 -14 19 20 21
4 22 -19 -17 23
4 -15 -21 24 25
3 -20 26 27
3 28 -26 29
4 30 -28 31 32
4 33 34 -29 35
4 -31 -34 36 37
4 38 -35 -22 39
4 -33 40 41 42
4 43 -40 -38 44
4 45 -41 -43 46
4 -36 -42 -45 47
4 48 49 -27 50
4 51 -48 52 53
4 -24 -49 -51 54
4 -52 -50 -30 55
4 56 57 58 59
4 60 -56 61 62
4 63 -57 -60 64
4 65 -58 -63 66
4 -61 -59 -65 67
0
0
6
*
20
2.013641 12.153026 -109.313614
2.013641 12.153026 6.422440
88.815674 12.153026 6.422440
88.815674 12.153026 -22.511581
69.719215 12.153026 -22.511581
69.719215 12.153026 -51.445602
127.587250 12.153026 -51.445602
127.587250 12.153026 -22.511581
108.490776 12.153026 -22.511581
108.490776 12.153026 6.422440
282.094849 12.153026 6.422440
282.094849 12.153026 -22.511581
262.998413 12.153026 -22.511581
262.998413 12.153026 -51.445602
320.866364 12.153026 -51.445602
320.866364 12.153026 -22.511581
301.769958 12.153026 -22.511581
301.769958 12.153026 6.422440
388.571960 12.153026 6.422440
388.571960 12.153026 -109.313614
0
27
18 17
17 16
16 15
15 18
14 19
19 18
15 14
14 13
13 0
0 19
13 6
6 0
5 0
6 5
1 0
5 4
4 1
4 3
3 2
2 1
7 6
13 12
12 7
11 10
10 9
9 8
8 11
9
4 1 2 3 4
4 5 6 -4 7
4 8 9 10 -5
3 11 12 -9
3 13 -12 14
4 15 -13 16 17
4 18 19 20 -17
4 21 -11 22 23
4 24 25 26 27
0
0
6
*
20
387.967133 12.153026 -109.313614
387.967133 12.153026 6.422440
474.769165 12.153026 6.422440
474.769165 12.153026 -22.511581
455.672699 12.153026 -22.511581
455.672699 12.153026 -51.445602
513.540710 12.153026 -51.445602
513.540710 12.153026 -22.511581
494.444305 12.153026 -22.511581
494.444305 12.153026 6.422440
668.048340 12.153026 6.422440
668.048340 12.153026 -22.511581
648.951843 12.153026 -22.511581
648.951843 12.153026 -51.445602
706.819885 12.153026 -51.445602
706.819885 12.153026 -22.511581
687.723450 12.153026 -22.511581
687.723450 12.153026 6.422440
774.525513 12.153026 6.422440
774.525513 12.153026 -109.313614
0
27
1 4
4 3
3 2
2 1
5 4
1 0
0 5
0 19
19 6
6 5
19 13
13 6
14 13
19 14
18 15
15 14
19 18
18 17
17 16
16 15
12 7
7 6
13 12
8 11
11 10
10 9
9 8
9
4 1 2 3 4
4 5 -1 6 7
4 -7 8 9 10
3 -9 11 12
3 13 -11 14
4 15 16 -14 17
4 -15 18 19 20
4 21 22 -12 23
4 24 25 26 27
0
0
6
*
40
494.444305 3468.159668 6.422440
494.444305 12.153026 6.422440
668.048340 3468.159668 6.422440
668.048340 12.153026 6.422440
668.048340 3468.159668 -22.511581
668.048340 12.153026 -22.511581
494.444305 3468.159668 -22.511581
494.444305 12.153026 -22.511581
513.540710 3468.159668 -22.511581
513.540710 12.153026 -22.511581
648.951843 3468.159668 -22.511581
648.951843 12.153026 -22.511581
687.723450 3468.159668 -22.511581
687.723450 12.153026 -22.511581
687.723450 3468.159668 6.422440
687.723450 12.153026 6.422440
706.819885 3468.159668 -22.511581
706.819885 12.153026 -22.511581
774.525513 3468.159668 6.422440
774.525513 12.153026 6.422440
706.819885 3468.159668 -51.445602
706.819885 12.153026 -51.445602
648.951843 3468.159668 -51.445602
648.951843 12.153026 -51.445602
513.540710 3468.159668 -51.445602
513.540710 12.153026 -51.445602
774.525513 3468.159668 -109.313614
774.525513 12.153026 -109.313614
387.967133 3468.159668 -109.313614
387.967133 12.153026 -109.313614
455.672699 3468.159668 -51.445602
455.672699 12.153026 -51.445602
474.769165 3468.159668 6.422440
474.769165 12.153026 6.422440
474.769165 3468.159668 -22.511581
474.769165 12.153026 -22.511581
455.672699 3468.159668 -22.511581
455.672699 12.153026 -22.511581
387.967133 3468.159668 6.422440
387.967133 12.153026 6.422440
0
67
38 32
32 34
34 36
36 38
35 37
37 36
34 35
33 35
32 33
39 33
38 39
30 28
28 38
36 30
37 31
31 30
29 39
28 29
30 24
24 26
26 28
27 29
26 27
31 25
25 24
24 22
22 26
20 26
22 20
23 21
21 20
22 23
18 26
20 16
16 18
21 17
17 16
19 27
18 19
16 12
12 14
14 18
15 19
14 15
13 15
12 13
17 13
10 22
24 8
8 10
9 11
11 10
8 9
25 9
11 23
6 0
0 2
2 4
4 6
5 7
7 6
4 5
3 5
2 3
1 3
0 1
7 1
29
4 1 2 3 4
4 5 6 -3 7
4 8 -7 -2 9
4 10 -9 -1 11
4 12 13 -4 14
4 15 16 -14 -6
4 17 -11 -13 18
4 19 20 21 -12
4 22 -18 -21 23
4 24 25 -19 -16
3 26 27 -20
3 28 -27 29
4 30 31 -29 32
4 33 -28 34 35
4 36 37 -34 -31
4 38 -23 -33 39
4 40 41 42 -35
4 43 -39 -42 44
4 45 -44 -41 46
4 47 -46 -40 -37
4 48 -26 49 50
4 51 52 -50 53
4 54 -53 -49 -25
4 55 -32 -48 -52
4 56 57 58 59
4 60 61 -59 62
4 63 -62 -58 64
4 65 -64 -57 66
4 67 -66 -56 -61
0
0
