14 DENEB_PART_FILE
1
-1
2
1.000000 0.000000 0.000000
0.000000 1.000000 0.000000
0.000000 0.000000 1.000000
-880.999146 -4.774107 -300.000000
0
1.000000 0.000000 0.000000
0.000000 1.000000 0.000000
0.000000 0.000000 1.000000
0.000000 0.000000 0.000000
0
0
0
6
7
*
4
-1491.158569 480.026428 -300.000000
-1490.840820 -489.974274 -300.000000
-1491.158569 480.026428 -560.000000
-1490.840820 -489.974274 -560.000000
0
4
2 3
3 1
1 0
0 2
1
4 1 2 3 4
0
0
0
7
*
4
-1491.158569 480.026428 -300.000000
-1490.840820 -489.974274 -300.000000
-271.157593 480.426056 -300.000000
-270.839844 -489.574677 -300.000000
0
4
3 2
2 0
0 1
1 3
1
4 1 2 3 4
0
0
0
7
*
4
-1491.158569 480.026428 -300.000000
-1491.158569 480.026428 -560.000000
-271.157593 480.426056 -300.000000
-271.157593 480.426056 -560.000000
0
4
1 0
0 2
2 3
3 1
1
4 1 2 3 4
0
0
0
7
*
4
-271.157593 480.426056 -300.000000
-270.839844 -489.574677 -300.000000
-271.157593 480.426056 -560.000000
-270.839844 -489.574677 -560.000000
0
4
3 2
2 0
0 1
1 3
1
4 1 2 3 4
0
0
0
7
*
4
-1491.158569 480.026428 -560.000000
-1490.840820 -489.974274 -560.000000
-271.157593 480.426056 -560.000000
-270.839844 -489.574677 -560.000000
0
4
1 0
0 2
2 3
3 1
1
4 1 2 3 4
0
0
0
7
*
4
-1490.840820 -489.974274 -300.000000
-1490.840820 -489.974274 -560.000000
-270.839844 -489.574677 -300.000000
-270.839844 -489.574677 -560.000000
0
4
3 2
2 0
0 1
1 3
1
4 1 2 3 4
0
0
0
0
0
3
1
1
2
0
