14 DENEB_PART_FILE
1
-1
1
1.000000 0.000000 0.000000
0.000000 1.000000 -0.000000
0.000000 -0.000000 1.000000
0.000000 0.000000 0.000000
0
0
0
18
5
*
4
695.000000 470.000000 1600.000000
695.000000 470.000000 -860.000000
695.000000 -470.000000 1600.000000
695.000000 -470.000000 -860.000000
0
4
2 3
3 1
1 0
0 2
1
4 1 2 3 4
0
0
0
5
*
4
695.000000 470.000000 1600.000000
455.000000 470.000000 1600.000000
695.000000 -470.000000 1600.000000
455.000000 -470.000000 1600.000000
0
4
0 1
1 3
3 2
2 0
1
4 1 2 3 4
0
0
0
5
*
4
695.000000 470.000000 1600.000000
455.000000 470.000000 1600.000000
695.000000 470.000000 -860.000000
455.000000 470.000000 -860.000000
0
4
2 3
3 1
1 0
0 2
1
4 1 2 3 4
0
0
0
5
*
4
455.000000 470.000000 1600.000000
455.000000 470.000000 -860.000000
455.000000 -470.000000 1600.000000
455.000000 -470.000000 -860.000000
0
4
0 1
1 3
3 2
2 0
1
4 1 2 3 4
0
0
0
5
*
4
695.000000 470.000000 -860.000000
455.000000 470.000000 -860.000000
695.000000 -470.000000 -860.000000
455.000000 -470.000000 -860.000000
0
4
1 0
0 2
2 3
3 1
1
4 1 2 3 4
0
0
0
5
*
4
695.000000 -470.000000 1600.000000
455.000000 -470.000000 1600.000000
695.000000 -470.000000 -860.000000
455.000000 -470.000000 -860.000000
0
4
0 1
1 3
3 2
2 0
1
4 1 2 3 4
0
0
0
5
*
4
730.000000 680.000000 -560.000000
730.000000 680.000000 -860.000000
730.000000 -680.000000 -560.000000
730.000000 -680.000000 -860.000000
0
4
2 3
3 1
1 0
0 2
1
4 1 2 3 4
0
0
0
5
*
4
730.000000 680.000000 -560.000000
-2270.000000 680.000000 -560.000000
730.000000 -680.000000 -560.000000
-2270.000000 -680.000000 -560.000000
0
4
0 1
1 3
3 2
2 0
1
4 1 2 3 4
0
0
0
5
*
4
730.000000 -680.000000 -560.000000
-2270.000000 -680.000000 -560.000000
730.000000 -680.000000 -860.000000
-2270.000000 -680.000000 -860.000000
0
4
0 1
1 3
3 2
2 0
1
4 1 2 3 4
0
0
0
5
*
4
-2270.000000 680.000000 -560.000000
-2270.000000 680.000000 -860.000000
-2270.000000 -680.000000 -560.000000
-2270.000000 -680.000000 -860.000000
0
4
0 1
1 3
3 2
2 0
1
4 1 2 3 4
0
0
0
5
*
4
730.000000 680.000000 -860.000000
-2270.000000 680.000000 -860.000000
730.000000 -680.000000 -860.000000
-2270.000000 -680.000000 -860.000000
0
4
2 3
3 1
1 0
0 2
1
4 1 2 3 4
0
0
0
5
*
4
730.000000 680.000000 -560.000000
-2270.000000 680.000000 -560.000000
730.000000 680.000000 -860.000000
-2270.000000 680.000000 -860.000000
0
4
1 0
0 2
2 3
3 1
1
4 1 2 3 4
0
0
0
9
*
4
690.000000 570.000000 1940.000000
690.000000 570.000000 -860.000000
690.000000 -570.000000 1940.000000
690.000000 -570.000000 -860.000000
0
4
3 2
2 0
0 1
1 3
1
4 1 2 3 4
0
0
0
9
*
4
1700.000000 570.000000 -860.000000
690.000000 570.000000 -860.000000
1700.000000 -570.000000 -860.000000
690.000000 -570.000000 -860.000000
0
4
1 0
0 2
2 3
3 1
1
4 1 2 3 4
0
0
0
9
*
4
1700.000000 -570.000000 1940.000000
690.000000 -570.000000 1940.000000
1700.000000 -570.000000 -860.000000
690.000000 -570.000000 -860.000000
0
4
3 2
2 0
0 1
1 3
1
4 1 2 3 4
0
0
0
9
*
4
1700.000000 570.000000 1940.000000
1700.000000 570.000000 -860.000000
1700.000000 -570.000000 1940.000000
1700.000000 -570.000000 -860.000000
0
4
1 0
0 2
2 3
3 1
1
4 1 2 3 4
0
0
0
9
*
4
1700.000000 570.000000 1940.000000
690.000000 570.000000 1940.000000
1700.000000 -570.000000 1940.000000
690.000000 -570.000000 1940.000000
0
4
3 2
2 0
0 1
1 3
1
4 1 2 3 4
0
0
0
9
*
4
1700.000000 570.000000 1940.000000
690.000000 570.000000 1940.000000
1700.000000 570.000000 -860.000000
690.000000 570.000000 -860.000000
0
4
2 3
3 1
1 0
0 2
1
4 1 2 3 4
0
0
0
0
0
3
1
1
2
0
