14 DENEB_PART_FILE
1
-1
2
0.000000 -1.000000 0.000000
0.000000 0.000000 1.000000
-1.000000 0.000000 0.000000
0.000000 -0.000046 499.999969
0
1.000000 0.000000 0.000000
0.000000 1.000000 0.000000
0.000000 0.000000 1.000000
0.000000 0.000000 0.000000
0
0
0
22
10
*
24
-5.000000 -59.322784 534.250000
0.000000 -59.322784 534.250000
-5.000000 -34.250046 559.322693
0.000000 -34.250046 559.322693
-5.000000 -0.000046 568.500000
0.000000 -0.000046 568.500000
-5.000000 34.249958 559.322693
0.000000 34.249954 559.322693
-5.000000 59.322693 534.250000
0.000000 59.322693 534.250000
-5.000000 68.499954 499.999969
0.000000 68.499954 499.999969
-5.000000 59.322697 465.749969
0.000000 59.322693 465.749969
-5.000000 34.249947 440.677216
0.000000 34.249954 440.677216
-5.000000 -0.000046 431.499969
0.000000 -0.000046 431.499969
-5.000000 -34.250042 440.677216
0.000000 -34.250046 440.677216
-5.000000 -59.322781 465.749969
0.000000 -59.322784 465.749969
-5.000000 -68.500046 499.999969
0.000000 -68.500046 499.999969
0
36
23 1
1 0
0 22
22 23
1 3
3 2
2 0
3 5
5 4
4 2
5 7
7 6
6 4
7 9
9 8
8 6
9 11
11 10
10 8
11 13
13 12
12 10
13 15
15 14
14 12
15 17
17 16
16 14
17 19
19 18
18 16
19 21
21 20
20 18
21 23
22 20
14
4 1 2 3 4
4 5 6 7 -2
4 8 9 10 -6
4 11 12 13 -9
4 14 15 16 -12
4 17 18 19 -15
4 20 21 22 -18
4 23 24 25 -21
4 26 27 28 -24
4 29 30 31 -27
4 32 33 34 -30
4 35 -4 36 -33
12 -35 -32 -29 -26 -23 -20 -17 -14 -11 -8 -5 -1
12 -3 -7 -10 -13 -16 -19 -22 -25 -28 -31 -34 -36
0
0
0
7
*
4
335.000000 -225.000015 299.999969
335.000000 -225.000015 700.000000
335.000000 224.999985 299.999969
335.000000 224.999985 700.000000
0
4
2 0
3 2
1 3
0 1
1
4 4 3 2 1
0
0
0
7
*
4
335.000000 -225.000015 299.999969
435.000000 -225.000015 299.999969
335.000000 224.999985 299.999969
435.000000 224.999985 299.999969
0
4
0 2
1 0
3 1
2 3
1
4 4 3 2 1
0
0
0
7
*
4
335.000000 -225.000015 299.999969
435.000000 -225.000015 299.999969
335.000000 -225.000015 700.000000
435.000000 -225.000015 700.000000
0
4
2 0
3 2
1 3
0 1
1
4 4 3 2 1
0
0
0
7
*
4
435.000000 -225.000015 299.999969
435.000000 -225.000015 700.000000
435.000000 224.999985 299.999969
435.000000 224.999985 700.000000
0
4
0 2
1 0
3 1
2 3
1
4 4 3 2 1
0
0
0
7
*
4
335.000000 -225.000015 700.000000
435.000000 -225.000015 700.000000
335.000000 224.999985 700.000000
435.000000 224.999985 700.000000
0
4
2 0
3 2
1 3
0 1
1
4 4 3 2 1
0
0
0
7
*
4
335.000000 224.999985 299.999969
435.000000 224.999985 299.999969
335.000000 224.999985 700.000000
435.000000 224.999985 700.000000
0
4
3 1
2 3
0 2
1 0
1
4 4 3 2 1
0
0
0
7
*
4
435.000000 -500.000031 299.999969
435.000000 -500.000031 700.000000
435.000000 499.999969 299.999969
435.000000 499.999969 700.000000
0
4
2 0
3 2
1 3
0 1
1
4 4 3 2 1
0
0
0
7
*
4
435.000000 -500.000031 299.999969
695.000000 -500.000031 299.999969
435.000000 499.999969 299.999969
695.000000 499.999969 299.999969
0
4
0 2
1 0
3 1
2 3
1
4 4 3 2 1
0
0
0
7
*
4
435.000000 -500.000031 299.999969
695.000000 -500.000031 299.999969
435.000000 -500.000031 700.000000
695.000000 -500.000031 700.000000
0
4
2 0
3 2
1 3
0 1
1
4 4 3 2 1
0
0
0
7
*
4
695.000000 -500.000031 299.999969
695.000000 -500.000031 700.000000
695.000000 499.999969 299.999969
695.000000 499.999969 700.000000
0
4
0 2
1 0
3 1
2 3
1
4 4 3 2 1
0
0
0
7
*
4
435.000000 -500.000031 700.000000
695.000000 -500.000031 700.000000
435.000000 499.999969 700.000000
695.000000 499.999969 700.000000
0
4
2 0
3 2
1 3
0 1
1
4 4 3 2 1
0
0
0
7
*
4
435.000000 499.999969 299.999969
695.000000 499.999969 299.999969
435.000000 499.999969 700.000000
695.000000 499.999969 700.000000
0
4
3 1
2 3
0 2
1 0
1
4 4 3 2 1
0
0
0
5
*
34
275.000000 -0.000020 317.999969
335.000000 -0.000020 317.999969
275.000000 -0.000020 682.000000
335.000000 -0.000020 682.000000
275.000000 35.501263 321.522644
335.000000 35.501263 321.522644
275.000000 35.506054 678.501709
335.000000 35.506054 678.501709
275.000000 69.637207 668.119629
335.000000 69.637207 668.119629
275.000000 69.639442 331.876007
335.000000 69.639442 331.876007
275.000000 101.103165 651.311646
335.000000 101.103165 651.311646
275.000000 101.105995 348.683929
335.000000 101.105995 348.683929
275.000000 128.672333 371.327606
335.000000 128.672333 371.327606
275.000000 128.679138 628.679688
335.000000 128.679138 628.679688
275.000000 151.303802 601.098083
335.000000 151.303802 601.098083
275.000000 151.322403 398.889709
335.000000 151.322403 398.889709
275.000000 168.120789 430.362152
335.000000 168.120789 430.362152
275.000000 168.143646 569.647461
335.000000 168.143646 569.647461
275.000000 178.474060 535.500793
335.000000 178.474060 535.500793
275.000000 178.481415 464.498138
335.000000 178.481415 464.498138
275.000000 181.983444 499.999908
335.000000 181.983444 499.999908
0
49
1 0
5 1
0 4
7 9
8 6
9 13
12 8
13 19
18 12
19 21
20 18
21 27
26 20
27 29
28 26
29 33
32 28
33 31
30 32
31 25
24 30
25 23
22 24
23 17
16 22
17 15
14 16
15 11
10 14
11 5
4 10
2 3
6 2
3 7
7 6
8 9
12 13
18 19
20 21
26 27
28 29
32 33
30 31
24 25
22 23
16 17
14 15
10 11
5 4
16
4 34 35 33 32
4 49 31 48 30
4 -48 29 47 28
4 -47 27 46 26
4 -46 25 45 24
4 -45 23 44 22
4 -44 21 43 20
4 -43 19 42 18
4 -42 17 41 16
4 -41 15 40 14
4 -40 13 39 12
4 -39 11 38 10
4 -38 9 37 8
4 -37 7 36 6
4 -36 5 -35 4
4 3 -49 2 1
0
0
0
5
*
34
275.000000 -181.983475 500.000031
335.000000 -181.983475 500.000031
275.000000 -178.481445 535.501831
335.000000 -178.481445 535.501831
275.000000 -178.474091 464.499176
335.000000 -178.474091 464.499176
275.000000 -168.143677 430.352509
335.000000 -168.143677 430.352509
275.000000 -168.120819 569.637817
335.000000 -168.120819 569.637817
275.000000 -151.322433 601.110291
335.000000 -151.322433 601.110291
275.000000 -151.303833 398.901917
335.000000 -151.303833 398.901917
275.000000 -128.679169 371.320313
335.000000 -128.679169 371.320313
275.000000 -128.672363 628.672363
335.000000 -128.672363 628.672363
275.000000 -101.106041 651.316040
335.000000 -101.106041 651.316040
275.000000 -101.103210 348.688293
335.000000 -101.103210 348.688293
275.000000 -69.639488 668.123962
335.000000 -69.639488 668.123962
275.000000 -69.637253 331.880341
335.000000 -69.637253 331.880341
275.000000 -35.506092 321.498230
335.000000 -35.506092 321.498230
275.000000 -35.501301 678.477295
335.000000 -35.501301 678.477295
275.000000 -0.000020 317.999969
335.000000 -0.000020 317.999969
275.000000 -0.000020 682.000000
335.000000 -0.000020 682.000000
0
49
33 32
29 33
32 28
27 25
24 26
25 21
20 24
21 15
14 20
15 13
12 14
13 7
6 12
7 5
4 6
5 1
0 4
1 3
2 0
3 9
8 2
9 11
10 8
11 17
16 10
17 19
18 16
19 23
22 18
23 29
28 22
30 31
26 30
31 27
27 26
24 25
20 21
14 15
12 13
6 7
4 5
0 1
2 3
8 9
10 11
16 17
18 19
22 23
29 28
16
4 34 35 33 32
4 49 31 48 30
4 -48 29 47 28
4 -47 27 46 26
4 -46 25 45 24
4 -45 23 44 22
4 -44 21 43 20
4 -43 19 42 18
4 -42 17 41 16
4 -41 15 40 14
4 -40 13 39 12
4 -39 11 38 10
4 -38 9 37 8
4 -37 7 36 6
4 -36 5 -35 4
4 3 -49 2 1
0
0
0
5
*
32
335.000000 -181.983475 500.000031
335.000000 -178.481445 535.501831
335.000000 -178.474091 464.499176
335.000000 -168.143677 430.352509
335.000000 -168.120819 569.637817
335.000000 -151.322433 601.110291
335.000000 -151.303833 398.901917
335.000000 -128.679169 371.320313
335.000000 -128.672363 628.672363
335.000000 -101.106041 651.316040
335.000000 -101.103210 348.688293
335.000000 -69.639488 668.123962
335.000000 -69.637253 331.880341
335.000000 -35.506092 321.498230
335.000000 -35.501301 678.477295
335.000000 -0.000020 317.999969
335.000000 -0.000020 682.000000
335.000000 35.501263 321.522644
335.000000 35.506054 678.501709
335.000000 69.637207 668.119629
335.000000 69.639442 331.876007
335.000000 101.103165 651.311646
335.000000 101.105995 348.683929
335.000000 128.672333 371.327606
335.000000 128.679138 628.679688
335.000000 151.303802 601.098083
335.000000 151.322403 398.889709
335.000000 168.120789 430.362152
335.000000 168.143646 569.647461
335.000000 178.474060 535.500793
335.000000 178.481415 464.498138
335.000000 181.983444 499.999908
0
32
24 21
25 24
28 25
29 28
31 29
30 31
27 30
26 27
23 26
22 23
20 22
17 20
15 17
13 15
12 13
10 12
7 10
6 7
3 6
2 3
0 2
1 0
4 1
5 4
8 5
9 8
11 9
14 11
16 14
18 16
19 18
21 19
1
32 32 31 30 29 28 27 26 25 24 23 22 21 20 19 18 17
   16 15 14 13 12 11 10 9 8 7 6 5 4 3 2 1
0
0
0
5
*
64
195.000000 69.639442 331.876007
195.000000 35.501263 321.522644
195.000000 -0.000020 317.999969
195.000000 -35.506092 321.498230
195.000000 -69.637253 331.880341
195.000000 -101.103210 348.688293
195.000000 -128.679169 371.320313
195.000000 -151.303833 398.901917
195.000000 -168.143677 430.352509
195.000000 -178.474091 464.499176
195.000000 -181.983475 499.999969
195.000000 -178.481445 535.501831
195.000000 -168.120819 569.637817
195.000000 -151.322433 601.110291
195.000000 -128.672363 628.672363
195.000000 -101.106041 651.316040
195.000000 -69.639488 668.123962
195.000000 -35.501301 678.477295
195.000000 -0.000020 682.000000
195.000000 35.506054 678.501709
195.000000 69.637207 668.119629
195.000000 101.103165 651.311646
195.000000 128.679138 628.679688
195.000000 151.303802 601.098083
195.000000 168.143646 569.647461
195.000000 178.474060 535.500793
195.000000 181.983444 499.999969
195.000000 178.481415 464.498138
195.000000 168.120789 430.362152
195.000000 151.322403 398.889709
195.000000 128.672333 371.327606
195.000000 101.105995 348.683929
275.000000 -181.983475 500.000031
275.000000 -178.481445 535.501831
275.000000 -178.474091 464.499176
275.000000 -168.143677 430.352509
275.000000 -168.120819 569.637817
275.000000 -151.322433 601.110291
275.000000 -151.303833 398.901917
275.000000 -128.679169 371.320313
275.000000 -128.672363 628.672363
275.000000 -101.106041 651.316040
275.000000 -101.103210 348.688293
275.000000 -69.639488 668.123962
275.000000 -69.637253 331.880341
275.000000 -35.506092 321.498230
275.000000 -35.501301 678.477295
275.000000 -0.000020 317.999969
275.000000 -0.000020 682.000000
275.000000 35.501263 321.522644
275.000000 35.506054 678.501709
275.000000 69.637207 668.119629
275.000000 69.639442 331.876007
275.000000 101.103165 651.311646
275.000000 101.105995 348.683929
275.000000 128.672333 371.327606
275.000000 128.679138 628.679688
275.000000 151.303802 601.098083
275.000000 151.322403 398.889709
275.000000 168.120789 430.362152
275.000000 168.143646 569.647461
275.000000 178.474060 535.500793
275.000000 178.481415 464.498138
275.000000 181.983444 499.999908
0
96
55 54
58 55
59 58
62 59
63 62
61 63
60 61
57 60
56 57
53 56
51 53
50 51
48 50
46 48
43 46
41 43
40 41
37 40
36 37
33 36
32 33
34 32
35 34
38 35
39 38
42 39
44 42
45 44
47 45
49 47
52 49
54 52
31 0
0 1
1 2
2 3
3 4
4 5
5 6
6 7
7 8
8 9
9 10
10 11
11 12
12 13
13 14
14 15
15 16
16 17
17 18
18 19
19 20
20 21
21 22
22 23
23 24
24 25
25 26
26 27
27 28
28 29
29 30
30 31
54 31
30 55
29 58
28 59
27 62
26 63
25 61
24 60
23 57
22 56
21 53
20 51
19 50
18 48
17 46
16 43
15 41
14 40
13 37
12 36
11 33
10 32
9 34
8 35
7 38
6 39
5 42
4 44
3 45
2 47
1 49
0 52
33
4 1 65 -64 66
4 2 -66 -63 67
4 3 -67 -62 68
4 4 -68 -61 69
4 5 -69 -60 70
4 6 -70 -59 71
4 7 -71 -58 72
4 8 -72 -57 73
4 9 -73 -56 74
4 10 -74 -55 75
4 11 -75 -54 76
4 12 -76 -53 77
4 13 -77 -52 78
4 14 -78 -51 79
4 15 -79 -50 80
4 16 -80 -49 81
4 17 -81 -48 82
4 18 -82 -47 83
4 19 -83 -46 84
4 20 -84 -45 85
4 21 -85 -44 86
4 22 -86 -43 87
4 23 -87 -42 88
4 24 -88 -41 89
4 25 -89 -40 90
4 26 -90 -39 91
4 27 -91 -38 92
4 28 -92 -37 93
4 29 -93 -36 94
4 30 -94 -35 95
4 31 -95 -34 96
4 32 -96 -33 -65
32 33 34 35 36 37 38 39 40 41 42 43 44 45 46 47 48
   49 50 51 52 53 54 55 56 57 58 59 60 61 62 63 64
0
0
0
5
*
30
275.000000 -154.133820 516.200134
275.000000 -154.121063 483.801117
275.000000 -147.399429 547.892639
275.000000 -147.396652 452.107697
275.000000 -134.221542 422.507172
275.000000 -134.208115 577.484924
275.000000 -115.172699 603.702148
275.000000 -115.165199 396.304565
275.000000 -91.099716 625.387695
275.000000 -91.094460 374.618683
275.000000 -63.039639 358.410675
275.000000 -63.032318 641.572510
275.000000 -32.221664 651.591370
275.000000 -32.220142 348.415802
275.000000 -0.000020 344.999969
275.000000 -0.000020 655.000000
275.000000 32.220104 651.584167
275.000000 32.221626 348.408600
275.000000 63.032280 358.427460
275.000000 63.039600 641.589294
275.000000 91.094414 625.381287
275.000000 91.099670 374.612244
275.000000 115.165154 603.695435
275.000000 115.172653 396.297821
275.000000 134.208084 422.515045
275.000000 134.221512 577.492798
275.000000 147.396622 547.892273
275.000000 147.399399 452.107330
275.000000 154.121033 516.198853
275.000000 154.133789 483.799835
0
30
22 20
25 22
26 25
28 26
29 28
27 29
24 27
23 24
21 23
18 21
17 18
14 17
13 14
10 13
9 10
7 9
4 7
3 4
1 3
0 1
2 0
5 2
6 5
8 6
11 8
12 11
15 12
16 15
19 16
20 19
1
30 30 29 28 27 26 25 24 23 22 21 20 19 18 17 16 15
   14 13 12 11 10 9 8 7 6 5 4 3 2 1
0
0
0
5
*
40
280.000000 40.246490 555.394409
280.000000 21.159676 565.123474
280.000000 -0.000020 568.500000
280.000000 -21.160513 565.125854
280.000000 -40.245972 555.393677
280.000000 -55.406448 540.254883
280.000000 -65.131172 521.162598
280.000000 -68.470070 499.999969
280.000000 -65.127922 478.838470
280.000000 -55.409935 459.742523
280.000000 -40.246563 444.605560
280.000000 -21.159769 434.876495
280.000000 -0.008756 431.499969
280.000000 21.160419 434.874115
280.000000 40.245903 444.606293
280.000000 55.406395 459.745087
280.000000 65.131119 478.837372
280.000000 68.470024 499.999969
280.000000 65.127869 521.161560
280.000000 55.409882 540.257507
140.000000 -68.470070 500.000031
140.000000 -65.131172 521.162598
140.000000 -65.127922 478.838470
140.000000 -55.409935 459.742523
140.000000 -55.406448 540.254883
140.000000 -40.246563 444.605560
140.000000 -40.245972 555.393677
140.000000 -21.160513 565.125854
140.000000 -21.159769 434.876495
140.000000 -0.008756 431.499969
140.000000 -0.000020 568.500000
140.000000 21.159676 565.123474
140.000000 21.160419 434.874115
140.000000 40.245903 444.606293
140.000000 40.246490 555.394409
140.000000 55.406395 459.745087
140.000000 55.409882 540.257507
140.000000 65.127869 521.161560
140.000000 65.131119 478.837372
140.000000 68.470024 499.999908
0
60
37 36
39 37
38 39
35 38
33 35
32 33
29 32
28 29
25 28
23 25
22 23
20 22
21 20
24 21
26 24
27 26
30 27
31 30
34 31
36 34
19 0
0 1
1 2
2 3
3 4
4 5
5 6
6 7
7 8
8 9
9 10
10 11
11 12
12 13
13 14
14 15
15 16
16 17
17 18
18 19
36 19
18 37
17 39
16 38
15 35
14 33
13 32
12 29
11 28
10 25
9 23
8 22
7 20
6 21
5 24
4 26
3 27
2 30
1 31
0 34
21
4 1 41 -40 42
4 2 -42 -39 43
4 3 -43 -38 44
4 4 -44 -37 45
4 5 -45 -36 46
4 6 -46 -35 47
4 7 -47 -34 48
4 8 -48 -33 49
4 9 -49 -32 50
4 10 -50 -31 51
4 11 -51 -30 52
4 12 -52 -29 53
4 13 -53 -28 54
4 14 -54 -27 55
4 15 -55 -26 56
4 16 -56 -25 57
4 17 -57 -24 58
4 18 -58 -23 59
4 19 -59 -22 60
4 20 -60 -21 -41
20 21 22 23 24 25 26 27 28 29 30 31 32 33 34 35 36
   37 38 39 40
0
0
0
5
*
26
140.000000 -0.000020 402.499969
195.000000 -0.000020 402.499969
140.000000 -0.000020 597.500000
195.000000 -0.000020 597.500000
140.000000 25.229519 405.841583
195.000000 25.229519 405.841583
140.000000 25.233734 594.174316
195.000000 25.233734 594.174316
140.000000 48.735023 415.588470
195.000000 48.735023 415.588470
140.000000 48.736969 584.415527
195.000000 48.736969 584.415527
140.000000 68.922188 568.922302
195.000000 68.922188 568.922302
140.000000 68.927719 431.072540
195.000000 68.927719 431.072540
140.000000 84.424828 548.742615
195.000000 84.424828 548.742615
140.000000 84.433533 451.252228
195.000000 84.433533 451.252228
140.000000 94.152718 474.771820
195.000000 94.152718 474.771820
140.000000 94.164261 525.231445
195.000000 94.164261 525.231445
140.000000 97.470955 500.000153
195.000000 97.470955 500.000153
0
37
1 0
5 1
0 4
7 11
10 6
11 13
12 10
13 17
16 12
17 23
22 16
23 25
24 22
25 21
20 24
21 19
18 20
19 15
14 18
15 9
8 14
9 5
4 8
2 3
6 2
3 7
7 6
10 11
12 13
16 17
22 23
24 25
20 21
18 19
14 15
8 9
5 4
12
4 26 27 25 24
4 37 23 36 22
4 -36 21 35 20
4 -35 19 34 18
4 -34 17 33 16
4 -33 15 32 14
4 -32 13 31 12
4 -31 11 30 10
4 -30 9 29 8
4 -29 7 28 6
4 -28 5 -27 4
4 3 -37 2 1
0
0
0
5
*
26
140.000000 -97.471001 499.999786
195.000000 -97.471001 499.999786
140.000000 -94.164307 474.768524
195.000000 -94.164307 474.768524
140.000000 -94.152763 525.228149
195.000000 -94.152763 525.228149
140.000000 -84.433578 548.747742
195.000000 -84.433578 548.747742
140.000000 -84.424873 451.257355
195.000000 -84.424873 451.257355
140.000000 -68.927765 568.927429
195.000000 -68.927765 568.927429
140.000000 -68.922234 431.077667
195.000000 -68.922234 431.077667
140.000000 -48.737007 415.584442
195.000000 -48.737007 415.584442
140.000000 -48.735062 584.411499
195.000000 -48.735062 584.411499
140.000000 -25.233776 405.825653
195.000000 -25.233776 405.825653
140.000000 -25.229561 594.158386
195.000000 -25.229561 594.158386
140.000000 -0.000020 402.499969
195.000000 -0.000020 402.499969
140.000000 -0.000020 597.500000
195.000000 -0.000020 597.500000
0
37
25 24
21 25
24 20
19 15
14 18
15 13
12 14
13 9
8 12
9 3
2 8
3 1
0 2
1 5
4 0
5 7
6 4
7 11
10 6
11 17
16 10
17 21
20 16
22 23
18 22
23 19
19 18
14 15
12 13
8 9
2 3
0 1
4 5
6 7
10 11
16 17
21 20
12
4 26 27 25 24
4 37 23 36 22
4 -36 21 35 20
4 -35 19 34 18
4 -34 17 33 16
4 -33 15 32 14
4 -32 13 31 12
4 -31 11 30 10
4 -30 9 29 8
4 -29 7 28 6
4 -28 5 -27 4
4 3 -37 2 1
0
0
0
5
*
48
0.000000 48.735023 415.588470
0.000000 25.229519 405.841583
0.000000 -0.000020 402.499969
0.000000 -25.233776 405.825653
0.000000 -48.737007 415.584442
0.000000 -68.922234 431.077667
0.000000 -84.424873 451.257355
0.000000 -94.164307 474.768524
0.000000 -97.471001 499.999786
0.000000 -94.152763 525.228149
0.000000 -84.433578 548.747742
0.000000 -68.927765 568.927429
0.000000 -48.735062 584.411499
0.000000 -25.229561 594.158386
0.000000 -0.000020 597.500000
0.000000 25.233734 594.174316
0.000000 48.736969 584.415527
0.000000 68.922188 568.922302
0.000000 84.424828 548.742615
0.000000 94.164261 525.231445
0.000000 97.470955 500.000153
0.000000 94.152718 474.771820
0.000000 84.433533 451.252228
0.000000 68.927719 431.072540
140.000000 -97.471001 499.999786
140.000000 -94.164307 474.768524
140.000000 -94.152763 525.228149
140.000000 -84.433578 548.747742
140.000000 -84.424873 451.257355
140.000000 -68.927765 568.927429
140.000000 -68.922234 431.077667
140.000000 -48.737007 415.584442
140.000000 -48.735062 584.411499
140.000000 -25.233776 405.825653
140.000000 -25.229561 594.158386
140.000000 -0.000020 402.499969
140.000000 -0.000020 597.500000
140.000000 25.229519 405.841583
140.000000 25.233734 594.174316
140.000000 48.735023 415.588470
140.000000 48.736969 584.415527
140.000000 68.922188 568.922302
140.000000 68.927719 431.072540
140.000000 84.424828 548.742615
140.000000 84.433533 451.252228
140.000000 94.152718 474.771820
140.000000 94.164261 525.231445
140.000000 97.470955 500.000153
0
72
44 42
45 44
47 45
46 47
43 46
41 43
40 41
38 40
36 38
34 36
32 34
29 32
27 29
26 27
24 26
25 24
28 25
30 28
31 30
33 31
35 33
37 35
39 37
42 39
23 0
0 1
1 2
2 3
3 4
4 5
5 6
6 7
7 8
8 9
9 10
10 11
11 12
12 13
13 14
14 15
15 16
16 17
17 18
18 19
19 20
20 21
21 22
22 23
42 23
22 44
21 45
20 47
19 46
18 43
17 41
16 40
15 38
14 36
13 34
12 32
11 29
10 27
9 26
8 24
7 25
6 28
5 30
4 31
3 33
2 35
1 37
0 39
25
4 1 49 -48 50
4 2 -50 -47 51
4 3 -51 -46 52
4 4 -52 -45 53
4 5 -53 -44 54
4 6 -54 -43 55
4 7 -55 -42 56
4 8 -56 -41 57
4 9 -57 -40 58
4 10 -58 -39 59
4 11 -59 -38 60
4 12 -60 -37 61
4 13 -61 -36 62
4 14 -62 -35 63
4 15 -63 -34 64
4 16 -64 -33 65
4 17 -65 -32 66
4 18 -66 -31 67
4 19 -67 -30 68
4 20 -68 -29 69
4 21 -69 -28 70
4 22 -70 -27 71
4 23 -71 -26 72
4 24 -72 -25 -49
24 25 26 27 28 29 30 31 32 33 34 35 36 37 38 39 40
   41 42 43 44 45 46 47 48
0
0
0
0
0
3
1
1
2
0
