14 DENEB_PART_FILE
1
-1
1
1.000000 0.000000 0.000000
0.000000 1.000000 0.000000
0.000000 0.000000 1.000000
0.000002 -0.000005 400.000000
0
0
0
5
10
*
24
-216.506348 124.999992 400.000000
-216.506348 124.999992 401.000000
-125.000000 216.506348 400.000000
-125.000000 216.506348 401.000000
0.000002 250.000000 400.000000
0.000002 250.000000 401.000000
125.000000 216.506348 400.000000
125.000000 216.506348 401.000000
216.506348 124.999992 400.000000
216.506348 124.999992 401.000000
250.000000 -0.000002 400.000000
250.000000 -0.000002 401.000000
216.506348 -125.000008 400.000000
216.506348 -125.000008 401.000000
125.000000 -216.506348 400.000000
125.000000 -216.506348 401.000000
0.000002 -250.000000 400.000000
0.000002 -250.000000 401.000000
-125.000000 -216.506348 400.000000
-125.000000 -216.506348 401.000000
-216.506348 -125.000008 400.000000
-216.506348 -125.000008 401.000000
-250.000000 -0.000002 400.000000
-250.000000 -0.000002 401.000000
0
36
23 1
1 0
0 22
22 23
1 3
3 2
2 0
3 5
5 4
4 2
5 7
7 6
6 4
7 9
9 8
8 6
9 11
11 10
10 8
11 13
13 12
12 10
13 15
15 14
14 12
15 17
17 16
16 14
17 19
19 18
18 16
19 21
21 20
20 18
21 23
22 20
14
4 35 -4 36 -33
4 32 33 34 -30
4 29 30 31 -27
4 26 27 28 -24
4 23 24 25 -21
4 20 21 22 -18
4 17 18 19 -15
4 14 15 16 -12
4 11 12 13 -9
4 8 9 10 -6
4 5 6 7 -2
4 1 2 3 4
12 -3 -7 -10 -13 -16 -19 -22 -25 -28 -31 -34 -36
12 -35 -32 -29 -26 -23 -20 -17 -14 -11 -8 -5 -1
0
0
0
5
*
48
396.004700 106.109367 400.000000
406.468323 53.512535 400.000000
410.000061 0.000000 400.000000
406.467468 -53.512333 400.000000
396.018494 -106.112648 400.000000
378.762878 -156.888702 400.000000
355.063660 -204.995911 400.000000
325.253845 -249.575531 400.000000
289.898132 -289.897614 400.000000
249.582687 -325.261993 400.000000
204.985519 -355.044891 400.000000
156.899094 -378.788300 400.000000
106.108452 -396.002045 400.000000
53.513054 -406.473297 400.000000
0.000114 -409.980133 400.000000
-53.511848 -406.464325 400.000000
-106.114632 -396.026398 400.000000
-156.888687 -378.763397 400.000000
-204.992325 -355.057098 400.000000
-249.578140 -325.256561 400.000000
-289.895142 -289.894836 400.000000
-325.267944 -249.586807 400.000000
-355.044434 -204.985031 400.000000
-378.780640 -156.896103 400.000000
-396.004761 -106.109329 400.000000
-406.468384 -53.512493 400.000000
-410.000000 0.000000 400.000000
-406.467285 53.512375 400.000000
-396.018433 106.112686 400.000000
-378.762939 156.888733 400.000000
-355.063599 204.995926 400.000000
-325.253784 249.575577 400.000000
-289.897949 289.897644 400.000000
-249.582657 325.261993 400.000000
-204.985367 355.044891 400.000000
-156.899185 378.788361 400.000000
-106.108284 396.002106 400.000000
-53.513069 406.473297 400.000000
-0.000130 409.980194 400.000000
53.511833 406.464386 400.000000
106.114555 396.026398 400.000000
156.888718 378.763397 400.000000
204.992233 355.057098 400.000000
249.578171 325.256622 400.000000
289.895081 289.894867 400.000000
325.267883 249.586823 400.000000
355.044495 204.985046 400.000000
378.780334 156.896133 400.000000
0
48
47 46
46 45
45 44
44 43
43 42
42 41
41 40
40 39
39 38
38 37
37 36
36 35
35 34
34 33
33 32
32 31
31 30
30 29
29 28
28 27
27 26
26 25
25 24
24 23
23 22
22 21
21 20
20 19
19 18
18 17
17 16
16 15
15 14
14 13
13 12
12 11
11 10
10 9
9 8
8 7
7 6
6 5
5 4
4 3
3 2
2 1
1 0
0 47
1
48 1 2 3 4 5 6 7 8 9 10 11 12 13 14 15 16
   17 18 19 20 21 22 23 24 25 26 27 28 29 30 31 32
   33 34 35 36 37 38 39 40 41 42 43 44 45 46 47 48
0
0
0
21
*
50
-410.000000 0.000005 299.999969
-410.000000 0.000005 400.000000
-406.467285 53.512375 400.000000
-406.467285 53.512375 299.999969
-396.018433 106.112686 400.000000
-396.018433 106.112686 299.999969
-378.762939 156.888733 400.000000
-378.762939 156.888733 299.999969
-355.063599 204.995926 400.000000
-355.063599 204.995926 299.999969
-325.253784 249.575577 400.000000
-325.253784 249.575577 299.999969
410.000061 0.000030 400.000000
410.000061 0.000030 299.999969
406.468323 53.512535 299.999969
406.468323 53.512535 400.000000
396.004700 106.109367 299.999969
396.004700 106.109367 400.000000
378.780334 156.896133 299.999969
378.780334 156.896133 400.000000
355.044495 204.985046 299.999969
355.044495 204.985046 400.000000
325.267883 249.586823 299.999969
325.267883 249.586823 400.000000
289.895081 289.894867 299.999969
289.895081 289.894867 400.000000
249.578171 325.256622 299.999969
249.578171 325.256622 400.000000
204.992233 355.057098 299.999969
204.992233 355.057098 400.000000
156.888718 378.763397 299.999969
156.888718 378.763397 400.000000
106.114555 396.026398 299.999969
106.114555 396.026398 400.000000
53.511833 406.464386 299.999969
53.511833 406.464386 400.000000
-0.000130 409.980194 299.999969
-0.000130 409.980194 400.000000
-53.513069 406.473297 299.999969
-53.513069 406.473297 400.000000
-106.108284 396.002106 299.999969
-106.108284 396.002106 400.000000
-156.899185 378.788361 299.999969
-156.899185 378.788361 400.000000
-204.985367 355.044891 299.999969
-204.985367 355.044891 400.000000
-289.897949 289.897644 400.000000
-289.897949 289.897644 299.999969
-249.582657 325.261993 299.999969
-249.582657 325.261993 400.000000
0
73
49 48
48 47
47 46
46 49
45 44
44 48
49 45
43 42
42 44
45 43
41 40
40 42
43 41
39 38
38 40
41 39
37 36
36 38
39 37
35 34
34 36
37 35
33 32
32 34
35 33
31 30
30 32
33 31
29 28
28 30
31 29
27 26
26 28
29 27
25 24
24 26
27 25
23 22
22 24
25 23
21 20
20 22
23 21
19 18
18 20
21 19
17 16
16 18
19 17
15 14
14 16
17 15
13 14
15 12
12 13
47 11
11 10
10 46
11 9
9 8
8 10
9 7
7 6
6 8
7 5
5 4
4 6
5 3
3 2
2 4
1 2
3 0
0 1
24
4 1 2 3 4
4 5 6 -1 7
4 8 9 -5 10
4 11 12 -8 13
4 14 15 -11 16
4 17 18 -14 19
4 20 21 -17 22
4 23 24 -20 25
4 26 27 -23 28
4 29 30 -26 31
4 32 33 -29 34
4 35 36 -32 37
4 38 39 -35 40
4 41 42 -38 43
4 44 45 -41 46
4 47 48 -44 49
4 50 51 -47 52
4 53 -50 54 55
4 -3 56 57 58
4 -57 59 60 61
4 -60 62 63 64
4 -63 65 66 67
4 -66 68 69 70
4 71 -69 72 73
0
0
0
21
*
50
-410.000000 0.000005 400.000000
-410.000000 0.000005 299.999969
-406.468384 -53.512493 299.999969
-406.468384 -53.512493 400.000000
-396.004761 -106.109329 299.999969
-396.004761 -106.109329 400.000000
410.000061 0.000030 299.999969
410.000061 0.000030 400.000000
406.467468 -53.512333 400.000000
406.467468 -53.512333 299.999969
396.018494 -106.112648 400.000000
396.018494 -106.112648 299.999969
378.762878 -156.888702 400.000000
378.762878 -156.888702 299.999969
355.063660 -204.995911 400.000000
355.063660 -204.995911 299.999969
325.253845 -249.575531 400.000000
325.253845 -249.575531 299.999969
289.898132 -289.897614 400.000000
289.898132 -289.897614 299.999969
249.582687 -325.261993 400.000000
249.582687 -325.261993 299.999969
204.985519 -355.044891 400.000000
204.985519 -355.044891 299.999969
156.899094 -378.788300 400.000000
156.899094 -378.788300 299.999969
106.108452 -396.002045 400.000000
106.108452 -396.002045 299.999969
53.513054 -406.473297 400.000000
53.513054 -406.473297 299.999969
0.000114 -409.980133 400.000000
0.000114 -409.980133 299.999969
-53.511848 -406.464325 400.000000
-53.511848 -406.464325 299.999969
-106.114632 -396.026398 400.000000
-106.114632 -396.026398 299.999969
-156.888687 -378.763397 400.000000
-156.888687 -378.763397 299.999969
-204.992325 -355.057098 400.000000
-204.992325 -355.057098 299.999969
-249.578140 -325.256561 400.000000
-249.578140 -325.256561 299.999969
-289.895142 -289.894836 400.000000
-289.895142 -289.894836 299.999969
-325.267944 -249.586807 400.000000
-325.267944 -249.586807 299.999969
-355.044434 -204.985031 400.000000
-355.044434 -204.985031 299.999969
-378.780640 -156.896103 299.999969
-378.780640 -156.896103 400.000000
0
73
49 48
48 47
47 46
46 49
47 45
45 44
44 46
45 43
43 42
42 44
43 41
41 40
40 42
41 39
39 38
38 40
39 37
37 36
36 38
37 35
35 34
34 36
35 33
33 32
32 34
33 31
31 30
30 32
31 29
29 28
28 30
29 27
27 26
26 28
27 25
25 24
24 26
25 23
23 22
22 24
23 21
21 20
20 22
21 19
19 18
18 20
19 17
17 16
16 18
17 15
15 14
14 16
15 13
13 12
12 14
13 11
11 10
10 12
11 9
9 8
8 10
7 8
9 6
6 7
5 4
4 48
49 5
3 2
2 4
5 3
1 2
3 0
0 1
24
4 1 2 3 4
4 -3 5 6 7
4 -6 8 9 10
4 -9 11 12 13
4 -12 14 15 16
4 -15 17 18 19
4 -18 20 21 22
4 -21 23 24 25
4 -24 26 27 28
4 -27 29 30 31
4 -30 32 33 34
4 -33 35 36 37
4 -36 38 39 40
4 -39 41 42 43
4 -42 44 45 46
4 -45 47 48 49
4 -48 50 51 52
4 -51 53 54 55
4 -54 56 57 58
4 -57 59 60 61
4 62 -60 63 64
4 65 66 -1 67
4 68 69 -65 70
4 71 -68 72 73
0
0
0
21
*
96
-249.582657 325.261993 299.999969
-204.985367 355.044891 299.999969
-204.985367 355.044891 -0.000015
-249.582657 325.261993 -0.000015
378.780334 156.896133 -0.000015
396.004700 106.109367 -0.000015
406.468323 53.512535 -0.000015
410.000061 0.000030 -0.000015
406.467468 -53.512333 -0.000015
396.018494 -106.112648 -0.000015
378.762878 -156.888702 -0.000015
355.063660 -204.995911 -0.000015
325.253845 -249.575531 -0.000015
289.898132 -289.897614 -0.000015
249.582687 -325.261993 -0.000015
204.985519 -355.044891 -0.000015
156.899094 -378.788300 -0.000015
106.108452 -396.002045 -0.000015
53.513054 -406.473297 -0.000015
0.000114 -409.980133 -0.000015
-53.511848 -406.464325 -0.000015
-106.114632 -396.026398 -0.000015
-156.888687 -378.763397 -0.000015
-204.992325 -355.057098 -0.000015
-249.578140 -325.256561 -0.000015
-289.895142 -289.894836 -0.000015
-325.267944 -249.586807 -0.000015
-355.044434 -204.985031 -0.000015
-378.780640 -156.896103 -0.000015
-396.004761 -106.109329 -0.000015
-406.468384 -53.512493 -0.000015
-410.000000 0.000005 -0.000015
-406.467285 53.512375 -0.000015
-396.018433 106.112686 -0.000015
-378.762939 156.888733 -0.000015
-355.063599 204.995926 -0.000015
-325.253784 249.575577 -0.000015
-289.897949 289.897644 -0.000015
-156.899185 378.788361 -0.000015
-106.108284 396.002106 -0.000015
-53.513069 406.473297 -0.000015
-0.000130 409.980194 -0.000015
53.511833 406.464386 -0.000015
106.114555 396.026398 -0.000015
156.888718 378.763397 -0.000015
204.992233 355.057098 -0.000015
249.578171 325.256622 -0.000015
289.895081 289.894867 -0.000015
325.267883 249.586823 -0.000015
355.044495 204.985046 -0.000015
-156.899185 378.788361 299.999969
-106.108284 396.002106 299.999969
-53.513069 406.473297 299.999969
-0.000130 409.980194 299.999969
53.511833 406.464386 299.999969
106.114555 396.026398 299.999969
156.888718 378.763397 299.999969
204.992233 355.057098 299.999969
249.578171 325.256622 299.999969
289.895081 289.894867 299.999969
325.267883 249.586823 299.999969
355.044495 204.985046 299.999969
378.780334 156.896133 299.999969
396.004700 106.109367 299.999969
406.468323 53.512535 299.999969
410.000061 0.000030 299.999969
406.467468 -53.512333 299.999969
396.018494 -106.112648 299.999969
378.762878 -156.888702 299.999969
355.063660 -204.995911 299.999969
325.253845 -249.575531 299.999969
289.898132 -289.897614 299.999969
249.582687 -325.261993 299.999969
204.985519 -355.044891 299.999969
156.899094 -378.788300 299.999969
106.108452 -396.002045 299.999969
53.513054 -406.473297 299.999969
0.000114 -409.980133 299.999969
-53.511848 -406.464325 299.999969
-106.114632 -396.026398 299.999969
-156.888687 -378.763397 299.999969
-204.992325 -355.057098 299.999969
-249.578140 -325.256561 299.999969
-289.895142 -289.894836 299.999969
-325.267944 -249.586807 299.999969
-355.044434 -204.985031 299.999969
-378.780640 -156.896103 299.999969
-396.004761 -106.109329 299.999969
-406.468384 -53.512493 299.999969
-410.000000 0.000005 299.999969
-406.467285 53.512375 299.999969
-396.018433 106.112686 299.999969
-378.762939 156.888733 299.999969
-355.063599 204.995926 299.999969
-325.253784 249.575577 299.999969
-289.897949 289.897644 299.999969
0
144
95 0
1 50
95 37
94 95
94 36
93 94
93 35
92 93
92 34
91 92
91 33
90 91
90 32
89 90
89 31
88 89
88 30
87 88
87 29
86 87
86 28
85 86
85 27
84 85
84 26
83 84
83 25
82 83
82 24
81 82
81 23
80 81
80 22
79 80
79 21
78 79
78 20
77 78
77 19
76 77
76 18
75 76
75 17
74 75
74 16
73 74
73 15
72 73
72 14
71 72
71 13
70 71
70 12
69 70
69 11
68 69
68 10
67 68
67 9
66 67
66 8
65 66
65 7
64 65
64 6
63 64
63 5
62 63
62 4
61 62
61 49
60 61
60 48
59 60
59 47
58 59
58 46
57 58
57 45
56 57
56 44
55 56
55 43
54 55
54 42
53 54
53 41
52 53
52 40
51 52
38 50
51 39
50 51
49 4
48 49
47 48
46 47
45 46
44 45
43 44
42 43
41 42
40 41
39 40
38 39
2 38
37 3
36 37
35 36
34 35
33 34
32 33
31 32
30 31
29 30
28 29
27 28
26 27
25 26
24 25
23 24
22 23
21 22
20 21
19 20
18 19
17 18
16 17
15 16
14 15
13 14
12 13
11 12
10 11
9 10
8 9
7 8
6 7
5 6
4 5
3 0
2 3
1 2
0 1
48
4 144 143 142 141
4 93 92 -105 91
4 90 89 -104 -92
4 88 87 -103 -89
4 86 85 -102 -87
4 84 83 -101 -85
4 82 81 -100 -83
4 80 79 -99 -81
4 78 77 -98 -79
4 76 75 -97 -77
4 74 73 -96 -75
4 72 71 -95 -73
4 70 69 -94 -71
4 68 67 -140 -69
4 66 65 -139 -67
4 64 63 -138 -65
4 62 61 -137 -63
4 60 59 -136 -61
4 58 57 -135 -59
4 56 55 -134 -57
4 54 53 -133 -55
4 52 51 -132 -53
4 50 49 -131 -51
4 48 47 -130 -49
4 46 45 -129 -47
4 44 43 -128 -45
4 42 41 -127 -43
4 40 39 -126 -41
4 38 37 -125 -39
4 36 35 -124 -37
4 34 33 -123 -35
4 32 31 -122 -33
4 30 29 -121 -31
4 28 27 -120 -29
4 26 25 -119 -27
4 24 23 -118 -25
4 22 21 -117 -23
4 20 19 -116 -21
4 18 17 -115 -19
4 16 15 -114 -17
4 14 13 -113 -15
4 12 11 -112 -13
4 10 9 -111 -11
4 8 7 -110 -9
4 6 5 -109 -7
4 4 3 -108 -5
4 2 -91 -106 -143
4 1 -141 -107 -3
0
0
0
0
0
3
1
1
2
0
