14 DENEB_PART_FILE
1
-1
1
1.000000 0.000000 0.000000
0.000000 1.000000 0.000000
0.000000 0.000000 1.000000
0.000000 0.000000 0.000000
0
0
0
12
5
*
4
-445.000000 1354.000000 -330.000031
-1355.000000 1354.000000 -330.000031
-445.000000 1354.000000 -560.000000
-1355.000000 1354.000000 -560.000000
0
4
2 3
3 1
1 0
0 2
1
4 1 2 3 4
0
0
0
5
*
4
-445.000000 1354.000000 -330.000031
-1355.000000 1354.000000 -330.000031
-445.000000 -1346.000000 -330.000031
-1355.000000 -1346.000000 -330.000031
0
4
3 2
2 0
0 1
1 3
1
4 1 2 3 4
0
0
0
5
*
4
-445.000000 1354.000000 -330.000031
-445.000000 1354.000000 -560.000000
-445.000000 -1346.000000 -330.000031
-445.000000 -1346.000000 -560.000000
0
4
1 0
0 2
2 3
3 1
1
4 1 2 3 4
0
0
0
5
*
4
-445.000000 -1346.000000 -330.000031
-1355.000000 -1346.000000 -330.000031
-445.000000 -1346.000000 -560.000000
-1355.000000 -1346.000000 -560.000000
0
4
3 2
2 0
0 1
1 3
1
4 1 2 3 4
0
0
0
5
*
4
-445.000000 1354.000000 -560.000000
-1355.000000 1354.000000 -560.000000
-445.000000 -1346.000000 -560.000000
-1355.000000 -1346.000000 -560.000000
0
4
1 0
0 2
2 3
3 1
1
4 1 2 3 4
0
0
0
5
*
4
-1355.000000 1354.000000 -330.000031
-1355.000000 1354.000000 -560.000000
-1355.000000 -1346.000000 -330.000031
-1355.000000 -1346.000000 -560.000000
0
4
3 2
2 0
0 1
1 3
1
4 1 2 3 4
0
0
0
4
*
4
-465.000000 1330.000000 -560.000000
-1335.000000 1330.000000 -560.000000
-465.000000 1330.000000 -710.000000
-1335.000000 1330.000000 -710.000000
0
4
1 0
0 2
2 3
3 1
1
4 1 2 3 4
0
0
0
4
*
4
-465.000000 1180.000000 -860.000000
-1335.000000 1180.000000 -860.000000
-465.000000 -1180.000000 -860.000000
-1335.000000 -1180.000000 -860.000000
0
4
1 0
0 2
2 3
3 1
1
4 1 2 3 4
0
0
0
4
*
6
-1335.000000 1330.000000 -560.000000
-1335.000000 1330.000000 -710.000000
-1335.000000 1180.000000 -860.000000
-1335.000000 -1180.000000 -860.000000
-1335.000000 -1330.000000 -560.000000
-1335.000000 -1330.000000 -710.000000
0
6
3 5
5 4
4 0
0 1
1 2
2 3
1
6 1 2 3 4 5 6
0
0
0
4
*
4
-465.000000 -1330.000000 -560.000000
-1335.000000 -1330.000000 -560.000000
-465.000000 -1330.000000 -710.000000
-1335.000000 -1330.000000 -710.000000
0
4
0 1
1 3
3 2
2 0
1
4 1 2 3 4
0
0
0
4
*
4
-465.000000 1330.000000 -560.000000
-1335.000000 1330.000000 -560.000000
-465.000000 -1330.000000 -560.000000
-1335.000000 -1330.000000 -560.000000
0
4
0 1
1 3
3 2
2 0
1
4 1 2 3 4
0
0
0
4
*
14
-465.000000 1330.000000 -560.000000
-465.000000 1330.000000 -710.000000
-465.000000 1180.000000 -860.000000
-465.000000 -1180.000000 -860.000000
-465.000000 -1330.000000 -560.000000
-465.000000 -1330.000000 -710.000000
-1335.000000 -1330.000000 -710.000000
-1335.000000 -1330.000000 -860.000000
-1335.000000 -1180.000000 -860.000000
-465.000000 -1330.000000 -860.000000
-465.000000 1330.000000 -860.000000
-1335.000000 1330.000000 -710.000000
-1335.000000 1330.000000 -860.000000
-1335.000000 1180.000000 -860.000000
2
10 2
9 3
24
7 8
6 7
13 11
9 5
5 6
7 6
6 8
8 3
3 9
9 7
7 8
2 13
13 12
10 2
10 12
12 11
11 1
1 10
2 1
1 0
0 4
4 5
5 3
3 2
10
3 -18 -19 -14
3 6 7 -11
3 -4 -9 -23
3 -16 -13 3
3 2 1 -7
4 15 16 17 18
4 12 13 -15 14
4 8 9 10 11
4 -10 4 5 -6
6 19 20 21 22 23 24
0
0
0
0
0
3
1
1
2
0
