10
4
0.000000 0.000000 -1.000000
0.000000 1.000000 0.000000
1.000000 0.000000 0.000000
571.499939 1887.568604 930.337219
1.000000 0.000000 0.000000
0.000000 1.000000 0.000000
0.000000 0.000000 1.000000
0.000000 1520.078979 1219.199951
1.000000 0.000000 0.000000
0.000000 1.000000 0.000000
0.000000 0.000000 1.000000
-0.000001 1778.000122 2184.399902
-1.000000 0.000000 0.000000
0.000000 0.000000 1.000000
0.000000 1.000000 0.000000
-40.042175 1984.545898 1829.205200
0
0
6
-2
12
177.800003 1778.000122 2082.800049
153.979309 1689.100098 2082.800049
88.899986 1624.020752 2082.800049
0.000000 1600.200073 2082.800049
-88.899986 1624.020752 2082.800049
-153.979324 1689.100098 2082.800049
-177.800003 1778.000122 2082.800049
-153.979309 1866.900146 2082.800049
-88.900009 1931.979492 2082.800049
0.000000 1955.800171 2082.800049
88.899994 1931.979492 2082.800049
153.979324 1866.900146 2082.800049
0
2
12 0 1 2 3 4 5 6 7 8 9 10 11
12 0 11 10 9 8 7 6 5 4 3 2 1
0
-2
8
571.500000 0.000000 203.199997
571.500000 2286.000000 203.199997
-571.500000 2286.000000 203.199997
-571.500000 0.000000 203.199997
-571.500000 2286.000000 0.000000
571.500000 2286.000000 0.000000
571.500000 0.000000 0.000000
-571.500000 0.000000 0.000000
0
6
4 7 4 5 6
4 3 0 1 2
4 4 7 3 2
4 5 4 2 1
4 6 5 1 0
4 7 6 0 3
0
-2
10
571.500000 1524.000000 203.199997
571.500000 1524.000000 1727.199951
571.500000 2032.000000 1727.199951
571.500000 2286.000000 1219.199951
571.500000 2286.000000 203.199997
-571.500000 1524.000000 203.199997
-571.500000 2286.000000 203.199997
-571.500000 2286.000000 1219.199951
-571.500000 2032.000000 1727.199951
-571.500000 1524.000000 1727.199951
0
7
5 0 4 3 2 1
5 5 9 8 7 6
4 4 0 5 6
4 3 4 6 7
4 2 3 7 8
4 1 2 8 9
4 0 1 9 5
0
-2
28
153.979309 1689.100098 2082.800049
88.899986 1624.020752 2082.800049
0.000000 1600.200073 2082.800049
-88.899986 1624.020752 2082.800049
-153.979324 1689.100098 2082.800049
-177.800003 1778.000122 2082.800049
-153.979309 1866.900146 2082.800049
-88.900009 1931.979492 2082.800049
0.000000 1955.800171 2082.800049
88.899994 1931.979492 2082.800049
153.979324 1866.900146 2082.800049
177.800003 1778.000122 2082.800049
-206.545898 1625.335693 1727.199951
-206.545883 1930.664307 1727.199951
-152.664352 1984.545898 1727.199951
152.664368 1984.545898 1727.199951
206.545898 1930.664307 1727.199951
206.545883 1625.335693 1727.199951
152.664352 1571.454102 1727.199951
-152.664368 1571.454102 1727.199951
-206.545898 1625.335693 1981.199951
-206.545883 1930.664307 1981.199951
-152.664352 1984.545898 1981.199951
152.664368 1984.545898 1981.199951
206.545898 1930.664307 1981.199951
206.545883 1625.335693 1981.199951
152.664352 1571.454102 1981.199951
-152.664368 1571.454102 1981.199951
0
26
8 12 13 14 15 16 17 18 19
8 20 21 22 23 24 25 26 27
4 13 12 20 21
4 14 13 21 22
4 15 14 22 23
4 16 15 23 24
4 17 16 24 25
4 18 17 25 26
4 19 18 26 27
4 12 19 27 20
3 11 24 10
4 10 24 23 9
3 23 22 8
3 8 9 23
3 8 22 7
4 7 22 21 6
3 6 21 5
3 5 21 20
3 20 4 5
4 4 20 27 3
3 27 26 2
3 2 3 27
3 2 26 1
4 1 26 25 0
3 25 24 11
3 11 0 25
0
-2
12
153.979324 1866.900146 2184.400146
88.899994 1931.979492 2184.400146
0.000000 1955.800171 2184.400146
-88.900009 1931.979492 2184.400146
-153.979309 1866.900146 2184.400146
-177.800003 1778.000122 2184.400146
-153.979324 1689.100098 2184.400146
-88.899986 1624.020752 2184.400146
0.000000 1600.200073 2184.400146
88.899986 1624.020752 2184.400146
153.979309 1689.100098 2184.400146
177.800003 1778.000122 2184.400146
0
2
12 11 0 1 2 3 4 5 6 7 8 9 10
12 11 0 1 2 3 4 5 6 7 8 9 10
0
-2
24
177.800003 1778.000122 2082.800049
153.979309 1689.100098 2082.800049
88.899986 1624.020752 2082.800049
0.000000 1600.200073 2082.800049
-88.899986 1624.020752 2082.800049
-153.979324 1689.100098 2082.800049
-177.800003 1778.000122 2082.800049
-153.979309 1866.900146 2082.800049
-88.900009 1931.979492 2082.800049
0.000000 1955.800171 2082.800049
88.899994 1931.979492 2082.800049
153.979324 1866.900146 2082.800049
177.800003 1778.000122 2184.400146
153.979324 1866.900146 2184.400146
88.899994 1931.979492 2184.400146
0.000000 1955.800171 2184.400146
-88.900009 1931.979492 2184.400146
-153.979309 1866.900146 2184.400146
-177.800003 1778.000122 2184.400146
-153.979324 1689.100098 2184.400146
-88.899986 1624.020752 2184.400146
0.000000 1600.200073 2184.400146
88.899986 1624.020752 2184.400146
153.979309 1689.100098 2184.400146
0
12
4 0 12 23 1
4 1 23 22 2
4 2 22 21 3
4 3 21 20 4
4 4 20 19 5
4 5 19 18 6
4 6 18 17 7
4 7 17 16 8
4 8 16 15 9
4 9 15 14 10
4 10 14 13 11
4 11 13 12 0
0
