12
1
-1.000000 0.000000 0.000000
0.000000 -1.000000 0.000000
0.000000 0.000000 1.000000
0.000000 0.000000 1065.000000
0
0
11
5
*
6
-210.000000 -35.000000 200.000000
210.000000 -35.000000 200.000000
210.000000 0.000000 200.000000
-210.000000 0.000000 200.000000
-210.000000 -35.000000 2920.000000
210.000000 -35.000000 2920.000000
0
7
0 3
3 2
2 1
1 0
1 5
5 4
4 0
2
4 1 2 3 4
4 -4 5 6 7
0
0
-2
*
8
370.000000 -35.000000 2920.000000
370.000000 0.000000 2920.000000
210.000000 0.000000 2920.000000
210.000000 -35.000000 2920.000000
210.000000 0.000000 200.000000
370.000000 0.000000 200.000000
370.000000 -35.000000 200.000000
210.000000 -35.000000 200.000000
0
11
7 4
4 5
5 6
6 7
3 0
0 1
1 2
2 3
5 1
0 6
3 7
4
4 1 2 3 4
4 5 6 7 8
4 -3 9 -6 10
4 -4 -10 -5 11
0
0
-2
*
8
-210.000000 0.000000 2920.000000
-370.000000 0.000000 2920.000000
-370.000000 -35.000000 2920.000000
-210.000000 -35.000000 2920.000000
-210.000000 0.000000 200.000000
-370.000000 0.000000 200.000000
-370.000000 -35.000000 200.000000
-210.000000 -35.000000 200.000000
0
11
7 6
6 5
5 4
4 7
3 0
0 1
1 2
2 3
7 3
2 6
1 5
4
4 1 2 3 4
4 5 6 7 8
4 -1 9 -8 10
4 -2 -10 -7 11
0
0
-2
*
8
-525.000000 0.000000 0.000000
525.000000 0.000000 0.000000
525.000000 1230.000000 0.000000
-525.000000 1230.000000 0.000000
-525.000000 0.000000 200.000000
-525.000000 1230.000000 200.000000
525.000000 1230.000000 200.000000
525.000000 0.000000 200.000000
0
12
0 3
3 2
2 1
1 0
4 7
7 6
6 5
5 4
0 4
5 3
6 2
7 1
6
4 1 2 3 4
4 5 6 7 8
4 -1 9 -8 10
4 -2 -10 -7 11
4 -3 -11 -6 12
4 -4 -12 -5 -9
0
0
5
*
8
-525.000000 0.000000 0.000000
525.000000 0.000000 0.000000
525.000000 -200.000000 0.000000
-525.000000 -200.000000 0.000000
-525.000000 0.000000 170.000000
525.000000 0.000000 170.000000
525.000000 -200.000000 170.000000
-525.000000 -200.000000 170.000000
0
12
0 1
1 2
2 3
3 0
4 7
7 6
6 5
5 4
0 4
5 1
6 2
7 3
6
4 1 2 3 4
4 5 6 7 8
4 -1 9 -8 10
4 -2 -10 -7 11
4 -3 -11 -6 12
4 -4 -12 -5 -9
0
0
-2
*
8
525.000000 0.000000 1495.000000
525.000000 1230.000000 1495.000000
-525.000000 1230.000000 1495.000000
-525.000000 0.000000 1495.000000
-525.000000 1230.000000 200.000000
525.000000 1230.000000 200.000000
525.000000 0.000000 200.000000
-525.000000 0.000000 200.000000
0
12
7 4
4 5
5 6
6 7
3 0
0 1
1 2
2 3
7 3
2 4
1 5
0 6
6
4 1 2 3 4
4 5 6 7 8
4 -1 9 -8 10
4 -2 -10 -7 11
4 -3 -11 -6 12
4 -4 -12 -5 -9
0
0
-2
*
8
525.000000 1230.000000 1495.000000
525.000000 1000.000000 2920.000000
525.000000 0.000000 2920.000000
525.000000 0.000000 1495.000000
-525.000000 0.000000 2920.000000
-525.000000 1000.000000 2920.000000
-525.000000 1230.000000 1495.000000
-525.000000 0.000000 1495.000000
0
12
7 4
4 5
5 6
6 7
3 0
0 1
1 2
2 3
7 3
2 4
1 5
0 6
6
4 1 2 3 4
4 5 6 7 8
4 -1 9 -8 10
4 -2 -10 -7 11
4 -3 -11 -6 12
4 -4 -12 -5 -9
0
0
-2
*
8
-525.000000 0.000000 2920.000000
525.000000 0.000000 2920.000000
525.000000 1010.000000 2920.000000
-525.000000 1010.000000 2920.000000
-525.000000 0.000000 3130.000000
-525.000000 1010.000000 3130.000000
525.000000 1010.000000 3130.000000
525.000000 0.000000 3130.000000
0
12
0 3
3 2
2 1
1 0
4 7
7 6
6 5
5 4
0 4
5 3
6 2
7 1
6
4 1 2 3 4
4 5 6 7 8
4 -1 9 -8 10
4 -2 -10 -7 11
4 -3 -11 -6 12
4 -4 -12 -5 -9
0
0
-2
*
8
-382.500000 -180.000000 3130.000000
382.500000 -180.000000 3130.000000
382.500000 0.000000 3130.000000
-382.500000 0.000000 3130.000000
-382.500000 -180.000000 2920.000000
382.500000 -180.000000 2920.000000
382.500000 0.000000 2920.000000
-382.500000 0.000000 2920.000000
0
12
7 6
6 5
5 4
4 7
3 0
0 1
1 2
2 3
7 3
2 6
1 5
0 4
6
4 1 2 3 4
4 5 6 7 8
4 -1 9 -8 10
4 -2 -10 -7 11
4 -3 -11 -6 12
4 -4 -12 -5 -9
0
0
7
*
24
-135.048096 317.500000 3610.000000
-135.048096 317.500000 3560.000000
-162.500000 290.048096 3610.000000
-162.500000 290.048096 3560.000000
-200.000000 280.000000 3610.000000
-200.000000 280.000000 3560.000000
-237.500000 290.048096 3610.000000
-237.500000 290.048096 3560.000000
-264.951904 317.500000 3610.000000
-264.951904 317.500000 3560.000000
-275.000000 355.000000 3610.000000
-275.000000 355.000000 3560.000000
-264.951904 392.500000 3610.000000
-264.951904 392.500000 3560.000000
-237.500000 419.951904 3610.000000
-237.500000 419.951904 3560.000000
-200.000000 430.000000 3610.000000
-200.000000 430.000000 3560.000000
-162.500000 419.951904 3610.000000
-162.500000 419.951904 3560.000000
-125.000000 355.000000 3610.000000
-135.048096 392.500000 3610.000000
-135.048096 392.500000 3560.000000
-125.000000 355.000000 3560.000000
0
36
23 22
22 21
21 20
20 23
22 19
19 18
18 21
19 17
17 16
16 18
17 15
15 14
14 16
15 13
13 12
12 14
13 11
11 10
10 12
11 9
9 8
8 10
9 7
7 6
6 8
7 5
5 4
4 6
5 3
3 2
2 4
3 1
1 0
0 2
1 23
20 0
13
4 1 2 3 4
4 5 6 7 -2
4 8 9 10 -6
4 11 12 13 -9
4 14 15 16 -12
4 17 18 19 -15
4 20 21 22 -18
4 23 24 25 -21
4 26 27 28 -24
4 29 30 31 -27
4 32 33 34 -30
4 35 -4 36 -33
12 -3 -7 -10 -13 -16 -19 -22 -25 -28 -31 -34 -36
0
0
5
*
24
-125.000000 355.000000 3560.000000
-125.000000 355.000000 3130.000000
-135.048096 392.500000 3130.000000
-135.048096 392.500000 3560.000000
-162.500000 419.951904 3130.000000
-162.500000 419.951904 3560.000000
-200.000000 430.000000 3130.000000
-200.000000 430.000000 3560.000000
-237.500000 419.951904 3130.000000
-237.500000 419.951904 3560.000000
-264.951904 392.500000 3130.000000
-264.951904 392.500000 3560.000000
-275.000000 355.000000 3130.000000
-275.000000 355.000000 3560.000000
-264.951904 317.500000 3130.000000
-264.951904 317.500000 3560.000000
-237.500000 290.048096 3130.000000
-237.500000 290.048096 3560.000000
-200.000000 280.000000 3130.000000
-200.000000 280.000000 3560.000000
-162.500000 290.048096 3130.000000
-162.500000 290.048096 3560.000000
-135.048096 317.500000 3130.000000
-135.048096 317.500000 3560.000000
0
36
0 1
1 2
2 3
3 0
2 4
4 5
5 3
4 6
6 7
7 5
6 8
8 9
9 7
8 10
10 11
11 9
10 12
12 13
13 11
12 14
14 15
15 13
14 16
16 17
17 15
16 18
18 19
19 17
18 20
20 21
21 19
20 22
22 23
23 21
22 1
0 23
12
4 1 2 3 4
4 -3 5 6 7
4 -6 8 9 10
4 -9 11 12 13
4 -12 14 15 16
4 -15 17 18 19
4 -18 20 21 22
4 -21 23 24 25
4 -24 26 27 28
4 -27 29 30 31
4 -30 32 33 34
4 -33 35 -1 36
0
0
