11
0
0
0
4
-2
24
101.757980 290.000000 -58.750000
101.757980 230.000000 -58.750000
58.749996 290.000000 -101.757988
58.749996 230.000000 -101.757988
0.000000 290.000000 -117.500000
0.000000 230.000000 -117.500000
-58.750008 290.000000 -101.757980
-58.750008 230.000000 -101.757980
-101.757980 290.000000 -58.750004
-101.757980 230.000000 -58.750004
-117.500000 290.000000 0.000000
-117.500000 230.000000 0.000000
-101.757988 290.000000 58.750000
-101.757988 230.000000 58.750000
-58.749989 290.000000 101.757996
-58.749989 230.000000 101.757996
0.000000 290.000000 117.500000
0.000000 230.000000 117.500000
58.749992 290.000000 101.757988
58.749992 230.000000 101.757988
101.757973 290.000000 58.750019
101.757973 230.000000 58.750019
117.500000 290.000000 0.000000
117.500000 230.000000 0.000000
0
13
4 23 1 0 22
4 1 3 2 0
4 3 5 4 2
4 5 7 6 4
4 7 9 8 6
4 9 11 10 8
4 11 13 12 10
4 13 15 14 12
4 15 17 16 14
4 17 19 18 16
4 19 21 20 18
4 21 23 22 20
12 22 0 2 4 6 8 10 12 14 16 18 20
0
0
-2
8
210.000000 110.000000 285.000000
200.000000 230.000000 285.000000
-200.000000 230.000000 285.000000
-210.000000 110.000000 285.000000
-200.000000 230.000000 -165.000000
200.000000 230.000000 -165.000000
210.000000 110.000000 -165.000000
-210.000000 110.000000 -165.000000
0
6
4 7 4 5 6
4 3 0 1 2
4 4 7 3 2
4 5 4 2 1
4 6 5 1 0
4 7 6 0 3
0
0
-2
8
210.000000 70.000000 285.000000
210.000000 110.000000 285.000000
-210.000000 110.000000 285.000000
-210.000000 70.000000 285.000000
-210.000000 110.000000 -165.000000
210.000000 110.000000 -165.000000
210.000000 70.000000 -165.000000
-210.000000 70.000000 -165.000000
0
6
4 7 4 5 6
4 3 0 1 2
4 4 7 3 2
4 5 4 2 1
4 6 5 1 0
4 7 6 0 3
0
0
-2
8
-210.000000 0.000000 -205.000000
210.000000 0.000000 -205.000000
210.000000 70.000000 -205.000000
-210.000000 70.000000 -205.000000
-210.000000 0.000000 545.000000
-210.000000 70.000000 545.000000
210.000000 70.000000 545.000000
210.000000 0.000000 545.000000
0
6
4 0 3 2 1
4 4 7 6 5
4 3 0 4 5
4 2 3 5 6
4 1 2 6 7
4 0 1 7 4
0
0
