12
0
0
0
4
-2
*
10
502.500000 422.500000 118.235268
0.000000 422.500000 147.794083
-502.500000 422.500000 118.235268
-502.500000 422.500000 0.000000
502.500000 422.500000 0.000000
502.500000 633.750000 118.235268
0.000000 633.750000 147.794083
-502.500000 633.750000 118.235268
-502.500000 633.750000 0.000000
502.500000 633.750000 0.000000
0
14
4 0
0 1
1 2
2 3
3 4
7 8
8 3
2 7
6 7
1 6
5 6
0 5
9 5
4 9
5
5 1 2 3 4 5
4 6 7 -4 8
4 9 -8 -3 10
4 11 -10 -2 12
4 13 -12 -1 14
0
0
-2
*
10
510.000000 633.750000 120.000000
0.000000 633.750000 150.000000
-510.000000 633.750000 120.000000
-510.000000 633.750000 0.000000
510.000000 633.750000 0.000000
510.000000 845.000000 120.000000
0.000000 845.000000 150.000000
-510.000000 845.000000 120.000000
-510.000000 845.000000 0.000000
510.000000 845.000000 0.000000
0
14
4 0
0 1
1 2
2 3
3 4
7 8
8 3
2 7
6 7
1 6
5 6
0 5
9 5
4 9
5
5 1 2 3 4 5
4 6 7 -4 8
4 9 -8 -3 10
4 11 -10 -2 12
4 13 -12 -1 14
0
0
-2
*
10
494.999908 211.250000 116.470566
0.000000 211.250000 145.588211
-494.999908 211.250000 116.470566
-494.999908 211.250000 0.000000
494.999908 211.250000 0.000000
494.999908 422.500000 116.470566
0.000000 422.500000 145.588211
-494.999908 422.500000 116.470566
-494.999908 422.500000 0.000000
494.999908 422.500000 0.000000
0
14
4 0
0 1
1 2
2 3
3 4
7 8
8 3
2 7
6 7
1 6
5 6
0 5
9 5
4 9
5
5 1 2 3 4 5
4 6 7 -4 8
4 9 -8 -3 10
4 11 -10 -2 12
4 13 -12 -1 14
0
0
-2
*
10
487.499969 0.000000 114.705841
0.000000 0.000000 143.382309
-487.499969 0.000000 114.705841
-487.499969 0.000000 0.000000
487.499969 0.000000 0.000000
487.499969 211.250000 114.705841
0.000000 211.250000 143.382309
-487.499969 211.250000 114.705841
-487.499969 211.250000 0.000000
487.499969 211.250000 0.000000
0
14
4 0
0 1
1 2
2 3
3 4
7 8
8 3
2 7
6 7
1 6
5 6
0 5
9 5
4 9
5
5 1 2 3 4 5
4 6 7 -4 8
4 9 -8 -3 10
4 11 -10 -2 12
4 13 -12 -1 14
0
0
