12
1
-1.000000 0.000000 0.000000
0.000000 -1.000000 0.000000
0.000000 0.000000 1.000000
0.000000 0.000000 1065.000000
0
0
31
-2
*
15
-1314.999634 330.000000 1065.000732
-805.000061 330.000000 1065.000732
-805.000061 330.000000 1405.000732
-1314.999634 330.000000 1405.000732
-805.000061 -314.119049 1195.113159
-1314.999634 -314.119049 1195.113159
-805.000061 -240.416290 1305.416992
-1314.999634 -240.416290 1305.416992
-805.000061 0.000000 1405.000732
-805.000061 -130.112366 1379.119751
-1314.999634 -130.112366 1379.119751
-1314.999634 0.000000 1405.000732
-805.000061 469.133209 755.815491
-805.000061 -217.258041 755.815491
-805.000061 -539.211060 755.815491
0
21
11 10
10 9
9 8
8 11
10 7
7 6
6 9
7 5
5 4
4 6
3 11
8 2
2 3
1 0
0 3
2 1
12 1
1 13
13 12
4 14
14 13
7
4 1 2 3 4
4 5 6 7 -2
4 8 9 10 -6
4 11 -4 12 13
4 14 15 -13 16
3 17 18 19
8 -12 -3 -7 -10 20 21 -18 -16
0
0
-2
*
18
-1314.999634 330.000000 1405.000732
-1314.999634 0.000000 1405.000732
-1314.999634 -130.112366 1379.119751
-1314.999634 -240.416290 1305.416992
-1314.999634 -555.000244 725.000732
-1314.999634 -314.119049 1195.113159
-805.000061 -314.119049 1195.113159
-805.000061 -555.000244 725.000732
-805.000061 330.000000 1065.000732
-1314.999634 330.000000 1065.000732
-805.000061 554.999756 565.000732
-805.000061 -555.000244 565.000732
-1314.999634 -555.000244 565.000732
-1314.999634 554.999756 565.000732
-805.000061 -555.000244 0.000000
-805.000061 554.999756 0.000000
-1314.999634 554.999756 0.000000
-1314.999634 -555.000244 0.000000
0
26
17 16
16 15
15 14
14 17
13 16
17 12
12 13
11 14
15 10
10 11
11 12
13 9
9 8
8 10
10 13
7 6
6 5
5 4
4 7
12 4
5 3
3 2
2 1
1 0
0 9
9 12
9
4 1 2 3 4
4 5 -1 6 7
4 8 -3 9 10
4 -6 -4 -8 11
4 12 13 14 15
4 16 17 18 19
8 20 -18 21 22 23 24 25 26
3 -7 -26 -12
4 -5 -15 -9 -2
0
0
-2
*
4
-1314.999878 -555.000244 565.000732
-800.000305 -555.000244 565.000732
-1314.999878 -555.000244 725.000732
-800.000305 -555.000244 725.000732
0
4
2 0
0 1
1 3
3 2
1
4 1 2 3 4
0
0
-2
*
10
-1704.999878 -533.750305 0.000000
-1704.999878 -533.750305 304.238098
-1705.000000 -0.000244 619.151245
-1705.000122 533.749756 304.238098
-1705.000122 533.749756 0.000000
-1360.000122 533.749878 0.000000
-1359.999878 -533.750244 0.000000
-1359.999878 -533.750244 304.238098
-1360.000000 -0.000183 619.151245
-1360.000122 533.749878 304.238098
0
15
4 0
0 1
1 2
2 3
3 4
4 5
5 6
6 0
6 7
7 1
7 8
8 2
8 9
9 3
9 5
6
5 1 2 3 4 5
4 -1 6 7 8
4 -2 -8 9 10
4 -3 -10 11 12
4 -4 -12 13 14
4 -5 -14 15 -6
0
0
-2
*
10
-1314.999878 -555.000244 0.000000
-1359.999878 -555.000244 0.000000
-1359.999878 554.999756 0.000000
-1314.999878 554.999756 0.000000
-1359.999878 554.999756 320.000000
-1359.999878 -555.000244 599.999939
-1359.999878 -237.287903 787.450623
-1314.999878 554.999756 320.000000
-1314.999878 -555.000244 599.999939
-1314.999878 -237.287903 787.450623
0
15
0 1
1 2
2 3
3 0
4 2
1 5
5 6
6 4
7 3
4 7
8 5
0 8
6 9
9 7
8 9
6
4 1 2 3 4
5 5 -2 6 7 8
4 9 -3 -5 10
4 11 -6 -1 12
4 13 14 -10 -8
4 15 -13 -7 -11
0
0
-2
*
7
-560.976868 -688.222168 465.000031
-779.143372 -555.000244 725.000732
-1314.999878 -688.222168 90.000053
-1314.999878 -624.582581 26.360445
-1314.999878 -555.000244 0.000000
-1314.999878 -688.222168 465.000031
-1314.999878 -555.000244 725.000732
0
8
6 4
4 3
3 2
2 5
5 6
1 6
5 0
0 1
2
5 1 2 3 4 5
4 6 -5 7 8
0
0
-2
*
5
-560.976868 -688.222168 465.000031
-539.999939 -688.222168 440.000671
-540.000000 -688.222168 90.000053
-1314.999878 -688.222168 90.000053
-1314.999878 -688.222168 465.000031
0
5
1 0
0 4
4 3
3 2
2 1
1
5 1 2 3 4 5
0
0
-2
*
6
-1314.999878 -555.000244 0.000000
-540.000000 -555.000244 0.000000
-540.000000 -624.582581 26.360445
-1314.999878 -624.582581 26.360445
-1314.999878 -688.222168 90.000053
-539.999939 -688.222168 90.000053
0
7
5 4
4 3
3 2
2 5
1 2
3 0
0 1
2
4 1 2 3 4
4 5 -3 6 7
0
0
-2
*
6
1275.000122 -555.000244 0.000000
540.000000 -555.000244 0.000000
1275.000122 -624.582581 26.360445
540.000000 -624.582581 26.360445
540.000000 -688.222168 90.000053
1275.000122 -688.222168 90.000053
0
7
5 4
4 3
3 2
2 5
1 0
0 2
3 1
2
4 1 2 3 4
4 5 6 -3 7
0
0
-2
*
5
540.000000 -688.222168 440.000763
560.976868 -688.222168 465.000031
1275.000122 -688.222168 90.000053
540.000000 -688.222168 90.000053
1275.000122 -688.222168 465.000031
0
5
4 1
1 0
0 3
3 2
2 4
1
5 1 2 3 4 5
0
0
-2
*
7
560.976868 -688.222168 465.000031
779.143433 -555.000244 725.000732
1275.000122 -555.000244 0.000000
1275.000122 -624.582581 26.360445
1275.000122 -688.222168 90.000053
1275.000122 -688.222168 465.000031
1275.000122 -555.000244 725.000732
0
8
6 5
5 4
4 3
3 2
2 6
6 1
1 0
0 5
2
5 1 2 3 4 5
4 6 7 8 -1
0
0
-2
*
10
1275.000122 -555.000244 0.000000
1275.000122 554.999756 0.000000
1500.000122 554.999756 0.000000
1500.000122 -555.000244 0.000000
1275.000122 554.999756 320.000000
1275.000122 -555.000244 599.999939
1275.000122 -237.287903 787.450623
1500.000122 554.999756 320.000061
1500.000122 -237.287872 787.450623
1500.000122 -555.000244 600.000000
0
15
0 1
1 2
2 3
3 0
4 1
0 5
5 6
6 4
7 2
4 7
8 9
9 3
7 8
9 5
6 8
7
4 1 2 3 4
5 5 -1 6 7 8
4 9 -2 -5 10
5 11 12 -3 -9 13
4 -6 -4 -12 14
4 15 -13 -10 -8
4 -11 -15 -7 -14
0
0
-2
*
10
1845.000000 533.750000 0.000000
1845.000000 533.750000 304.238098
1845.000000 0.000000 619.151245
1845.000000 -533.750061 304.238098
1845.000000 -533.750061 0.000000
1500.000000 -533.750061 0.000000
1500.000000 533.750000 0.000000
1500.000000 533.750000 304.238098
1500.000000 0.000000 619.151245
1500.000000 -533.750061 304.238098
0
15
4 0
0 1
1 2
2 3
3 4
4 5
5 6
6 0
6 7
7 1
7 8
8 2
8 9
9 3
9 5
6
5 1 2 3 4 5
4 -1 6 7 8
4 -2 -8 9 10
4 -3 -10 11 12
4 -4 -12 13 14
4 -5 -14 15 -6
0
0
-2
*
15
815.000000 0.000000 1405.000732
815.000000 -130.112366 1379.119751
1274.999878 -130.112366 1379.119751
1274.999878 0.000000 1405.000732
815.000000 -240.416290 1305.416992
1274.999878 -240.416290 1305.416992
815.000000 -314.119049 1195.113159
1274.999878 -314.119049 1195.113159
815.000000 330.000000 1405.000732
1274.999878 330.000000 1405.000732
1274.999878 330.000000 1065.000732
815.000000 330.000000 1065.000732
1274.999878 554.999756 565.000732
1274.999878 -555.000244 565.000732
1274.999878 -555.000244 725.000732
0
21
0 1
1 2
2 3
3 0
1 4
4 5
5 2
4 6
6 7
7 5
8 0
3 9
9 8
10 11
11 8
9 10
12 10
10 13
13 12
7 14
14 13
7
4 1 2 3 4
4 5 6 7 -2
4 8 9 10 -6
4 11 -4 12 13
4 14 15 -13 16
3 17 18 19
8 -12 -3 -7 -10 20 21 -18 -16
0
0
-2
*
21
815.000000 -555.000244 0.000000
815.000000 554.999756 0.000000
1274.999878 554.999756 0.000000
1274.999878 -555.000244 0.000000
815.000000 554.999756 565.000732
815.000000 -555.000244 565.000732
1274.999878 -555.000244 565.000732
1274.999878 554.999756 565.000732
815.000000 330.000000 1065.000732
1274.999878 330.000000 1065.000732
1274.999878 -555.000244 725.000732
1274.999878 -314.119049 1195.113159
815.000000 -314.119049 1195.113159
815.000000 -555.000244 725.000732
815.000000 -240.416290 1305.416992
815.000000 -130.112366 1379.119751
815.000000 0.000000 1405.000732
815.000000 330.000000 1405.000732
815.000000 -196.164032 767.732971
815.000000 -533.104614 767.732971
815.000000 463.770325 767.732971
0
29
0 1
1 2
2 3
3 0
4 1
0 5
5 4
6 3
2 7
7 6
6 5
4 8
8 9
9 7
7 4
10 11
11 12
12 13
13 10
18 19
19 12
12 14
14 15
15 16
16 17
17 8
8 18
20 18
8 20
9
4 1 2 3 4
4 5 -1 6 7
4 8 -3 9 10
4 -6 -4 -8 11
4 12 13 14 15
4 16 17 18 19
4 -5 -15 -9 -2
8 20 21 22 23 24 25 26 27
3 28 -27 29
0
0
-2
*
4
1275.000122 -555.000244 725.000732
810.000122 -555.000244 725.000732
1275.000122 -555.000244 565.000732
810.000122 -555.000244 565.000732
0
4
1 3
3 2
2 0
0 1
1
4 1 2 3 4
0
0
-2
*
34
-539.999939 -688.222168 440.000671
-472.872040 -688.222168 360.000732
540.000000 -688.222168 440.000763
472.872009 -688.222168 360.000732
540.000000 554.999634 440.000732
-540.000000 554.999634 440.000732
540.000000 -624.582581 26.360437
540.000000 -688.222168 90.000031
540.000000 -688.222168 360.000732
540.000000 -608.222168 440.000732
-540.000000 -688.222168 360.000732
-540.000000 -688.222168 90.000046
-540.000000 -624.582581 26.360422
-540.000000 -608.222168 440.000732
540.000000 -555.000244 0.000000
540.000000 554.999756 0.000000
-540.000000 554.999756 0.000000
-540.000000 -555.000244 0.000000
-805.000061 469.133209 755.815491
-805.000061 -539.211060 755.815491
-805.000061 554.999756 0.000000
-805.000061 554.999756 565.000732
-805.000061 -555.000244 0.000000
-560.976868 -688.222168 465.000031
-779.143372 -555.000244 725.000732
-805.000061 -555.000244 725.000732
815.000000 -533.104614 767.732971
815.000000 463.770325 767.732971
815.000000 554.999756 565.000732
815.000000 554.999756 0.000000
815.000000 -555.000244 0.000000
560.976868 -688.222168 465.000031
779.143433 -555.000244 725.000732
815.000000 -555.000244 725.000732
0
56
17 16
16 15
15 14
14 17
10 11
11 7
7 8
8 10
6 7
11 12
12 6
14 6
12 17
16 5
5 4
4 15
13 9
9 4
5 13
8 2
2 3
3 8
1 3
3 9
13 1
10 1
1 0
0 10
5 18
18 19
19 13
16 20
20 21
21 5
21 18
17 22
22 20
23 1
19 23
25 24
24 19
19 25
9 26
26 27
27 4
28 4
27 28
28 29
29 15
29 30
30 14
3 31
31 26
33 26
26 32
32 33
21
4 1 2 3 4
4 5 6 7 8
4 9 -6 10 11
4 12 -11 13 -4
4 14 15 16 -2
4 17 18 -15 19
3 20 21 22
4 23 24 -17 25
3 26 27 28
4 29 30 31 -19
4 32 33 34 -14
3 -29 -34 35
4 -32 -1 36 37
4 38 -25 -31 39
3 40 41 42
4 43 44 45 -18
3 46 -45 47
4 -16 -46 48 49
4 -49 50 51 -3
4 -24 52 53 -43
3 54 55 56
0
0
6
*
24
-785.000000 270.000000 1065.000000
-760.000000 270.000000 1065.000000
-785.000000 233.826828 929.999939
-760.000000 233.826828 929.999939
-785.000000 134.999985 831.173096
-760.000000 134.999985 831.173096
-785.000000 0.000000 795.000000
-760.000000 0.000000 795.000000
-785.000000 -134.999969 831.173096
-760.000000 -134.999969 831.173096
-785.000000 -233.826859 930.000000
-760.000000 -233.826859 930.000000
-785.000000 -270.000000 1065.000000
-760.000000 -270.000000 1065.000000
-785.000000 -233.826859 1200.000000
-760.000000 -233.826859 1200.000000
-785.000000 -135.000015 1298.826904
-760.000000 -135.000015 1298.826904
-785.000000 0.000000 1335.000000
-760.000000 0.000000 1335.000000
-785.000000 135.000000 1298.826904
-760.000000 135.000000 1298.826904
-785.000000 233.826859 1200.000000
-760.000000 233.826859 1200.000000
0
36
0 22
22 23
23 1
1 0
22 20
20 21
21 23
20 18
18 19
19 21
18 16
16 17
17 19
16 14
14 15
15 17
14 12
12 13
13 15
12 10
10 11
11 13
10 8
8 9
9 11
8 6
6 7
7 9
6 4
4 5
5 7
4 2
2 3
3 5
2 0
1 3
13
4 1 2 3 4
4 5 6 7 -2
4 8 9 10 -6
4 11 12 13 -9
4 14 15 16 -12
4 17 18 19 -15
4 20 21 22 -18
4 23 24 25 -21
4 26 27 28 -24
4 29 30 31 -27
4 32 33 34 -30
4 35 -4 36 -33
12 -3 -7 -10 -13 -16 -19 -22 -25 -28 -31 -34 -36
0
0
6
*
24
-785.000000 248.982300 1208.750000
-810.000000 248.982300 1208.750000
-785.000000 143.750000 1313.982300
-810.000000 143.750000 1313.982300
-785.000000 0.000000 1352.500000
-810.000000 0.000000 1352.500000
-785.000000 -143.750015 1313.982300
-810.000000 -143.750015 1313.982300
-785.000000 -248.982300 1208.750000
-810.000000 -248.982300 1208.750000
-785.000000 -287.500000 1065.000000
-810.000000 -287.500000 1065.000000
-785.000000 -248.982300 921.250000
-810.000000 -248.982300 921.250000
-785.000000 -143.749969 816.017700
-810.000000 -143.749969 816.017700
-785.000000 0.000000 777.500000
-810.000000 0.000000 777.500000
-785.000000 143.749969 816.017700
-810.000000 143.749969 816.017700
-785.000000 248.982269 921.249939
-810.000000 248.982269 921.249939
-785.000000 287.500000 1065.000000
-810.000000 287.500000 1065.000000
0
36
23 1
1 0
0 22
22 23
1 3
3 2
2 0
3 5
5 4
4 2
5 7
7 6
6 4
7 9
9 8
8 6
9 11
11 10
10 8
11 13
13 12
12 10
13 15
15 14
14 12
15 17
17 16
16 14
17 19
19 18
18 16
19 21
21 20
20 18
21 23
22 20
13
4 1 2 3 4
4 5 6 7 -2
4 8 9 10 -6
4 11 12 13 -9
4 14 15 16 -12
4 17 18 19 -15
4 20 21 22 -18
4 23 24 25 -21
4 26 27 28 -24
4 29 30 31 -27
4 32 33 34 -30
4 35 -4 36 -33
12 -3 -7 -10 -13 -16 -19 -22 -25 -28 -31 -34 -36
0
0
6
*
24
810.000061 -287.500000 1065.000000
785.000061 -287.500000 1065.000000
810.000061 -248.982269 921.249939
785.000061 -248.982269 921.249939
810.000000 -143.749969 816.017700
785.000000 -143.749969 816.017700
810.000000 0.000000 777.500000
785.000000 0.000000 777.500000
810.000000 143.749969 816.017700
785.000000 143.749969 816.017700
809.999939 248.982300 921.250000
784.999939 248.982300 921.250000
809.999939 287.500000 1065.000000
784.999939 287.500000 1065.000000
809.999939 248.982300 1208.750000
784.999939 248.982300 1208.750000
810.000000 143.750015 1313.982300
785.000000 143.750015 1313.982300
810.000000 0.000000 1352.500000
785.000000 0.000000 1352.500000
810.000000 -143.750000 1313.982300
785.000000 -143.750000 1313.982300
810.000061 -248.982300 1208.750000
785.000061 -248.982300 1208.750000
0
36
0 22
22 23
23 1
1 0
22 20
20 21
21 23
20 18
18 19
19 21
18 16
16 17
17 19
16 14
14 15
15 17
14 12
12 13
13 15
12 10
10 11
11 13
10 8
8 9
9 11
8 6
6 7
7 9
6 4
4 5
5 7
4 2
2 3
3 5
2 0
1 3
13
4 1 2 3 4
4 5 6 7 -2
4 8 9 10 -6
4 11 12 13 -9
4 14 15 16 -12
4 17 18 19 -15
4 20 21 22 -18
4 23 24 25 -21
4 26 27 28 -24
4 29 30 31 -27
4 32 33 34 -30
4 35 -4 36 -33
12 -3 -7 -10 -13 -16 -19 -22 -25 -28 -31 -34 -36
0
0
6
*
24
760.000061 -233.826859 1200.000000
785.000061 -233.826859 1200.000000
760.000000 -135.000000 1298.826904
785.000000 -135.000000 1298.826904
760.000000 0.000000 1335.000000
785.000000 0.000000 1335.000000
760.000000 135.000015 1298.826904
785.000000 135.000015 1298.826904
759.999939 233.826859 1200.000000
784.999939 233.826859 1200.000000
759.999939 270.000000 1065.000000
784.999939 270.000000 1065.000000
759.999939 233.826859 930.000000
784.999939 233.826859 930.000000
760.000000 134.999969 831.173096
785.000000 134.999969 831.173096
760.000000 0.000000 795.000000
785.000000 0.000000 795.000000
760.000000 -134.999985 831.173096
785.000000 -134.999985 831.173096
760.000061 -233.826828 929.999939
785.000061 -233.826828 929.999939
760.000061 -270.000000 1065.000000
785.000061 -270.000000 1065.000000
0
36
23 1
1 0
0 22
22 23
1 3
3 2
2 0
3 5
5 4
4 2
5 7
7 6
6 4
7 9
9 8
8 6
9 11
11 10
10 8
11 13
13 12
12 10
13 15
15 14
14 12
15 17
17 16
16 14
17 19
19 18
18 16
19 21
21 20
20 18
21 23
22 20
13
4 1 2 3 4
4 5 6 7 -2
4 8 9 10 -6
4 11 12 13 -9
4 14 15 16 -12
4 17 18 19 -15
4 20 21 22 -18
4 23 24 25 -21
4 26 27 28 -24
4 29 30 31 -27
4 32 33 34 -30
4 35 -4 36 -33
12 -3 -7 -10 -13 -16 -19 -22 -25 -28 -31 -34 -36
0
0
-2
*
8
-1314.999634 -260.000000 1405.000732
-994.999634 -260.000000 1405.000732
-994.999634 410.000000 1405.000732
-1314.999634 410.000000 1405.000732
-1314.999634 -260.000000 1550.000732
-1314.999634 410.000000 1550.000732
-994.999634 410.000000 1550.000732
-994.999634 -260.000000 1550.000732
0
12
0 3
3 2
2 1
1 0
4 7
7 6
6 5
5 4
0 4
5 3
6 2
7 1
6
4 1 2 3 4
4 5 6 7 8
4 -1 9 -8 10
4 -2 -10 -7 11
4 -3 -11 -6 12
4 -4 -12 -5 -9
0
0
-2
*
8
-1364.999634 420.000000 1590.000732
-1364.999634 545.000000 1590.000732
-1144.999634 545.000000 1590.000732
-1144.999634 420.000000 1590.000732
-1364.999634 420.000214 1855.000732
-1144.999634 420.000000 1855.000732
-1364.999634 545.000000 1809.504517
-1144.999634 545.000000 1809.504517
0
12
0 1
1 2
2 3
3 0
6 1
0 4
4 6
7 2
6 7
7 5
5 3
5 4
6
4 1 2 3 4
4 5 -1 6 7
4 8 -2 -5 9
4 -3 -8 10 11
4 -4 -11 12 -6
4 -10 -9 -7 -12
0
0
-2
*
10
-1305.700439 410.000000 1430.000732
-1305.700439 420.000000 1430.000732
-1274.999634 420.000000 1430.000732
-1274.999634 410.000000 1430.000732
-1349.999634 410.000000 1785.000732
-1274.999634 410.000000 1785.000732
-1274.999634 420.000000 1785.000732
-1349.999634 420.000000 1785.000732
-1349.999634 420.000000 1525.000610
-1349.999634 410.000000 1525.000610
0
15
0 1
1 2
2 3
3 0
4 5
5 6
6 7
7 4
8 9
9 4
7 8
1 8
6 2
5 3
9 0
7
4 1 2 3 4
4 5 6 7 8
4 9 10 -8 11
5 -2 12 -11 -7 13
4 -3 -13 -6 14
5 15 -4 -14 -5 -10
4 -12 -1 -15 -9
0
0
5
*
12
-1017.499634 260.000000 1550.000732
-1017.499634 260.000000 1605.000732
-1031.249634 236.184296 1550.000732
-1031.249634 236.184296 1605.000732
-1058.749634 236.184296 1550.000732
-1058.749634 236.184296 1605.000732
-1072.499634 260.000000 1550.000732
-1072.499634 260.000000 1605.000732
-1058.749634 283.815704 1550.000732
-1058.749634 283.815704 1605.000732
-1031.249634 283.815704 1550.000732
-1031.249634 283.815704 1605.000732
0
18
0 10
10 11
11 1
1 0
10 8
8 9
9 11
8 6
6 7
7 9
6 4
4 5
5 7
4 2
2 3
3 5
2 0
1 3
6
4 1 2 3 4
4 5 6 7 -2
4 8 9 10 -6
4 11 12 13 -9
4 14 15 16 -12
4 17 -4 18 -15
0
0
-2
*
8
-1080.971680 242.506790 1605.000732
-1009.027588 277.493195 1605.000732
-1140.226685 547.283508 1605.000732
-1212.170776 512.297119 1605.000732
-1080.971680 242.506790 1615.000732
-1212.170776 512.297119 1615.000732
-1140.226685 547.283508 1615.000732
-1009.027588 277.493195 1615.000732
0
12
0 3
3 2
2 1
1 0
4 7
7 6
6 5
5 4
0 4
5 3
6 2
7 1
6
4 1 2 3 4
4 5 6 7 8
4 -1 9 -8 10
4 -2 -10 -7 11
4 -3 -11 -6 12
4 -4 -12 -5 -9
0
0
-2
*
8
-1080.971680 242.506790 1615.000732
-1080.971680 242.506790 1605.000732
-1047.836060 220.100693 1615.000732
-1047.836060 220.100693 1605.000732
-1011.864075 237.593903 1615.000732
-1011.864075 237.593903 1605.000732
-1009.027588 277.493195 1615.000732
-1009.027588 277.493195 1605.000732
0
12
0 6
6 7
7 1
1 0
6 4
4 5
5 7
4 2
2 3
3 5
2 0
1 3
6
4 1 2 3 4
4 5 6 7 -2
4 8 9 10 -6
4 11 -4 12 -9
4 -11 -8 -5 -1
4 -3 -7 -10 -12
0
0
-2
*
31
1214.999878 -770.000000 670.000000
1274.999878 -1000.000000 670.000000
1274.999878 265.000000 2065.000000
1274.999878 265.000000 1835.000000
1274.999878 10.042123 1835.000000
1274.999878 0.000000 1405.000732
1274.999878 -133.556870 1822.436646
1274.999878 -263.055237 1787.737671
1274.999878 -130.112366 1379.119751
1274.999878 -384.561066 1731.078491
1274.999878 -494.381714 1654.181274
1274.999878 -240.416290 1305.416992
1274.999878 -589.180786 1559.382202
1274.999878 -666.078552 1449.560913
1274.999878 -727.351685 1318.160278
1274.999878 -314.119049 1195.113159
1274.999878 -521.101929 670.000000
1274.999878 -770.000000 1203.582520
1274.999878 -770.000000 670.000000
1274.999878 330.000000 670.000000
1274.999878 330.000000 1065.000732
1500.000122 318.300049 1245.000000
1500.000122 330.000000 1065.000000
1500.000122 -521.101929 670.000000
1500.000122 -237.287903 837.450684
1500.000122 46.526245 670.000000
1215.000122 -1000.000000 1245.000000
1500.000122 -1000.000000 1245.000000
1500.000122 -1000.000000 670.000000
1500.000122 330.000000 670.000000
1215.000122 -1000.000000 670.000000
0
47
27 26
26 30
30 28
28 27
24 25
25 29
29 22
22 21
21 24
21 27
28 23
23 24
20 22
29 19
19 20
18 17
17 16
16 18
15 16
17 14
14 15
14 13
13 15
12 11
11 15
13 12
10 11
12 10
9 8
8 11
10 9
7 8
9 7
6 5
5 8
7 6
4 5
6 4
4 3
3 20
20 5
2 20
3 2
1 30
30 0
0 18
18 1
16
4 1 2 3 4
5 5 6 7 8 9
5 10 -4 11 12 -9
4 13 -7 14 15
3 16 17 18
4 19 -17 20 21
3 22 23 -21
4 24 25 -23 26
3 27 -24 28
4 29 30 -27 31
3 32 -29 33
4 34 35 -32 36
3 37 -34 38
4 39 40 41 -37
3 42 -40 43
4 44 45 46 47
0
0
-2
*
20
1274.999878 0.000000 2065.000000
1215.000122 0.000000 2065.000000
1215.000122 -173.648193 2049.807617
1274.999878 -173.648193 2049.807617
1215.000122 -342.020203 2004.692627
1274.999878 -342.020203 2004.692627
1215.000122 -500.000031 1931.025391
1274.999878 -500.000031 1931.025391
1215.000122 -642.787598 1831.044434
1274.999878 -642.787598 1831.044434
1215.000122 -766.044434 1707.787598
1274.999878 -766.044434 1707.787598
1215.000122 -866.025391 1565.000000
1274.999878 -866.025391 1565.000000
1215.000122 -939.692627 1407.020142
1274.999878 -939.692627 1407.020142
1215.000122 -1000.000000 1245.000000
1274.999878 -1000.000000 1245.000000
1215.000122 265.000000 2065.000000
1274.999878 265.000000 2065.000000
0
29
0 1
1 2
2 3
3 0
2 4
4 5
5 3
4 6
6 7
7 5
6 8
8 9
9 7
8 10
10 11
11 9
10 12
12 13
13 11
12 14
14 15
15 13
14 16
16 17
17 15
1 18
18 19
19 0
1 0
10
4 1 2 3 4
4 -3 5 6 7
4 -6 8 9 10
4 -9 11 12 13
4 -12 14 15 16
4 -15 17 18 19
4 -18 20 21 22
4 -21 23 24 25
4 1 26 27 28
4 -27 -26 29 -28
0
0
-2
*
22
1274.999878 10.042123 1835.000000
1214.999878 10.042125 1835.000000
1214.999878 265.000000 1835.000000
1274.999878 265.000000 1835.000000
1274.999878 -727.351685 1318.160278
1274.999878 -770.000000 1203.582520
1214.999878 -770.000000 1203.582520
1214.999878 -727.351685 1318.160278
1274.999878 -770.000000 670.000000
1214.999878 -770.000000 670.000000
1214.999878 -666.078552 1449.560913
1274.999878 -666.078552 1449.560913
1274.999878 -589.180786 1559.382202
1214.999878 -589.180786 1559.382202
1214.999878 -494.381714 1654.181274
1274.999878 -494.381714 1654.181274
1214.999878 -384.561066 1731.078491
1274.999878 -384.561066 1731.078491
1214.999878 -263.055237 1787.737671
1274.999878 -263.055237 1787.737671
1214.999878 -133.556870 1822.436646
1274.999878 -133.556870 1822.436646
0
31
0 1
1 2
2 3
3 0
4 5
5 6
6 7
7 4
8 9
9 6
5 8
7 10
10 11
11 4
12 13
13 14
14 15
15 12
10 13
12 11
14 16
16 17
17 15
16 18
18 19
19 17
18 20
20 21
21 19
20 1
0 21
10
4 1 2 3 4
4 5 6 7 8
4 9 10 -6 11
4 -8 12 13 14
4 15 16 17 18
4 -13 19 -15 20
4 -17 21 22 23
4 -22 24 25 26
4 -25 27 28 29
4 -28 30 -1 31
0
0
-2
*
57
1215.000122 -1000.000000 670.000000
1214.999878 -770.000000 670.000000
1215.000122 -1000.000000 1245.000000
1214.999878 -770.000000 1203.582520
1215.000122 -939.692627 1407.020142
1214.999878 -727.351685 1318.160278
1215.000122 -866.025391 1565.000000
1214.999878 -666.078552 1449.560913
1215.000122 -766.044434 1707.787598
1214.999878 -589.180786 1559.382202
1215.000122 -642.787598 1831.044434
1214.999878 -494.381714 1654.181274
1215.000122 -500.000031 1931.025391
1214.999878 -384.561066 1731.078491
1215.000122 -342.020203 2004.692627
1214.999878 -263.055237 1787.737671
1215.000122 -173.648193 2049.807617
1214.999878 -133.556870 1822.436646
1215.000122 0.000000 2065.000000
1214.999878 10.042125 1835.000000
1274.999878 265.000000 1835.000000
1215.000122 265.000000 2065.000000
1214.999878 265.000000 1835.000000
1500.000122 -237.287903 837.450684
1274.999878 -237.287903 837.450623
1500.000122 -1000.000000 670.000000
1500.000122 -521.101929 670.000000
1274.999878 -521.101929 670.000000
1274.999878 -1000.000000 670.000000
1274.999878 46.526150 670.000000
1500.000122 46.526245 670.000000
1500.000122 330.000000 670.000000
1274.999878 330.000000 670.000000
1500.000122 318.300049 1245.000000
1500.000122 330.000000 1065.000000
1274.999878 330.000000 1065.000000
1500.000122 265.000000 2065.000000
1274.999878 265.000000 2065.000000
1500.000122 0.000000 1245.000000
1500.000122 -1000.000000 1245.000000
1274.999878 -1000.000000 1245.000000
1500.000122 -939.692627 1407.020142
1274.999878 -939.692627 1407.020142
1500.000122 -866.025391 1565.000000
1274.999878 -866.025391 1565.000000
1500.000122 -766.044434 1707.787598
1274.999878 -766.044434 1707.787598
1500.000122 -642.787598 1831.044434
1274.999878 -642.787598 1831.044434
1500.000122 -500.000031 1931.025391
1274.999878 -500.000031 1931.025391
1500.000122 -342.020203 2004.692627
1274.999878 -342.020203 2004.692627
1500.000122 0.000000 2065.000000
1500.000122 -173.648193 2049.807617
1274.999878 -173.648193 2049.807617
1274.999878 0.000000 2065.000000
0
85
56 55
55 54
54 53
53 56
55 52
52 51
51 54
52 50
50 49
49 51
50 48
48 47
47 49
48 46
46 45
45 47
46 44
44 43
43 45
44 42
42 41
41 43
42 40
40 39
39 41
39 38
38 53
56 37
37 36
36 53
35 37
36 34
34 35
33 36
38 33
32 31
31 30
30 29
29 32
28 27
27 26
26 25
25 28
24 23
23 26
27 24
30 23
24 29
56 53
53 36
36 37
22 21
21 37
37 20
20 22
19 18
18 21
22 19
17 16
16 18
19 17
15 14
14 16
17 15
13 12
12 14
15 13
11 10
10 12
13 11
9 8
8 10
11 9
7 6
6 8
9 7
5 4
4 6
7 5
3 2
2 4
5 3
1 0
0 2
3 1
28
4 1 2 3 4
4 5 6 7 -2
4 8 9 10 -6
4 11 12 13 -9
4 14 15 16 -12
4 17 18 19 -15
4 20 21 22 -18
4 -21 23 24 25
10 -3 -7 -10 -13 -16 -19 -22 -25 26 27
4 4 28 29 30
4 31 29 32 33
4 34 30 -27 35
4 36 37 38 39
4 40 41 42 43
4 44 45 -41 46
4 -38 47 -44 48
4 -28 49 50 51
4 52 53 54 55
4 56 57 -52 58
4 59 60 -56 61
4 62 63 -59 64
4 65 66 -62 67
4 68 69 -65 70
4 71 72 -68 73
4 74 75 -71 76
4 77 78 -74 79
4 80 81 -77 82
4 83 84 -80 85
0
0
